29261 root      20   0  985312 118364   8912 S  18,8  0,7   0:00.13 ovs-vswitc+
29331 root      20   0  985308 118368   8912 S  18,8  0,7   0:00.12 ovs-vswitc+
29155 root      10 -10   20924   4968   4212 S   0,0  0,0   0:00.00 ovsdb-serv+
29194 root      10 -10   26456   9860   8912 S   0,0  0,1   0:00.00 ovs-vswitc+
29257 root      20   0   20912   4988   4204 S   0,0  0,0   0:00.00 ovsdb-serv+
29327 root      20   0   20912   4992   4212 S   0,0  0,0   0:00.01 ovsdb-serv+
29407 root      20   0   22564   6088   5340 S   0,0  0,0   0:00.00 tcpdump
29408 root      20   0   22564   6060   5312 S   0,0  0,0   0:00.00 tcpdump
29409 root      20   0   22564   6016   5264 S   0,0  0,0   0:00.00 tcpdump
29410 root      20   0   22564   6000   5252 S   0,0  0,0   0:00.00 tcpdump
29411 root      20   0   22564   6084   5336 S   0,0  0,0   0:00.00 tcpdump
29412 root      20   0   22564   6236   5348 S   0,0  0,0   0:00.00 tcpdump
29413 root      20   0   22564   6200   5316 S   0,0  0,0   0:00.00 tcpdump
29261 root      20   0  985312 118364   8912 S   1,0  0,7   0:00.14 ovs-vswitc+
29331 root      20   0  985308 118368   8912 S   1,0  0,7   0:00.13 ovs-vswitc+
29155 root      10 -10   20924   4968   4212 S   0,0  0,0   0:00.00 ovsdb-serv+
29194 root      10 -10   26456   9860   8912 S   0,0  0,1   0:00.00 ovs-vswitc+
29257 root      20   0   20912   4988   4204 S   0,0  0,0   0:00.00 ovsdb-serv+
29327 root      20   0   20912   4992   4212 S   0,0  0,0   0:00.01 ovsdb-serv+
29407 root      20   0   22564   6088   5340 S   0,0  0,0   0:00.00 tcpdump
29408 root      20   0   22564   6060   5312 S   0,0  0,0   0:00.00 tcpdump
29409 root      20   0   22564   6016   5264 S   0,0  0,0   0:00.00 tcpdump
29410 root      20   0   22564   6000   5252 S   0,0  0,0   0:00.00 tcpdump
29411 root      20   0   22564   6084   5336 S   0,0  0,0   0:00.00 tcpdump
29412 root      20   0   22564   6236   5348 S   0,0  0,0   0:00.00 tcpdump
29413 root      20   0   22564   6200   5316 S   0,0  0,0   0:00.00 tcpdump
29261 root      20   0  985312 118364   8912 S   1,0  0,7   0:00.15 ovs-vswitc+
29331 root      20   0  985308 118368   8912 S   1,0  0,7   0:00.14 ovs-vswitc+
29155 root      10 -10   20924   4968   4212 S   0,0  0,0   0:00.00 ovsdb-serv+
29194 root      10 -10   26456   9860   8912 S   0,0  0,1   0:00.00 ovs-vswitc+
29257 root      20   0   20912   4988   4204 S   0,0  0,0   0:00.00 ovsdb-serv+
29327 root      20   0   20912   4992   4212 S   0,0  0,0   0:00.01 ovsdb-serv+
29407 root      20   0   22564   6088   5340 S   0,0  0,0   0:00.00 tcpdump
29408 root      20   0   22564   6060   5312 S   0,0  0,0   0:00.00 tcpdump
29409 root      20   0   22564   6016   5264 S   0,0  0,0   0:00.00 tcpdump
29410 root      20   0   22564   6000   5252 S   0,0  0,0   0:00.00 tcpdump
29411 root      20   0   22564   6084   5336 S   0,0  0,0   0:00.00 tcpdump
29412 root      20   0   22564   6236   5348 S   0,0  0,0   0:00.00 tcpdump
29413 root      20   0   22564   6200   5316 S   0,0  0,0   0:00.00 tcpdump
29155 root      10 -10   20924   4968   4212 S   0,0  0,0   0:00.00 ovsdb-serv+
29194 root      10 -10   26456   9860   8912 S   0,0  0,1   0:00.00 ovs-vswitc+
29257 root      20   0   20912   4988   4204 S   0,0  0,0   0:00.00 ovsdb-serv+
29261 root      20   0  985312 118364   8912 S   0,0  0,7   0:00.15 ovs-vswitc+
29327 root      20   0   20912   4992   4212 S   0,0  0,0   0:00.01 ovsdb-serv+
29331 root      20   0  985308 118368   8912 S   0,0  0,7   0:00.14 ovs-vswitc+
29407 root      20   0   22564   6088   5340 S   0,0  0,0   0:00.00 tcpdump
29408 root      20   0   22564   6060   5312 S   0,0  0,0   0:00.00 tcpdump
29409 root      20   0   22564   6016   5264 S   0,0  0,0   0:00.00 tcpdump
29410 root      20   0   22564   6000   5252 S   0,0  0,0   0:00.00 tcpdump
29411 root      20   0   22564   6084   5336 S   0,0  0,0   0:00.00 tcpdump
29412 root      20   0   22564   6236   5348 S   0,0  0,0   0:00.00 tcpdump
29413 root      20   0   22564   6200   5316 S   0,0  0,0   0:00.00 tcpdump
29331 root      20   0  985308 118368   8912 S   2,0  0,7   0:00.16 ovs-vswitc+
29261 root      20   0  985312 118364   8912 S   1,0  0,7   0:00.16 ovs-vswitc+
29155 root      10 -10   20924   4968   4212 S   0,0  0,0   0:00.00 ovsdb-serv+
29194 root      10 -10   26456   9860   8912 S   0,0  0,1   0:00.00 ovs-vswitc+
29257 root      20   0   20912   4988   4204 S   0,0  0,0   0:00.00 ovsdb-serv+
29327 root      20   0   20912   4992   4212 S   0,0  0,0   0:00.01 ovsdb-serv+
29407 root      20   0   22564   6088   5340 S   0,0  0,0   0:00.00 tcpdump
29408 root      20   0   22564   6060   5312 S   0,0  0,0   0:00.00 tcpdump
29409 root      20   0   22564   6016   5264 S   0,0  0,0   0:00.00 tcpdump
29410 root      20   0   22564   6000   5252 S   0,0  0,0   0:00.00 tcpdump
29411 root      20   0   22564   6084   5336 S   0,0  0,0   0:00.00 tcpdump
29412 root      20   0   22564   6236   5348 S   0,0  0,0   0:00.00 tcpdump
29413 root      20   0   22564   6200   5316 S   0,0  0,0   0:00.00 tcpdump
29261 root      20   0  985312 118364   8912 S   1,0  0,7   0:00.17 ovs-vswitc+
29331 root      20   0  985308 118368   8912 S   1,0  0,7   0:00.17 ovs-vswitc+
29155 root      10 -10   20924   4968   4212 S   0,0  0,0   0:00.00 ovsdb-serv+
29194 root      10 -10   26456   9860   8912 S   0,0  0,1   0:00.00 ovs-vswitc+
29257 root      20   0   20912   4988   4204 S   0,0  0,0   0:00.00 ovsdb-serv+
29327 root      20   0   20912   4992   4212 S   0,0  0,0   0:00.01 ovsdb-serv+
29407 root      20   0   22564   6088   5340 S   0,0  0,0   0:00.00 tcpdump
29408 root      20   0   22564   6060   5312 S   0,0  0,0   0:00.00 tcpdump
29409 root      20   0   22564   6016   5264 S   0,0  0,0   0:00.00 tcpdump
29410 root      20   0   22564   6000   5252 S   0,0  0,0   0:00.00 tcpdump
29411 root      20   0   22564   6084   5336 S   0,0  0,0   0:00.00 tcpdump
29412 root      20   0   22564   6236   5348 S   0,0  0,0   0:00.00 tcpdump
29413 root      20   0   22564   6200   5316 S   0,0  0,0   0:00.00 tcpdump
29331 root      20   0  985308 118368   8912 S   2,0  0,7   0:00.19 ovs-vswitc+
29261 root      20   0  985312 118364   8912 S   1,0  0,7   0:00.18 ovs-vswitc+
29155 root      10 -10   20924   4968   4212 S   0,0  0,0   0:00.00 ovsdb-serv+
29194 root      10 -10   26456   9860   8912 S   0,0  0,1   0:00.00 ovs-vswitc+
29257 root      20   0   20912   4988   4204 S   0,0  0,0   0:00.00 ovsdb-serv+
29327 root      20   0   20912   4992   4212 S   0,0  0,0   0:00.01 ovsdb-serv+
29407 root      20   0   22564   6088   5340 S   0,0  0,0   0:00.00 tcpdump
29408 root      20   0   22564   6060   5312 S   0,0  0,0   0:00.00 tcpdump
29409 root      20   0   22564   6016   5264 S   0,0  0,0   0:00.00 tcpdump
29410 root      20   0   22564   6000   5252 S   0,0  0,0   0:00.00 tcpdump
29411 root      20   0   22564   6084   5336 S   0,0  0,0   0:00.00 tcpdump
29412 root      20   0   22564   6236   5348 S   0,0  0,0   0:00.00 tcpdump
29413 root      20   0   22564   6200   5316 S   0,0  0,0   0:00.00 tcpdump
29155 root      10 -10   20924   4968   4212 S   0,0  0,0   0:00.00 ovsdb-serv+
29194 root      10 -10   26456   9860   8912 S   0,0  0,1   0:00.00 ovs-vswitc+
29257 root      20   0   20912   4988   4204 S   0,0  0,0   0:00.00 ovsdb-serv+
29261 root      20   0  985312 118364   8912 S   0,0  0,7   0:00.18 ovs-vswitc+
29327 root      20   0   20912   4992   4212 S   0,0  0,0   0:00.01 ovsdb-serv+
29331 root      20   0  985308 118368   8912 S   0,0  0,7   0:00.19 ovs-vswitc+
29407 root      20   0   22564   6088   5340 S   0,0  0,0   0:00.00 tcpdump
29408 root      20   0   22564   6060   5312 S   0,0  0,0   0:00.00 tcpdump
29409 root      20   0   22564   6016   5264 S   0,0  0,0   0:00.00 tcpdump
29410 root      20   0   22564   6000   5252 S   0,0  0,0   0:00.00 tcpdump
29411 root      20   0   22564   6084   5336 S   0,0  0,0   0:00.00 tcpdump
29412 root      20   0   22564   6236   5348 S   0,0  0,0   0:00.00 tcpdump
29413 root      20   0   22564   6200   5316 S   0,0  0,0   0:00.00 tcpdump
29331 root      20   0  985420 118552   8912 S   2,9  0,7   0:00.22 ovs-vswitc+
29261 root      20   0  985312 118364   8912 S   1,0  0,7   0:00.19 ovs-vswitc+
29155 root      10 -10   20924   4968   4212 S   0,0  0,0   0:00.00 ovsdb-serv+
29194 root      10 -10   26456   9860   8912 S   0,0  0,1   0:00.00 ovs-vswitc+
29257 root      20   0   20912   4988   4204 S   0,0  0,0   0:00.00 ovsdb-serv+
29327 root      20   0   20912   4992   4212 S   0,0  0,0   0:00.01 ovsdb-serv+
29407 root      20   0   22564   6088   5340 S   0,0  0,0   0:00.00 tcpdump
29408 root      20   0   22564   6060   5312 S   0,0  0,0   0:00.00 tcpdump
29409 root      20   0   22564   6016   5264 S   0,0  0,0   0:00.00 tcpdump
29410 root      20   0   22564   6000   5252 S   0,0  0,0   0:00.00 tcpdump
29411 root      20   0   22564   6084   5336 S   0,0  0,0   0:00.00 tcpdump
29412 root      20   0   22564   6236   5348 S   0,0  0,0   0:00.00 tcpdump
29413 root      20   0   22564   6200   5316 S   0,0  0,0   0:00.00 tcpdump
29261 root      20   0  985312 118364   8912 S   1,0  0,7   0:00.20 ovs-vswitc+
29155 root      10 -10   20924   4968   4212 S   0,0  0,0   0:00.00 ovsdb-serv+
29194 root      10 -10   26456   9860   8912 S   0,0  0,1   0:00.00 ovs-vswitc+
29257 root      20   0   20912   4988   4204 S   0,0  0,0   0:00.00 ovsdb-serv+
29327 root      20   0   20912   4992   4212 S   0,0  0,0   0:00.01 ovsdb-serv+
29331 root      20   0  985420 118552   8912 S   0,0  0,7   0:00.22 ovs-vswitc+
29407 root      20   0   22564   6088   5340 S   0,0  0,0   0:00.00 tcpdump
29408 root      20   0   22564   6060   5312 S   0,0  0,0   0:00.00 tcpdump
29409 root      20   0   22564   6016   5264 S   0,0  0,0   0:00.00 tcpdump
29410 root      20   0   22564   6000   5252 S   0,0  0,0   0:00.00 tcpdump
29411 root      20   0   22564   6084   5336 S   0,0  0,0   0:00.00 tcpdump
29412 root      20   0   22564   6236   5348 S   0,0  0,0   0:00.00 tcpdump
29413 root      20   0   22564   6200   5316 S   0,0  0,0   0:00.00 tcpdump
29331 root      20   0  985420 118552   8912 S   2,0  0,7   0:00.24 ovs-vswitc+
29257 root      20   0   20912   4988   4204 S   1,0  0,0   0:00.01 ovsdb-serv+
29261 root      20   0  985312 118364   8912 S   1,0  0,7   0:00.21 ovs-vswitc+
29155 root      10 -10   20924   4968   4212 S   0,0  0,0   0:00.00 ovsdb-serv+
29194 root      10 -10   26456   9860   8912 S   0,0  0,1   0:00.00 ovs-vswitc+
29327 root      20   0   20912   4992   4212 S   0,0  0,0   0:00.01 ovsdb-serv+
29407 root      20   0   22564   6088   5340 S   0,0  0,0   0:00.00 tcpdump
29408 root      20   0   22564   6060   5312 S   0,0  0,0   0:00.00 tcpdump
29409 root      20   0   22564   6016   5264 S   0,0  0,0   0:00.00 tcpdump
29410 root      20   0   22564   6000   5252 S   0,0  0,0   0:00.00 tcpdump
29411 root      20   0   22564   6084   5336 S   0,0  0,0   0:00.00 tcpdump
29412 root      20   0   22564   6236   5348 S   0,0  0,0   0:00.00 tcpdump
29413 root      20   0   22564   6200   5316 S   0,0  0,0   0:00.00 tcpdump
29261 root      20   0  985312 118364   8912 S   2,0  0,7   0:00.23 ovs-vswitc+
29331 root      20   0  985420 118552   8912 S   1,0  0,7   0:00.25 ovs-vswitc+
29155 root      10 -10   20924   4968   4212 S   0,0  0,0   0:00.00 ovsdb-serv+
29194 root      10 -10   26456   9860   8912 S   0,0  0,1   0:00.00 ovs-vswitc+
29257 root      20   0   20912   4988   4204 S   0,0  0,0   0:00.01 ovsdb-serv+
29327 root      20   0   20912   4992   4212 S   0,0  0,0   0:00.01 ovsdb-serv+
29407 root      20   0   22564   6088   5340 S   0,0  0,0   0:00.00 tcpdump
29408 root      20   0   22564   6060   5312 S   0,0  0,0   0:00.00 tcpdump
29409 root      20   0   22564   6016   5264 S   0,0  0,0   0:00.00 tcpdump
29410 root      20   0   22564   6000   5252 S   0,0  0,0   0:00.00 tcpdump
29411 root      20   0   22564   6084   5336 S   0,0  0,0   0:00.00 tcpdump
29412 root      20   0   22564   6236   5348 S   0,0  0,0   0:00.00 tcpdump
29413 root      20   0   22564   6200   5316 S   0,0  0,0   0:00.00 tcpdump
29261 root      20   0  985312 118364   8912 S   1,0  0,7   0:00.24 ovs-vswitc+
29155 root      10 -10   20924   4968   4212 S   0,0  0,0   0:00.00 ovsdb-serv+
29194 root      10 -10   26456   9860   8912 S   0,0  0,1   0:00.00 ovs-vswitc+
29257 root      20   0   20912   4988   4204 S   0,0  0,0   0:00.01 ovsdb-serv+
29327 root      20   0   20912   4992   4212 S   0,0  0,0   0:00.01 ovsdb-serv+
29331 root      20   0  985420 118552   8912 S   0,0  0,7   0:00.25 ovs-vswitc+
29407 root      20   0   22564   6088   5340 S   0,0  0,0   0:00.00 tcpdump
29408 root      20   0   22564   6060   5312 S   0,0  0,0   0:00.00 tcpdump
29409 root      20   0   22564   6016   5264 S   0,0  0,0   0:00.00 tcpdump
29410 root      20   0   22564   6000   5252 S   0,0  0,0   0:00.00 tcpdump
29411 root      20   0   22564   6084   5336 S   0,0  0,0   0:00.00 tcpdump
29412 root      20   0   22564   6236   5348 S   0,0  0,0   0:00.00 tcpdump
29413 root      20   0   22564   6200   5316 S   0,0  0,0   0:00.00 tcpdump
29331 root      20   0  985420 118552   8912 S   3,0  0,7   0:00.28 ovs-vswitc+
29261 root      20   0  985312 118364   8912 S   1,0  0,7   0:00.25 ovs-vswitc+
29155 root      10 -10   20924   4968   4212 S   0,0  0,0   0:00.00 ovsdb-serv+
29194 root      10 -10   26456   9860   8912 S   0,0  0,1   0:00.00 ovs-vswitc+
29257 root      20   0   20912   4988   4204 S   0,0  0,0   0:00.01 ovsdb-serv+
29327 root      20   0   20912   4992   4212 S   0,0  0,0   0:00.01 ovsdb-serv+
29407 root      20   0   22564   6088   5340 S   0,0  0,0   0:00.00 tcpdump
29408 root      20   0   22564   6060   5312 S   0,0  0,0   0:00.00 tcpdump
29409 root      20   0   22564   6016   5264 S   0,0  0,0   0:00.00 tcpdump
29410 root      20   0   22564   6000   5252 S   0,0  0,0   0:00.00 tcpdump
29411 root      20   0   22564   6084   5336 S   0,0  0,0   0:00.00 tcpdump
29412 root      20   0   22564   6236   5348 S   0,0  0,0   0:00.00 tcpdump
29413 root      20   0   22564   6200   5316 S   0,0  0,0   0:00.00 tcpdump
29261 root      20   0  985312 118364   8912 S   1,0  0,7   0:00.26 ovs-vswitc+
29331 root      20   0  985420 118552   8912 S   1,0  0,7   0:00.29 ovs-vswitc+
29155 root      10 -10   20924   4968   4212 S   0,0  0,0   0:00.00 ovsdb-serv+
29194 root      10 -10   26456   9860   8912 S   0,0  0,1   0:00.00 ovs-vswitc+
29257 root      20   0   20912   4988   4204 S   0,0  0,0   0:00.01 ovsdb-serv+
29327 root      20   0   20912   4992   4212 S   0,0  0,0   0:00.01 ovsdb-serv+
29407 root      20   0   22564   6088   5340 S   0,0  0,0   0:00.00 tcpdump
29408 root      20   0   22564   6060   5312 S   0,0  0,0   0:00.00 tcpdump
29409 root      20   0   22564   6016   5264 S   0,0  0,0   0:00.00 tcpdump
29410 root      20   0   22564   6000   5252 S   0,0  0,0   0:00.00 tcpdump
29411 root      20   0   22564   6084   5336 S   0,0  0,0   0:00.00 tcpdump
29412 root      20   0   22564   6236   5348 S   0,0  0,0   0:00.00 tcpdump
29413 root      20   0   22564   6200   5316 S   0,0  0,0   0:00.00 tcpdump
29261 root      20   0  985312 118364   8912 S   1,0  0,7   0:00.27 ovs-vswitc+
29155 root      10 -10   20924   4968   4212 S   0,0  0,0   0:00.00 ovsdb-serv+
29194 root      10 -10   26456   9860   8912 S   0,0  0,1   0:00.00 ovs-vswitc+
29257 root      20   0   20912   4988   4204 S   0,0  0,0   0:00.01 ovsdb-serv+
29327 root      20   0   20912   4992   4212 S   0,0  0,0   0:00.01 ovsdb-serv+
29331 root      20   0  985420 118552   8912 S   0,0  0,7   0:00.29 ovs-vswitc+
29407 root      20   0   22564   6088   5340 S   0,0  0,0   0:00.00 tcpdump
29408 root      20   0   22564   6060   5312 S   0,0  0,0   0:00.00 tcpdump
29409 root      20   0   22564   6016   5264 S   0,0  0,0   0:00.00 tcpdump
29410 root      20   0   22564   6000   5252 S   0,0  0,0   0:00.00 tcpdump
29411 root      20   0   22564   6084   5336 S   0,0  0,0   0:00.00 tcpdump
29412 root      20   0   22564   6236   5348 S   0,0  0,0   0:00.00 tcpdump
29413 root      20   0   22564   6200   5316 S   0,0  0,0   0:00.00 tcpdump
29331 root      20   0  985420 118552   8912 S   2,0  0,7   0:00.31 ovs-vswitc+
29261 root      20   0  985312 118364   8912 S   1,0  0,7   0:00.28 ovs-vswitc+
29155 root      10 -10   20924   4968   4212 S   0,0  0,0   0:00.00 ovsdb-serv+
29194 root      10 -10   26456   9860   8912 S   0,0  0,1   0:00.00 ovs-vswitc+
29257 root      20   0   20912   4988   4204 S   0,0  0,0   0:00.01 ovsdb-serv+
29327 root      20   0   20912   4992   4212 S   0,0  0,0   0:00.01 ovsdb-serv+
29407 root      20   0   22564   6088   5340 S   0,0  0,0   0:00.00 tcpdump
29408 root      20   0   22564   6060   5312 S   0,0  0,0   0:00.00 tcpdump
29409 root      20   0   22564   6016   5264 S   0,0  0,0   0:00.00 tcpdump
29410 root      20   0   22564   6000   5252 S   0,0  0,0   0:00.00 tcpdump
29411 root      20   0   22564   6084   5336 S   0,0  0,0   0:00.00 tcpdump
29412 root      20   0   22564   6236   5348 S   0,0  0,0   0:00.00 tcpdump
29413 root      20   0   22564   6200   5316 S   0,0  0,0   0:00.00 tcpdump
29261 root      20   0  985312 118364   8912 S   1,0  0,7   0:00.29 ovs-vswitc+
29331 root      20   0  985420 118552   8912 S   1,0  0,7   0:00.32 ovs-vswitc+
29155 root      10 -10   20924   4968   4212 S   0,0  0,0   0:00.00 ovsdb-serv+
29194 root      10 -10   26456   9860   8912 S   0,0  0,1   0:00.00 ovs-vswitc+
29257 root      20   0   20912   4988   4204 S   0,0  0,0   0:00.01 ovsdb-serv+
29327 root      20   0   20912   4992   4212 S   0,0  0,0   0:00.01 ovsdb-serv+
29407 root      20   0   22564   6088   5340 S   0,0  0,0   0:00.00 tcpdump
29408 root      20   0   22564   6060   5312 S   0,0  0,0   0:00.00 tcpdump
29409 root      20   0   22564   6016   5264 S   0,0  0,0   0:00.00 tcpdump
29410 root      20   0   22564   6000   5252 S   0,0  0,0   0:00.00 tcpdump
29411 root      20   0   22564   6084   5336 S   0,0  0,0   0:00.00 tcpdump
29412 root      20   0   22564   6236   5348 S   0,0  0,0   0:00.00 tcpdump
29413 root      20   0   22564   6200   5316 S   0,0  0,0   0:00.00 tcpdump
29331 root      20   0  985420 118552   8912 S   1,0  0,7   0:00.33 ovs-vswitc+
29155 root      10 -10   20924   4968   4212 S   0,0  0,0   0:00.00 ovsdb-serv+
29194 root      10 -10   26456   9860   8912 S   0,0  0,1   0:00.00 ovs-vswitc+
29257 root      20   0   20912   4988   4204 S   0,0  0,0   0:00.01 ovsdb-serv+
29261 root      20   0  985312 118364   8912 S   0,0  0,7   0:00.29 ovs-vswitc+
29327 root      20   0   20912   4992   4212 S   0,0  0,0   0:00.01 ovsdb-serv+
29407 root      20   0   22564   6088   5340 S   0,0  0,0   0:00.00 tcpdump
29408 root      20   0   22564   6060   5312 S   0,0  0,0   0:00.00 tcpdump
29409 root      20   0   22564   6016   5264 S   0,0  0,0   0:00.00 tcpdump
29410 root      20   0   22564   6000   5252 S   0,0  0,0   0:00.00 tcpdump
29411 root      20   0   22564   6084   5336 S   0,0  0,0   0:00.00 tcpdump
29412 root      20   0   22564   6236   5348 S   0,0  0,0   0:00.00 tcpdump
29413 root      20   0   22564   6200   5316 S   0,0  0,0   0:00.00 tcpdump
29261 root      20   0  985424 118552   8912 S   3,0  0,7   0:00.32 ovs-vswitc+
29155 root      10 -10   20924   4968   4212 S   1,0  0,0   0:00.01 ovsdb-serv+
29331 root      20   0  985420 118552   8912 S   1,0  0,7   0:00.34 ovs-vswitc+
29194 root      10 -10   26456   9860   8912 S   0,0  0,1   0:00.00 ovs-vswitc+
29257 root      20   0   20912   4988   4204 S   0,0  0,0   0:00.01 ovsdb-serv+
29327 root      20   0   20912   4992   4212 S   0,0  0,0   0:00.01 ovsdb-serv+
29407 root      20   0   22564   6088   5340 S   0,0  0,0   0:00.00 tcpdump
29408 root      20   0   22564   6060   5312 S   0,0  0,0   0:00.00 tcpdump
29409 root      20   0   22564   6016   5264 S   0,0  0,0   0:00.00 tcpdump
29410 root      20   0   22564   6000   5252 S   0,0  0,0   0:00.00 tcpdump
29411 root      20   0   22564   6084   5336 S   0,0  0,0   0:00.00 tcpdump
29412 root      20   0   22564   6236   5348 S   0,0  0,0   0:00.00 tcpdump
29413 root      20   0   22564   6200   5316 S   0,0  0,0   0:00.00 tcpdump
29331 root      20   0  985420 118552   8912 S   2,0  0,7   0:00.36 ovs-vswitc+
29155 root      10 -10   20924   4968   4212 S   0,0  0,0   0:00.01 ovsdb-serv+
29194 root      10 -10   26456   9860   8912 S   0,0  0,1   0:00.00 ovs-vswitc+
29257 root      20   0   20912   4988   4204 S   0,0  0,0   0:00.01 ovsdb-serv+
29261 root      20   0  985424 118552   8912 S   0,0  0,7   0:00.32 ovs-vswitc+
29327 root      20   0   20912   4992   4212 S   0,0  0,0   0:00.01 ovsdb-serv+
29407 root      20   0   22564   6088   5340 S   0,0  0,0   0:00.00 tcpdump
29408 root      20   0   22564   6060   5312 S   0,0  0,0   0:00.00 tcpdump
29409 root      20   0   22564   6016   5264 S   0,0  0,0   0:00.00 tcpdump
29410 root      20   0   22564   6000   5252 S   0,0  0,0   0:00.00 tcpdump
29411 root      20   0   22564   6084   5336 S   0,0  0,0   0:00.00 tcpdump
29412 root      20   0   22564   6236   5348 S   0,0  0,0   0:00.00 tcpdump
29413 root      20   0   22564   6200   5316 S   0,0  0,0   0:00.00 tcpdump
29261 root      20   0  985424 118552   8912 S   2,0  0,7   0:00.34 ovs-vswitc+
29155 root      10 -10   20924   4968   4212 S   0,0  0,0   0:00.01 ovsdb-serv+
29194 root      10 -10   26456   9860   8912 S   0,0  0,1   0:00.00 ovs-vswitc+
29257 root      20   0   20912   4988   4204 S   0,0  0,0   0:00.01 ovsdb-serv+
29327 root      20   0   20912   4992   4212 S   0,0  0,0   0:00.01 ovsdb-serv+
29331 root      20   0  985420 118552   8912 S   0,0  0,7   0:00.36 ovs-vswitc+
29407 root      20   0   22564   6088   5340 S   0,0  0,0   0:00.00 tcpdump
29408 root      20   0   22564   6060   5312 S   0,0  0,0   0:00.00 tcpdump
29409 root      20   0   22564   6016   5264 S   0,0  0,0   0:00.00 tcpdump
29410 root      20   0   22564   6000   5252 S   0,0  0,0   0:00.00 tcpdump
29411 root      20   0   22564   6084   5336 S   0,0  0,0   0:00.00 tcpdump
29412 root      20   0   22564   6236   5348 S   0,0  0,0   0:00.00 tcpdump
29413 root      20   0   22564   6200   5316 S   0,0  0,0   0:00.00 tcpdump
29261 root      20   0  985424 118552   8912 S   1,0  0,7   0:00.35 ovs-vswitc+
29331 root      20   0  985420 118552   8912 S   1,0  0,7   0:00.37 ovs-vswitc+
29155 root      10 -10   20924   4968   4212 S   0,0  0,0   0:00.01 ovsdb-serv+
29194 root      10 -10   26456   9860   8912 S   0,0  0,1   0:00.00 ovs-vswitc+
29257 root      20   0   20912   4988   4204 S   0,0  0,0   0:00.01 ovsdb-serv+
29327 root      20   0   20912   4992   4212 S   0,0  0,0   0:00.01 ovsdb-serv+
29407 root      20   0   22564   6088   5340 S   0,0  0,0   0:00.00 tcpdump
29408 root      20   0   22564   6060   5312 S   0,0  0,0   0:00.00 tcpdump
29409 root      20   0   22564   6016   5264 S   0,0  0,0   0:00.00 tcpdump
29410 root      20   0   22564   6000   5252 S   0,0  0,0   0:00.00 tcpdump
29411 root      20   0   22564   6084   5336 S   0,0  0,0   0:00.00 tcpdump
29412 root      20   0   22564   6236   5348 S   0,0  0,0   0:00.00 tcpdump
29413 root      20   0   22564   6200   5316 S   0,0  0,0   0:00.00 tcpdump
29331 root      20   0  985420 119076   8912 S   7,9  0,7   0:00.45 ovs-vswitc+
29261 root      20   0  985424 119076   8912 R   6,9  0,7   0:00.42 ovs-vswitc+
29155 root      10 -10   20924   4968   4212 S   0,0  0,0   0:00.01 ovsdb-serv+
29194 root      10 -10   26456   9860   8912 S   0,0  0,1   0:00.00 ovs-vswitc+
29257 root      20   0   20912   4988   4204 S   0,0  0,0   0:00.01 ovsdb-serv+
29327 root      20   0   20912   4992   4212 S   0,0  0,0   0:00.01 ovsdb-serv+
29407 root      20   0   22564   6088   5340 S   0,0  0,0   0:00.00 tcpdump
29408 root      20   0   22564   6060   5312 S   0,0  0,0   0:00.00 tcpdump
29409 root      20   0   22564   6016   5264 S   0,0  0,0   0:00.00 tcpdump
29410 root      20   0   22564   6000   5252 S   0,0  0,0   0:00.00 tcpdump
29411 root      20   0   22564   6084   5336 S   0,0  0,0   0:00.00 tcpdump
29412 root      20   0   22564   6236   5348 S   0,0  0,0   0:00.00 tcpdump
29413 root      20   0   22564   6200   5316 S   0,0  0,0   0:00.00 tcpdump
29261 root      20   0  985424 129104   8912 S  70,6  0,8   0:01.14 ovs-vswitc+
29331 root      20   0  985420 129104   8912 S  67,6  0,8   0:01.14 ovs-vswitc+
29155 root      10 -10   20924   4968   4212 S   0,0  0,0   0:00.01 ovsdb-serv+
29194 root      10 -10   26456   9860   8912 S   0,0  0,1   0:00.00 ovs-vswitc+
29257 root      20   0   20912   4988   4204 S   0,0  0,0   0:00.01 ovsdb-serv+
29327 root      20   0   20912   4992   4212 S   0,0  0,0   0:00.01 ovsdb-serv+
29407 root      20   0   22564   6088   5340 S   0,0  0,0   0:00.00 tcpdump
29408 root      20   0   22564   6060   5312 S   0,0  0,0   0:00.00 tcpdump
29409 root      20   0   22564   6016   5264 S   0,0  0,0   0:00.00 tcpdump
29410 root      20   0   22564   6000   5252 S   0,0  0,0   0:00.00 tcpdump
29411 root      20   0   22564   6084   5336 S   0,0  0,0   0:00.00 tcpdump
29412 root      20   0   22564   6236   5348 S   0,0  0,0   0:00.00 tcpdump
29413 root      20   0   22564   6200   5316 S   0,0  0,0   0:00.00 tcpdump
29261 root      20   0  985424 139136   8912 S  70,3  0,9   0:01.85 ovs-vswitc+
29331 root      20   0  985420 139136   8912 R  66,3  0,9   0:01.81 ovs-vswitc+
29155 root      10 -10   20924   4968   4212 S   0,0  0,0   0:00.01 ovsdb-serv+
29194 root      10 -10   26456   9860   8912 S   0,0  0,1   0:00.00 ovs-vswitc+
29257 root      20   0   20912   4988   4204 S   0,0  0,0   0:00.01 ovsdb-serv+
29327 root      20   0   20912   4992   4212 S   0,0  0,0   0:00.01 ovsdb-serv+
29407 root      20   0   22564   6088   5340 S   0,0  0,0   0:00.00 tcpdump
29408 root      20   0   22564   6060   5312 S   0,0  0,0   0:00.00 tcpdump
29409 root      20   0   22564   6016   5264 S   0,0  0,0   0:00.00 tcpdump
29410 root      20   0   22564   6000   5252 S   0,0  0,0   0:00.00 tcpdump
29411 root      20   0   22564   6084   5336 S   0,0  0,0   0:00.00 tcpdump
29412 root      20   0   22564   6236   5348 S   0,0  0,0   0:00.00 tcpdump
29413 root      20   0   22564   6200   5316 S   0,0  0,0   0:00.00 tcpdump
29261 root      20   0  985424 140192   8912 R  68,3  0,9   0:02.54 ovs-vswitc+
29331 root      20   0  985420 140456   8912 R  65,3  0,9   0:02.47 ovs-vswitc+
29411 root      20   0   22564   6084   5336 S   1,0  0,0   0:00.01 tcpdump
29155 root      10 -10   20924   4968   4212 S   0,0  0,0   0:00.01 ovsdb-serv+
29194 root      10 -10   26456   9860   8912 S   0,0  0,1   0:00.00 ovs-vswitc+
29257 root      20   0   20912   4988   4204 S   0,0  0,0   0:00.01 ovsdb-serv+
29327 root      20   0   20912   4992   4212 S   0,0  0,0   0:00.01 ovsdb-serv+
29407 root      20   0   22564   6088   5340 S   0,0  0,0   0:00.00 tcpdump
29408 root      20   0   22564   6060   5312 S   0,0  0,0   0:00.00 tcpdump
29409 root      20   0   22564   6016   5264 S   0,0  0,0   0:00.00 tcpdump
29410 root      20   0   22564   6000   5252 S   0,0  0,0   0:00.00 tcpdump
29412 root      20   0   22564   6236   5348 S   0,0  0,0   0:00.00 tcpdump
29413 root      20   0   22564   6200   5316 S   0,0  0,0   0:00.00 tcpdump
29261 root      20   0  985424 140192   8912 S  18,8  0,9   0:02.73 ovs-vswitc+
29331 root      20   0  985420 140456   8912 S  17,8  0,9   0:02.65 ovs-vswitc+
29155 root      10 -10   20924   4968   4212 S   0,0  0,0   0:00.01 ovsdb-serv+
29194 root      10 -10   26456   9860   8912 S   0,0  0,1   0:00.00 ovs-vswitc+
29257 root      20   0   20912   4988   4204 S   0,0  0,0   0:00.01 ovsdb-serv+
29327 root      20   0   20912   4992   4212 S   0,0  0,0   0:00.01 ovsdb-serv+
29407 root      20   0   22564   6088   5340 S   0,0  0,0   0:00.00 tcpdump
29408 root      20   0   22564   6060   5312 S   0,0  0,0   0:00.00 tcpdump
29409 root      20   0   22564   6016   5264 S   0,0  0,0   0:00.00 tcpdump
29410 root      20   0   22564   6000   5252 S   0,0  0,0   0:00.00 tcpdump
29411 root      20   0   22564   6084   5336 S   0,0  0,0   0:00.01 tcpdump
29412 root      20   0   22564   6236   5348 S   0,0  0,0   0:00.00 tcpdump
29413 root      20   0   22564   6200   5316 S   0,0  0,0   0:00.00 tcpdump
29331 root      20   0  985420 140456   8912 S   3,0  0,9   0:02.68 ovs-vswitc+
29261 root      20   0  985424 140192   8912 S   2,0  0,9   0:02.75 ovs-vswitc+
29155 root      10 -10   20924   4968   4212 S   0,0  0,0   0:00.01 ovsdb-serv+
29194 root      10 -10   26456   9860   8912 S   0,0  0,1   0:00.00 ovs-vswitc+
29257 root      20   0   20912   4988   4204 S   0,0  0,0   0:00.01 ovsdb-serv+
29327 root      20   0   20912   4992   4212 S   0,0  0,0   0:00.01 ovsdb-serv+
29407 root      20   0   22564   6088   5340 S   0,0  0,0   0:00.00 tcpdump
29408 root      20   0   22564   6060   5312 S   0,0  0,0   0:00.00 tcpdump
29409 root      20   0   22564   6016   5264 S   0,0  0,0   0:00.00 tcpdump
29410 root      20   0   22564   6000   5252 S   0,0  0,0   0:00.00 tcpdump
29411 root      20   0   22564   6084   5336 S   0,0  0,0   0:00.01 tcpdump
29412 root      20   0   22564   6236   5348 S   0,0  0,0   0:00.00 tcpdump
29413 root      20   0   22564   6200   5316 S   0,0  0,0   0:00.00 tcpdump
29261 root      20   0  985424 140192   8912 S   4,0  0,9   0:02.79 ovs-vswitc+
29331 root      20   0  985420 140456   8912 S   4,0  0,9   0:02.72 ovs-vswitc+
29155 root      10 -10   20924   4968   4212 S   0,0  0,0   0:00.01 ovsdb-serv+
29194 root      10 -10   26456   9860   8912 S   0,0  0,1   0:00.00 ovs-vswitc+
29257 root      20   0   20912   4988   4204 S   0,0  0,0   0:00.01 ovsdb-serv+
29327 root      20   0   20912   4992   4212 S   0,0  0,0   0:00.01 ovsdb-serv+
29407 root      20   0   22564   6088   5340 S   0,0  0,0   0:00.00 tcpdump
29408 root      20   0   22564   6060   5312 S   0,0  0,0   0:00.00 tcpdump
29409 root      20   0   22564   6016   5264 S   0,0  0,0   0:00.00 tcpdump
29410 root      20   0   22564   6000   5252 S   0,0  0,0   0:00.00 tcpdump
29411 root      20   0   22564   6084   5336 S   0,0  0,0   0:00.01 tcpdump
29412 root      20   0   22564   6236   5348 S   0,0  0,0   0:00.00 tcpdump
29413 root      20   0   22564   6200   5316 S   0,0  0,0   0:00.00 tcpdump
29261 root      20   0  985424 140192   8912 S   5,0  0,9   0:02.84 ovs-vswitc+
29331 root      20   0  985420 140456   8912 S   3,0  0,9   0:02.75 ovs-vswitc+
29155 root      10 -10   20924   4968   4212 S   0,0  0,0   0:00.01 ovsdb-serv+
29194 root      10 -10   26456   9860   8912 S   0,0  0,1   0:00.00 ovs-vswitc+
29257 root      20   0   20912   4988   4204 S   0,0  0,0   0:00.01 ovsdb-serv+
29327 root      20   0   20912   4992   4212 S   0,0  0,0   0:00.01 ovsdb-serv+
29407 root      20   0   22564   6088   5340 S   0,0  0,0   0:00.00 tcpdump
29408 root      20   0   22564   6060   5312 S   0,0  0,0   0:00.00 tcpdump
29409 root      20   0   22564   6016   5264 S   0,0  0,0   0:00.00 tcpdump
29410 root      20   0   22564   6000   5252 S   0,0  0,0   0:00.00 tcpdump
29411 root      20   0   22564   6084   5336 S   0,0  0,0   0:00.01 tcpdump
29412 root      20   0   22564   6236   5348 S   0,0  0,0   0:00.00 tcpdump
29413 root      20   0   22564   6200   5316 S   0,0  0,0   0:00.00 tcpdump
29331 root      20   0  985420 140456   8912 S   4,9  0,9   0:02.80 ovs-vswitc+
29261 root      20   0  985424 140192   8912 S   3,9  0,9   0:02.88 ovs-vswitc+
29155 root      10 -10   20924   4968   4212 S   0,0  0,0   0:00.01 ovsdb-serv+
29194 root      10 -10   26456   9860   8912 S   0,0  0,1   0:00.00 ovs-vswitc+
29257 root      20   0   20912   4988   4204 S   0,0  0,0   0:00.01 ovsdb-serv+
29327 root      20   0   20912   4992   4212 S   0,0  0,0   0:00.01 ovsdb-serv+
29407 root      20   0   22564   6088   5340 S   0,0  0,0   0:00.00 tcpdump
29408 root      20   0   22564   6060   5312 S   0,0  0,0   0:00.00 tcpdump
29409 root      20   0   22564   6016   5264 S   0,0  0,0   0:00.00 tcpdump
29410 root      20   0   22564   6000   5252 S   0,0  0,0   0:00.00 tcpdump
29411 root      20   0   22564   6084   5336 S   0,0  0,0   0:00.01 tcpdump
29412 root      20   0   22564   6236   5348 S   0,0  0,0   0:00.00 tcpdump
29413 root      20   0   22564   6200   5316 S   0,0  0,0   0:00.00 tcpdump
29261 root      20   0  985424 140192   8912 S   4,0  0,9   0:02.92 ovs-vswitc+
29331 root      20   0  985420 140456   8912 S   4,0  0,9   0:02.84 ovs-vswitc+
29155 root      10 -10   20924   4968   4212 S   0,0  0,0   0:00.01 ovsdb-serv+
29194 root      10 -10   26456   9860   8912 S   0,0  0,1   0:00.00 ovs-vswitc+
29257 root      20   0   20912   4988   4204 S   0,0  0,0   0:00.01 ovsdb-serv+
29327 root      20   0   20912   4992   4212 S   0,0  0,0   0:00.01 ovsdb-serv+
29407 root      20   0   22564   6088   5340 S   0,0  0,0   0:00.00 tcpdump
29408 root      20   0   22564   6060   5312 S   0,0  0,0   0:00.00 tcpdump
29409 root      20   0   22564   6016   5264 S   0,0  0,0   0:00.00 tcpdump
29410 root      20   0   22564   6000   5252 S   0,0  0,0   0:00.00 tcpdump
29411 root      20   0   22564   6084   5336 S   0,0  0,0   0:00.01 tcpdump
29412 root      20   0   22564   6236   5348 S   0,0  0,0   0:00.00 tcpdump
29413 root      20   0   22564   6200   5316 S   0,0  0,0   0:00.00 tcpdump
29261 root      20   0  985424 140192   8912 S   5,0  0,9   0:02.97 ovs-vswitc+
29331 root      20   0  985460 140496   8912 S   4,0  0,9   0:02.88 ovs-vswitc+
29155 root      10 -10   20924   4968   4212 S   0,0  0,0   0:00.01 ovsdb-serv+
29194 root      10 -10   26456   9860   8912 S   0,0  0,1   0:00.00 ovs-vswitc+
29257 root      20   0   20912   4988   4204 S   0,0  0,0   0:00.01 ovsdb-serv+
29327 root      20   0   20912   4992   4212 S   0,0  0,0   0:00.01 ovsdb-serv+
29407 root      20   0   22564   6088   5340 S   0,0  0,0   0:00.00 tcpdump
29408 root      20   0   22564   6060   5312 S   0,0  0,0   0:00.00 tcpdump
29409 root      20   0   22564   6016   5264 S   0,0  0,0   0:00.00 tcpdump
29410 root      20   0   22564   6000   5252 S   0,0  0,0   0:00.00 tcpdump
29411 root      20   0   22564   6084   5336 S   0,0  0,0   0:00.01 tcpdump
29412 root      20   0   22564   6236   5348 S   0,0  0,0   0:00.00 tcpdump
29413 root      20   0   22564   6200   5316 S   0,0  0,0   0:00.00 tcpdump
29261 root      20   0  985424 140192   8912 S   3,9  0,9   0:03.01 ovs-vswitc+
29331 root      20   0  985460 140496   8912 S   3,9  0,9   0:02.92 ovs-vswitc+
29155 root      10 -10   20924   4968   4212 S   0,0  0,0   0:00.01 ovsdb-serv+
29194 root      10 -10   26456   9860   8912 S   0,0  0,1   0:00.00 ovs-vswitc+
29257 root      20   0   20912   4988   4204 S   0,0  0,0   0:00.01 ovsdb-serv+
29327 root      20   0   20912   4992   4212 S   0,0  0,0   0:00.01 ovsdb-serv+
29407 root      20   0   22564   6088   5340 S   0,0  0,0   0:00.00 tcpdump
29408 root      20   0   22564   6060   5312 S   0,0  0,0   0:00.00 tcpdump
29409 root      20   0   22564   6016   5264 S   0,0  0,0   0:00.00 tcpdump
29410 root      20   0   22564   6000   5252 S   0,0  0,0   0:00.00 tcpdump
29411 root      20   0   22564   6084   5336 S   0,0  0,0   0:00.01 tcpdump
29412 root      20   0   22564   6236   5348 S   0,0  0,0   0:00.00 tcpdump
29413 root      20   0   22564   6200   5316 S   0,0  0,0   0:00.00 tcpdump
29331 root      20   0  985460 140496   8912 S   4,0  0,9   0:02.96 ovs-vswitc+
29261 root      20   0  985424 140192   8912 S   3,0  0,9   0:03.04 ovs-vswitc+
29327 root      20   0   20912   4992   4212 S   1,0  0,0   0:00.02 ovsdb-serv+
29155 root      10 -10   20924   4968   4212 S   0,0  0,0   0:00.01 ovsdb-serv+
29194 root      10 -10   26456   9860   8912 S   0,0  0,1   0:00.00 ovs-vswitc+
29257 root      20   0   20912   4988   4204 S   0,0  0,0   0:00.01 ovsdb-serv+
29407 root      20   0   22564   6088   5340 S   0,0  0,0   0:00.00 tcpdump
29408 root      20   0   22564   6060   5312 S   0,0  0,0   0:00.00 tcpdump
29409 root      20   0   22564   6016   5264 S   0,0  0,0   0:00.00 tcpdump
29410 root      20   0   22564   6000   5252 S   0,0  0,0   0:00.00 tcpdump
29411 root      20   0   22564   6084   5336 S   0,0  0,0   0:00.01 tcpdump
29412 root      20   0   22564   6236   5348 S   0,0  0,0   0:00.00 tcpdump
29413 root      20   0   22564   6200   5316 S   0,0  0,0   0:00.00 tcpdump
29261 root      20   0  985424 140192   8912 S   5,0  0,9   0:03.09 ovs-vswitc+
29331 root      20   0  985460 140496   8912 S   5,0  0,9   0:03.01 ovs-vswitc+
29155 root      10 -10   20924   4968   4212 S   0,0  0,0   0:00.01 ovsdb-serv+
29194 root      10 -10   26456   9860   8912 S   0,0  0,1   0:00.00 ovs-vswitc+
29257 root      20   0   20912   4988   4204 S   0,0  0,0   0:00.01 ovsdb-serv+
29327 root      20   0   20912   4992   4212 S   0,0  0,0   0:00.02 ovsdb-serv+
29407 root      20   0   22564   6088   5340 S   0,0  0,0   0:00.00 tcpdump
29408 root      20   0   22564   6060   5312 S   0,0  0,0   0:00.00 tcpdump
29409 root      20   0   22564   6016   5264 S   0,0  0,0   0:00.00 tcpdump
29410 root      20   0   22564   6000   5252 S   0,0  0,0   0:00.00 tcpdump
29411 root      20   0   22564   6084   5336 S   0,0  0,0   0:00.01 tcpdump
29412 root      20   0   22564   6236   5348 S   0,0  0,0   0:00.00 tcpdump
29413 root      20   0   22564   6200   5316 S   0,0  0,0   0:00.00 tcpdump
29261 root      20   0  985424 140192   8912 S   4,0  0,9   0:03.13 ovs-vswitc+
29331 root      20   0  985460 140496   8912 S   2,0  0,9   0:03.03 ovs-vswitc+
29155 root      10 -10   20924   4968   4212 S   0,0  0,0   0:00.01 ovsdb-serv+
29194 root      10 -10   26456   9860   8912 S   0,0  0,1   0:00.00 ovs-vswitc+
29257 root      20   0   20912   4988   4204 S   0,0  0,0   0:00.01 ovsdb-serv+
29327 root      20   0   20912   4992   4212 S   0,0  0,0   0:00.02 ovsdb-serv+
29407 root      20   0   22564   6088   5340 S   0,0  0,0   0:00.00 tcpdump
29408 root      20   0   22564   6060   5312 S   0,0  0,0   0:00.00 tcpdump
29409 root      20   0   22564   6016   5264 S   0,0  0,0   0:00.00 tcpdump
29410 root      20   0   22564   6000   5252 S   0,0  0,0   0:00.00 tcpdump
29411 root      20   0   22564   6084   5336 S   0,0  0,0   0:00.01 tcpdump
29412 root      20   0   22564   6236   5348 S   0,0  0,0   0:00.00 tcpdump
29413 root      20   0   22564   6200   5316 S   0,0  0,0   0:00.00 tcpdump
29261 root      20   0  985424 140192   8912 S   2,0  0,9   0:03.15 ovs-vswitc+
29331 root      20   0  985460 140496   8912 S   2,0  0,9   0:03.05 ovs-vswitc+
29155 root      10 -10   20924   4968   4212 S   0,0  0,0   0:00.01 ovsdb-serv+
29194 root      10 -10   26456   9860   8912 S   0,0  0,1   0:00.00 ovs-vswitc+
29257 root      20   0   20912   4988   4204 S   0,0  0,0   0:00.01 ovsdb-serv+
29327 root      20   0   20912   4992   4212 S   0,0  0,0   0:00.02 ovsdb-serv+
29407 root      20   0   22564   6088   5340 S   0,0  0,0   0:00.00 tcpdump
29408 root      20   0   22564   6060   5312 S   0,0  0,0   0:00.00 tcpdump
29409 root      20   0   22564   6016   5264 S   0,0  0,0   0:00.00 tcpdump
29410 root      20   0   22564   6000   5252 S   0,0  0,0   0:00.00 tcpdump
29411 root      20   0   22564   6084   5336 S   0,0  0,0   0:00.01 tcpdump
29412 root      20   0   22564   6236   5348 S   0,0  0,0   0:00.00 tcpdump
29413 root      20   0   22564   6200   5316 S   0,0  0,0   0:00.00 tcpdump
29331 root      20   0  985460 140496   8912 S   1,0  0,9   0:03.06 ovs-vswitc+
29155 root      10 -10   20924   4968   4212 S   0,0  0,0   0:00.01 ovsdb-serv+
29194 root      10 -10   26456   9860   8912 S   0,0  0,1   0:00.00 ovs-vswitc+
29257 root      20   0   20912   4988   4204 S   0,0  0,0   0:00.01 ovsdb-serv+
29261 root      20   0  985424 140192   8912 S   0,0  0,9   0:03.15 ovs-vswitc+
29327 root      20   0   20912   4992   4212 S   0,0  0,0   0:00.02 ovsdb-serv+
29407 root      20   0   22564   6088   5340 S   0,0  0,0   0:00.00 tcpdump
29408 root      20   0   22564   6060   5312 S   0,0  0,0   0:00.00 tcpdump
29409 root      20   0   22564   6016   5264 S   0,0  0,0   0:00.00 tcpdump
29410 root      20   0   22564   6000   5252 S   0,0  0,0   0:00.00 tcpdump
29411 root      20   0   22564   6084   5336 S   0,0  0,0   0:00.01 tcpdump
29412 root      20   0   22564   6236   5348 S   0,0  0,0   0:00.00 tcpdump
29413 root      20   0   22564   6200   5316 S   0,0  0,0   0:00.00 tcpdump
29261 root      20   0  985424 140192   8912 S   2,0  0,9   0:03.17 ovs-vswitc+
29331 root      20   0  985460 140496   8912 S   2,0  0,9   0:03.08 ovs-vswitc+
29155 root      10 -10   20924   4968   4212 S   0,0  0,0   0:00.01 ovsdb-serv+
29194 root      10 -10   26456   9860   8912 S   0,0  0,1   0:00.00 ovs-vswitc+
29257 root      20   0   20912   4988   4204 S   0,0  0,0   0:00.01 ovsdb-serv+
29327 root      20   0   20912   4992   4212 S   0,0  0,0   0:00.02 ovsdb-serv+
29407 root      20   0   22564   6088   5340 S   0,0  0,0   0:00.00 tcpdump
29408 root      20   0   22564   6060   5312 S   0,0  0,0   0:00.00 tcpdump
29409 root      20   0   22564   6016   5264 S   0,0  0,0   0:00.00 tcpdump
29410 root      20   0   22564   6000   5252 S   0,0  0,0   0:00.00 tcpdump
29411 root      20   0   22564   6084   5336 S   0,0  0,0   0:00.01 tcpdump
29412 root      20   0   22564   6236   5348 S   0,0  0,0   0:00.00 tcpdump
29413 root      20   0   22564   6200   5316 S   0,0  0,0   0:00.00 tcpdump
29155 root      10 -10   20924   4968   4212 S   0,0  0,0   0:00.01 ovsdb-serv+
29194 root      10 -10   26456   9860   8912 S   0,0  0,1   0:00.00 ovs-vswitc+
29257 root      20   0   20912   4988   4204 S   0,0  0,0   0:00.01 ovsdb-serv+
29261 root      20   0  985424 140192   8912 S   0,0  0,9   0:03.17 ovs-vswitc+
29327 root      20   0   20912   4992   4212 S   0,0  0,0   0:00.02 ovsdb-serv+
29331 root      20   0  985460 140496   8912 S   0,0  0,9   0:03.08 ovs-vswitc+
29407 root      20   0   22564   6088   5340 S   0,0  0,0   0:00.00 tcpdump
29408 root      20   0   22564   6060   5312 S   0,0  0,0   0:00.00 tcpdump
29409 root      20   0   22564   6016   5264 S   0,0  0,0   0:00.00 tcpdump
29410 root      20   0   22564   6000   5252 S   0,0  0,0   0:00.00 tcpdump
29411 root      20   0   22564   6084   5336 S   0,0  0,0   0:00.01 tcpdump
29412 root      20   0   22564   6236   5348 S   0,0  0,0   0:00.00 tcpdump
29413 root      20   0   22564   6200   5316 S   0,0  0,0   0:00.00 tcpdump
29261 root      20   0  985424 140192   8912 S   3,0  0,9   0:03.20 ovs-vswitc+
29331 root      20   0  985460 140496   8912 S   2,0  0,9   0:03.10 ovs-vswitc+
29155 root      10 -10   20924   4968   4212 S   0,0  0,0   0:00.01 ovsdb-serv+
29194 root      10 -10   26456   9860   8912 S   0,0  0,1   0:00.00 ovs-vswitc+
29257 root      20   0   20912   4988   4204 S   0,0  0,0   0:00.01 ovsdb-serv+
29327 root      20   0   20912   4992   4212 S   0,0  0,0   0:00.02 ovsdb-serv+
29407 root      20   0   22564   6088   5340 S   0,0  0,0   0:00.00 tcpdump
29408 root      20   0   22564   6060   5312 S   0,0  0,0   0:00.00 tcpdump
29409 root      20   0   22564   6016   5264 S   0,0  0,0   0:00.00 tcpdump
29410 root      20   0   22564   6000   5252 S   0,0  0,0   0:00.00 tcpdump
29411 root      20   0   22564   6084   5336 S   0,0  0,0   0:00.01 tcpdump
29412 root      20   0   22564   6236   5348 S   0,0  0,0   0:00.00 tcpdump
29413 root      20   0   22564   6200   5316 S   0,0  0,0   0:00.00 tcpdump
29155 root      10 -10   20924   4968   4212 S   0,0  0,0   0:00.01 ovsdb-serv+
29194 root      10 -10   26456   9860   8912 S   0,0  0,1   0:00.00 ovs-vswitc+
29257 root      20   0   20912   4988   4204 S   0,0  0,0   0:00.01 ovsdb-serv+
29261 root      20   0  985424 140192   8912 S   0,0  0,9   0:03.20 ovs-vswitc+
29327 root      20   0   20912   4992   4212 S   0,0  0,0   0:00.02 ovsdb-serv+
29331 root      20   0  985460 140496   8912 S   0,0  0,9   0:03.10 ovs-vswitc+
29407 root      20   0   22564   6088   5340 S   0,0  0,0   0:00.00 tcpdump
29408 root      20   0   22564   6060   5312 S   0,0  0,0   0:00.00 tcpdump
29409 root      20   0   22564   6016   5264 S   0,0  0,0   0:00.00 tcpdump
29410 root      20   0   22564   6000   5252 S   0,0  0,0   0:00.00 tcpdump
29411 root      20   0   22564   6084   5336 S   0,0  0,0   0:00.01 tcpdump
29412 root      20   0   22564   6236   5348 S   0,0  0,0   0:00.00 tcpdump
29413 root      20   0   22564   6200   5316 S   0,0  0,0   0:00.00 tcpdump
29331 root      20   0  985460 140496   8912 S   2,0  0,9   0:03.12 ovs-vswitc+
29261 root      20   0  985424 140192   8912 S   1,0  0,9   0:03.21 ovs-vswitc+
29155 root      10 -10   20924   4968   4212 S   0,0  0,0   0:00.01 ovsdb-serv+
29194 root      10 -10   26456   9860   8912 S   0,0  0,1   0:00.00 ovs-vswitc+
29257 root      20   0   20912   4988   4204 S   0,0  0,0   0:00.01 ovsdb-serv+
29327 root      20   0   20912   4992   4212 S   0,0  0,0   0:00.02 ovsdb-serv+
29407 root      20   0   22564   6088   5340 S   0,0  0,0   0:00.00 tcpdump
29408 root      20   0   22564   6060   5312 S   0,0  0,0   0:00.00 tcpdump
29409 root      20   0   22564   6016   5264 S   0,0  0,0   0:00.00 tcpdump
29410 root      20   0   22564   6000   5252 S   0,0  0,0   0:00.00 tcpdump
29411 root      20   0   22564   6084   5336 S   0,0  0,0   0:00.01 tcpdump
29412 root      20   0   22564   6236   5348 S   0,0  0,0   0:00.00 tcpdump
29413 root      20   0   22564   6200   5316 S   0,0  0,0   0:00.00 tcpdump
29261 root      20   0  985424 140192   8912 S   2,0  0,9   0:03.23 ovs-vswitc+
29331 root      20   0  985460 140496   8912 S   1,0  0,9   0:03.13 ovs-vswitc+
29155 root      10 -10   20924   4968   4212 S   0,0  0,0   0:00.01 ovsdb-serv+
29194 root      10 -10   26456   9860   8912 S   0,0  0,1   0:00.00 ovs-vswitc+
29257 root      20   0   20912   4988   4204 S   0,0  0,0   0:00.01 ovsdb-serv+
29327 root      20   0   20912   4992   4212 S   0,0  0,0   0:00.02 ovsdb-serv+
29407 root      20   0   22564   6088   5340 S   0,0  0,0   0:00.00 tcpdump
29408 root      20   0   22564   6060   5312 S   0,0  0,0   0:00.00 tcpdump
29409 root      20   0   22564   6016   5264 S   0,0  0,0   0:00.00 tcpdump
29410 root      20   0   22564   6000   5252 S   0,0  0,0   0:00.00 tcpdump
29411 root      20   0   22564   6084   5336 S   0,0  0,0   0:00.01 tcpdump
29412 root      20   0   22564   6236   5348 S   0,0  0,0   0:00.00 tcpdump
29413 root      20   0   22564   6200   5316 S   0,0  0,0   0:00.00 tcpdump
29331 root      20   0  985460 140496   8912 S   1,0  0,9   0:03.14 ovs-vswitc+
29155 root      10 -10   20924   4968   4212 S   0,0  0,0   0:00.01 ovsdb-serv+
29194 root      10 -10   26456   9860   8912 S   0,0  0,1   0:00.00 ovs-vswitc+
29257 root      20   0   20912   4988   4204 S   0,0  0,0   0:00.01 ovsdb-serv+
29261 root      20   0  985424 140192   8912 S   0,0  0,9   0:03.23 ovs-vswitc+
29327 root      20   0   20912   4992   4212 S   0,0  0,0   0:00.02 ovsdb-serv+
29407 root      20   0   22564   6088   5340 S   0,0  0,0   0:00.00 tcpdump
29408 root      20   0   22564   6060   5312 S   0,0  0,0   0:00.00 tcpdump
29409 root      20   0   22564   6016   5264 S   0,0  0,0   0:00.00 tcpdump
29410 root      20   0   22564   6000   5252 S   0,0  0,0   0:00.00 tcpdump
29411 root      20   0   22564   6084   5336 S   0,0  0,0   0:00.01 tcpdump
29412 root      20   0   22564   6236   5348 S   0,0  0,0   0:00.00 tcpdump
29413 root      20   0   22564   6200   5316 S   0,0  0,0   0:00.00 tcpdump
29261 root      20   0  985424 140192   8912 S   1,0  0,9   0:03.24 ovs-vswitc+
29331 root      20   0  985460 140496   8912 S   1,0  0,9   0:03.15 ovs-vswitc+
29155 root      10 -10   20924   4968   4212 S   0,0  0,0   0:00.01 ovsdb-serv+
29194 root      10 -10   26456   9860   8912 S   0,0  0,1   0:00.00 ovs-vswitc+
29257 root      20   0   20912   4988   4204 S   0,0  0,0   0:00.01 ovsdb-serv+
29327 root      20   0   20912   4992   4212 S   0,0  0,0   0:00.02 ovsdb-serv+
29407 root      20   0   22564   6088   5340 S   0,0  0,0   0:00.00 tcpdump
29408 root      20   0   22564   6060   5312 S   0,0  0,0   0:00.00 tcpdump
29409 root      20   0   22564   6016   5264 S   0,0  0,0   0:00.00 tcpdump
29410 root      20   0   22564   6000   5252 S   0,0  0,0   0:00.00 tcpdump
29411 root      20   0   22564   6084   5336 S   0,0  0,0   0:00.01 tcpdump
29412 root      20   0   22564   6236   5348 S   0,0  0,0   0:00.00 tcpdump
29413 root      20   0   22564   6200   5316 S   0,0  0,0   0:00.00 tcpdump
29261 root      20   0  985424 140192   8912 S   2,0  0,9   0:03.26 ovs-vswitc+
29331 root      20   0  985460 140496   8912 S   1,0  0,9   0:03.16 ovs-vswitc+
29155 root      10 -10   20924   4968   4212 S   0,0  0,0   0:00.01 ovsdb-serv+
29194 root      10 -10   26456   9860   8912 S   0,0  0,1   0:00.00 ovs-vswitc+
29257 root      20   0   20912   4988   4204 S   0,0  0,0   0:00.01 ovsdb-serv+
29327 root      20   0   20912   4992   4212 S   0,0  0,0   0:00.02 ovsdb-serv+
29407 root      20   0   22564   6088   5340 S   0,0  0,0   0:00.00 tcpdump
29408 root      20   0   22564   6060   5312 S   0,0  0,0   0:00.00 tcpdump
29409 root      20   0   22564   6016   5264 S   0,0  0,0   0:00.00 tcpdump
29410 root      20   0   22564   6000   5252 S   0,0  0,0   0:00.00 tcpdump
29411 root      20   0   22564   6084   5336 S   0,0  0,0   0:00.01 tcpdump
29412 root      20   0   22564   6236   5348 S   0,0  0,0   0:00.00 tcpdump
29413 root      20   0   22564   6200   5316 S   0,0  0,0   0:00.00 tcpdump
29331 root      20   0  985460 140496   8912 S   1,0  0,9   0:03.17 ovs-vswitc+
29155 root      10 -10   20924   4968   4212 S   0,0  0,0   0:00.01 ovsdb-serv+
29194 root      10 -10   26456   9860   8912 S   0,0  0,1   0:00.00 ovs-vswitc+
29257 root      20   0   20912   4988   4204 S   0,0  0,0   0:00.01 ovsdb-serv+
29261 root      20   0  985424 140192   8912 S   0,0  0,9   0:03.26 ovs-vswitc+
29327 root      20   0   20912   4992   4212 S   0,0  0,0   0:00.02 ovsdb-serv+
29407 root      20   0   22564   6088   5340 S   0,0  0,0   0:00.00 tcpdump
29408 root      20   0   22564   6060   5312 S   0,0  0,0   0:00.00 tcpdump
29409 root      20   0   22564   6016   5264 S   0,0  0,0   0:00.00 tcpdump
29410 root      20   0   22564   6000   5252 S   0,0  0,0   0:00.00 tcpdump
29411 root      20   0   22564   6084   5336 S   0,0  0,0   0:00.01 tcpdump
29412 root      20   0   22564   6236   5348 S   0,0  0,0   0:00.00 tcpdump
29413 root      20   0   22564   6200   5316 S   0,0  0,0   0:00.00 tcpdump
29261 root      20   0  985424 140192   8912 S   2,0  0,9   0:03.28 ovs-vswitc+
29331 root      20   0  985460 140496   8912 S   2,0  0,9   0:03.19 ovs-vswitc+
29155 root      10 -10   20924   4968   4212 S   0,0  0,0   0:00.01 ovsdb-serv+
29194 root      10 -10   26456   9860   8912 S   0,0  0,1   0:00.00 ovs-vswitc+
29257 root      20   0   20912   4988   4204 S   0,0  0,0   0:00.01 ovsdb-serv+
29327 root      20   0   20912   4992   4212 S   0,0  0,0   0:00.02 ovsdb-serv+
29407 root      20   0   22564   6088   5340 S   0,0  0,0   0:00.00 tcpdump
29408 root      20   0   22564   6060   5312 S   0,0  0,0   0:00.00 tcpdump
29409 root      20   0   22564   6016   5264 S   0,0  0,0   0:00.00 tcpdump
29410 root      20   0   22564   6000   5252 S   0,0  0,0   0:00.00 tcpdump
29411 root      20   0   22564   6084   5336 S   0,0  0,0   0:00.01 tcpdump
29412 root      20   0   22564   6236   5348 S   0,0  0,0   0:00.00 tcpdump
29413 root      20   0   22564   6200   5316 S   0,0  0,0   0:00.00 tcpdump
29261 root      20   0  985424 140192   8912 S   1,0  0,9   0:03.29 ovs-vswitc+
29155 root      10 -10   20924   4968   4212 S   0,0  0,0   0:00.01 ovsdb-serv+
29194 root      10 -10   26456   9860   8912 S   0,0  0,1   0:00.00 ovs-vswitc+
29257 root      20   0   20912   4988   4204 S   0,0  0,0   0:00.01 ovsdb-serv+
29327 root      20   0   20912   4992   4212 S   0,0  0,0   0:00.02 ovsdb-serv+
29331 root      20   0  985460 140496   8912 S   0,0  0,9   0:03.19 ovs-vswitc+
29407 root      20   0   22564   6088   5340 S   0,0  0,0   0:00.00 tcpdump
29408 root      20   0   22564   6060   5312 S   0,0  0,0   0:00.00 tcpdump
29409 root      20   0   22564   6016   5264 S   0,0  0,0   0:00.00 tcpdump
29410 root      20   0   22564   6000   5252 S   0,0  0,0   0:00.00 tcpdump
29411 root      20   0   22564   6084   5336 S   0,0  0,0   0:00.01 tcpdump
29412 root      20   0   22564   6236   5348 S   0,0  0,0   0:00.00 tcpdump
29413 root      20   0   22564   6200   5316 S   0,0  0,0   0:00.00 tcpdump
29331 root      20   0  985460 140496   8912 S   2,0  0,9   0:03.21 ovs-vswitc+
29155 root      10 -10   20924   4968   4212 S   0,0  0,0   0:00.01 ovsdb-serv+
29194 root      10 -10   26456   9860   8912 S   0,0  0,1   0:00.00 ovs-vswitc+
29257 root      20   0   20912   4988   4204 S   0,0  0,0   0:00.01 ovsdb-serv+
29261 root      20   0  985424 140192   8912 S   0,0  0,9   0:03.29 ovs-vswitc+
29327 root      20   0   20912   4992   4212 S   0,0  0,0   0:00.02 ovsdb-serv+
29407 root      20   0   22564   6088   5340 S   0,0  0,0   0:00.00 tcpdump
29408 root      20   0   22564   6060   5312 S   0,0  0,0   0:00.00 