15106 root      20   0  985312 118364   8912 S  12,5  0,7   0:00.14 ovs-vswitc+
15176 root      20   0  985304 118368   8912 S  12,5  0,7   0:00.12 ovs-vswitc+
15001 root      10 -10   20924   4984   4224 S   0,0  0,0   0:00.00 ovsdb-serv+
15040 root      10 -10   26456   9860   8912 S   0,0  0,1   0:00.00 ovs-vswitc+
15102 root      20   0   20912   4900   4116 S   0,0  0,0   0:00.00 ovsdb-serv+
15172 root      20   0   20912   4932   4148 S   0,0  0,0   0:00.01 ovsdb-serv+
15251 root      20   0   22564   6072   5324 S   0,0  0,0   0:00.00 tcpdump
15253 root      20   0   22564   6088   5340 S   0,0  0,0   0:00.00 tcpdump
15254 root      20   0   22564   6100   5352 S   0,0  0,0   0:00.00 tcpdump
15255 root      20   0   22564   6016   5268 S   0,0  0,0   0:00.00 tcpdump
15256 root      20   0   22564   6048   5300 S   0,0  0,0   0:00.00 tcpdump
15257 root      20   0   22564   6176   5292 S   0,0  0,0   0:00.00 tcpdump
15258 root      20   0   22564   6228   5340 S   0,0  0,0   0:00.00 tcpdump
15106 root      20   0  985312 118364   8912 S   1,0  0,7   0:00.15 ovs-vswitc+
15176 root      20   0  985304 118368   8912 S   1,0  0,7   0:00.13 ovs-vswitc+
15001 root      10 -10   20924   4984   4224 S   0,0  0,0   0:00.00 ovsdb-serv+
15040 root      10 -10   26456   9860   8912 S   0,0  0,1   0:00.00 ovs-vswitc+
15102 root      20   0   20912   4900   4116 S   0,0  0,0   0:00.00 ovsdb-serv+
15172 root      20   0   20912   4932   4148 S   0,0  0,0   0:00.01 ovsdb-serv+
15251 root      20   0   22564   6072   5324 S   0,0  0,0   0:00.00 tcpdump
15253 root      20   0   22564   6088   5340 S   0,0  0,0   0:00.00 tcpdump
15254 root      20   0   22564   6100   5352 S   0,0  0,0   0:00.00 tcpdump
15255 root      20   0   22564   6016   5268 S   0,0  0,0   0:00.00 tcpdump
15256 root      20   0   22564   6048   5300 S   0,0  0,0   0:00.00 tcpdump
15257 root      20   0   22564   6176   5292 S   0,0  0,0   0:00.00 tcpdump
15258 root      20   0   22564   6228   5340 S   0,0  0,0   0:00.00 tcpdump
15106 root      20   0  985312 118364   8912 S   1,0  0,7   0:00.16 ovs-vswitc+
15176 root      20   0  985304 118368   8912 S   1,0  0,7   0:00.14 ovs-vswitc+
15001 root      10 -10   20924   4984   4224 S   0,0  0,0   0:00.00 ovsdb-serv+
15040 root      10 -10   26456   9860   8912 S   0,0  0,1   0:00.00 ovs-vswitc+
15102 root      20   0   20912   4900   4116 S   0,0  0,0   0:00.00 ovsdb-serv+
15172 root      20   0   20912   4932   4148 S   0,0  0,0   0:00.01 ovsdb-serv+
15251 root      20   0   22564   6072   5324 S   0,0  0,0   0:00.00 tcpdump
15253 root      20   0   22564   6088   5340 S   0,0  0,0   0:00.00 tcpdump
15254 root      20   0   22564   6100   5352 S   0,0  0,0   0:00.00 tcpdump
15255 root      20   0   22564   6016   5268 S   0,0  0,0   0:00.00 tcpdump
15256 root      20   0   22564   6048   5300 S   0,0  0,0   0:00.00 tcpdump
15257 root      20   0   22564   6176   5292 S   0,0  0,0   0:00.00 tcpdump
15258 root      20   0   22564   6228   5340 S   0,0  0,0   0:00.00 tcpdump
15176 root      20   0  985304 118368   8912 S   2,0  0,7   0:00.16 ovs-vswitc+
15001 root      10 -10   20924   4984   4224 S   0,0  0,0   0:00.00 ovsdb-serv+
15040 root      10 -10   26456   9860   8912 S   0,0  0,1   0:00.00 ovs-vswitc+
15102 root      20   0   20912   4900   4116 S   0,0  0,0   0:00.00 ovsdb-serv+
15106 root      20   0  985312 118364   8912 S   0,0  0,7   0:00.16 ovs-vswitc+
15172 root      20   0   20912   4932   4148 S   0,0  0,0   0:00.01 ovsdb-serv+
15251 root      20   0   22564   6072   5324 S   0,0  0,0   0:00.00 tcpdump
15253 root      20   0   22564   6088   5340 S   0,0  0,0   0:00.00 tcpdump
15254 root      20   0   22564   6100   5352 S   0,0  0,0   0:00.00 tcpdump
15255 root      20   0   22564   6016   5268 S   0,0  0,0   0:00.00 tcpdump
15256 root      20   0   22564   6048   5300 S   0,0  0,0   0:00.00 tcpdump
15257 root      20   0   22564   6176   5292 S   0,0  0,0   0:00.00 tcpdump
15258 root      20   0   22564   6228   5340 S   0,0  0,0   0:00.00 tcpdump
15106 root      20   0  985312 118364   8912 S   2,0  0,7   0:00.18 ovs-vswitc+
15001 root      10 -10   20924   4984   4224 S   0,0  0,0   0:00.00 ovsdb-serv+
15040 root      10 -10   26456   9860   8912 S   0,0  0,1   0:00.00 ovs-vswitc+
15102 root      20   0   20912   4900   4116 S   0,0  0,0   0:00.00 ovsdb-serv+
15172 root      20   0   20912   4932   4148 S   0,0  0,0   0:00.01 ovsdb-serv+
15176 root      20   0  985304 118368   8912 S   0,0  0,7   0:00.16 ovs-vswitc+
15251 root      20   0   22564   6072   5324 S   0,0  0,0   0:00.00 tcpdump
15253 root      20   0   22564   6088   5340 S   0,0  0,0   0:00.00 tcpdump
15254 root      20   0   22564   6100   5352 S   0,0  0,0   0:00.00 tcpdump
15255 root      20   0   22564   6016   5268 S   0,0  0,0   0:00.00 tcpdump
15256 root      20   0   22564   6048   5300 S   0,0  0,0   0:00.00 tcpdump
15257 root      20   0   22564   6176   5292 S   0,0  0,0   0:00.00 tcpdump
15258 root      20   0   22564   6228   5340 S   0,0  0,0   0:00.00 tcpdump
15176 root      20   0  985304 118368   8912 S   2,0  0,7   0:00.18 ovs-vswitc+
15001 root      10 -10   20924   4984   4224 S   0,0  0,0   0:00.00 ovsdb-serv+
15040 root      10 -10   26456   9860   8912 S   0,0  0,1   0:00.00 ovs-vswitc+
15102 root      20   0   20912   4900   4116 S   0,0  0,0   0:00.00 ovsdb-serv+
15106 root      20   0  985312 118364   8912 S   0,0  0,7   0:00.18 ovs-vswitc+
15172 root      20   0   20912   4932   4148 S   0,0  0,0   0:00.01 ovsdb-serv+
15251 root      20   0   22564   6072   5324 S   0,0  0,0   0:00.00 tcpdump
15253 root      20   0   22564   6088   5340 S   0,0  0,0   0:00.00 tcpdump
15254 root      20   0   22564   6100   5352 S   0,0  0,0   0:00.00 tcpdump
15255 root      20   0   22564   6016   5268 S   0,0  0,0   0:00.00 tcpdump
15256 root      20   0   22564   6048   5300 S   0,0  0,0   0:00.00 tcpdump
15257 root      20   0   22564   6176   5292 S   0,0  0,0   0:00.00 tcpdump
15258 root      20   0   22564   6228   5340 S   0,0  0,0   0:00.00 tcpdump
15106 root      20   0  985312 118364   8912 S   1,0  0,7   0:00.19 ovs-vswitc+
15176 root      20   0  985304 118368   8912 S   1,0  0,7   0:00.19 ovs-vswitc+
15001 root      10 -10   20924   4984   4224 S   0,0  0,0   0:00.00 ovsdb-serv+
15040 root      10 -10   26456   9860   8912 S   0,0  0,1   0:00.00 ovs-vswitc+
15102 root      20   0   20912   4900   4116 S   0,0  0,0   0:00.00 ovsdb-serv+
15172 root      20   0   20912   4932   4148 S   0,0  0,0   0:00.01 ovsdb-serv+
15251 root      20   0   22564   6072   5324 S   0,0  0,0   0:00.00 tcpdump
15253 root      20   0   22564   6088   5340 S   0,0  0,0   0:00.00 tcpdump
15254 root      20   0   22564   6100   5352 S   0,0  0,0   0:00.00 tcpdump
15255 root      20   0   22564   6016   5268 S   0,0  0,0   0:00.00 tcpdump
15256 root      20   0   22564   6048   5300 S   0,0  0,0   0:00.00 tcpdump
15257 root      20   0   22564   6176   5292 S   0,0  0,0   0:00.00 tcpdump
15258 root      20   0   22564   6228   5340 S   0,0  0,0   0:00.00 tcpdump
15106 root      20   0  985312 118364   8912 S   1,0  0,7   0:00.20 ovs-vswitc+
15001 root      10 -10   20924   4984   4224 S   0,0  0,0   0:00.00 ovsdb-serv+
15040 root      10 -10   26456   9860   8912 S   0,0  0,1   0:00.00 ovs-vswitc+
15102 root      20   0   20912   4900   4116 S   0,0  0,0   0:00.00 ovsdb-serv+
15172 root      20   0   20912   4932   4148 S   0,0  0,0   0:00.01 ovsdb-serv+
15176 root      20   0  985304 118368   8912 S   0,0  0,7   0:00.19 ovs-vswitc+
15251 root      20   0   22564   6072   5324 S   0,0  0,0   0:00.00 tcpdump
15253 root      20   0   22564   6088   5340 S   0,0  0,0   0:00.00 tcpdump
15254 root      20   0   22564   6100   5352 S   0,0  0,0   0:00.00 tcpdump
15255 root      20   0   22564   6016   5268 S   0,0  0,0   0:00.00 tcpdump
15256 root      20   0   22564   6048   5300 S   0,0  0,0   0:00.00 tcpdump
15257 root      20   0   22564   6176   5292 S   0,0  0,0   0:00.00 tcpdump
15258 root      20   0   22564   6228   5340 S   0,0  0,0   0:00.00 tcpdump
15176 root      20   0  985420 118552   8912 S   2,0  0,7   0:00.21 ovs-vswitc+
15001 root      10 -10   20924   4984   4224 S   0,0  0,0   0:00.00 ovsdb-serv+
15040 root      10 -10   26456   9860   8912 S   0,0  0,1   0:00.00 ovs-vswitc+
15102 root      20   0   20912   4900   4116 S   0,0  0,0   0:00.00 ovsdb-serv+
15106 root      20   0  985312 118364   8912 S   0,0  0,7   0:00.20 ovs-vswitc+
15172 root      20   0   20912   4932   4148 S   0,0  0,0   0:00.01 ovsdb-serv+
15251 root      20   0   22564   6072   5324 S   0,0  0,0   0:00.00 tcpdump
15253 root      20   0   22564   6088   5340 S   0,0  0,0   0:00.00 tcpdump
15254 root      20   0   22564   6100   5352 S   0,0  0,0   0:00.00 tcpdump
15255 root      20   0   22564   6016   5268 S   0,0  0,0   0:00.00 tcpdump
15256 root      20   0   22564   6048   5300 S   0,0  0,0   0:00.00 tcpdump
15257 root      20   0   22564   6176   5292 S   0,0  0,0   0:00.00 tcpdump
15258 root      20   0   22564   6228   5340 S   0,0  0,0   0:00.00 tcpdump
15106 root      20   0  985408 118536   8912 S   3,0  0,7   0:00.23 ovs-vswitc+
15176 root      20   0  985420 118552   8912 S   3,0  0,7   0:00.24 ovs-vswitc+
15001 root      10 -10   20924   4984   4224 S   0,0  0,0   0:00.00 ovsdb-serv+
15040 root      10 -10   26456   9860   8912 S   0,0  0,1   0:00.00 ovs-vswitc+
15102 root      20   0   20912   4900   4116 S   0,0  0,0   0:00.00 ovsdb-serv+
15172 root      20   0   20912   4932   4148 S   0,0  0,0   0:00.01 ovsdb-serv+
15251 root      20   0   22564   6072   5324 S   0,0  0,0   0:00.00 tcpdump
15253 root      20   0   22564   6088   5340 S   0,0  0,0   0:00.00 tcpdump
15254 root      20   0   22564   6100   5352 S   0,0  0,0   0:00.00 tcpdump
15255 root      20   0   22564   6016   5268 S   0,0  0,0   0:00.00 tcpdump
15256 root      20   0   22564   6048   5300 S   0,0  0,0   0:00.00 tcpdump
15257 root      20   0   22564   6176   5292 S   0,0  0,0   0:00.00 tcpdump
15258 root      20   0   22564   6228   5340 S   0,0  0,0   0:00.00 tcpdump
15102 root      20   0   20912   4900   4116 S   1,0  0,0   0:00.01 ovsdb-serv+
15106 root      20   0  985408 118536   8912 S   1,0  0,7   0:00.24 ovs-vswitc+
15001 root      10 -10   20924   4984   4224 S   0,0  0,0   0:00.00 ovsdb-serv+
15040 root      10 -10   26456   9860   8912 S   0,0  0,1   0:00.00 ovs-vswitc+
15172 root      20   0   20912   4932   4148 S   0,0  0,0   0:00.01 ovsdb-serv+
15176 root      20   0  985420 118552   8912 S   0,0  0,7   0:00.24 ovs-vswitc+
15251 root      20   0   22564   6072   5324 S   0,0  0,0   0:00.00 tcpdump
15253 root      20   0   22564   6088   5340 S   0,0  0,0   0:00.00 tcpdump
15254 root      20   0   22564   6100   5352 S   0,0  0,0   0:00.00 tcpdump
15255 root      20   0   22564   6016   5268 S   0,0  0,0   0:00.00 tcpdump
15256 root      20   0   22564   6048   5300 S   0,0  0,0   0:00.00 tcpdump
15257 root      20   0   22564   6176   5292 S   0,0  0,0   0:00.00 tcpdump
15258 root      20   0   22564   6228   5340 S   0,0  0,0   0:00.00 tcpdump
15106 root      20   0  985408 118536   8912 S   1,0  0,7   0:00.25 ovs-vswitc+
15176 root      20   0  985420 118552   8912 S   1,0  0,7   0:00.25 ovs-vswitc+
15001 root      10 -10   20924   4984   4224 S   0,0  0,0   0:00.00 ovsdb-serv+
15040 root      10 -10   26456   9860   8912 S   0,0  0,1   0:00.00 ovs-vswitc+
15102 root      20   0   20912   4900   4116 S   0,0  0,0   0:00.01 ovsdb-serv+
15172 root      20   0   20912   4932   4148 S   0,0  0,0   0:00.01 ovsdb-serv+
15251 root      20   0   22564   6072   5324 S   0,0  0,0   0:00.00 tcpdump
15253 root      20   0   22564   6088   5340 S   0,0  0,0   0:00.00 tcpdump
15254 root      20   0   22564   6100   5352 S   0,0  0,0   0:00.00 tcpdump
15255 root      20   0   22564   6016   5268 S   0,0  0,0   0:00.00 tcpdump
15256 root      20   0   22564   6048   5300 S   0,0  0,0   0:00.00 tcpdump
15257 root      20   0   22564   6176   5292 S   0,0  0,0   0:00.00 tcpdump
15258 root      20   0   22564   6228   5340 S   0,0  0,0   0:00.00 tcpdump
15001 root      10 -10   20924   4984   4224 S   0,0  0,0   0:00.00 ovsdb-serv+
15040 root      10 -10   26456   9860   8912 S   0,0  0,1   0:00.00 ovs-vswitc+
15102 root      20   0   20912   4900   4116 S   0,0  0,0   0:00.01 ovsdb-serv+
15106 root      20   0  985408 118536   8912 S   0,0  0,7   0:00.25 ovs-vswitc+
15172 root      20   0   20912   4932   4148 S   0,0  0,0   0:00.01 ovsdb-serv+
15176 root      20   0  985420 118552   8912 S   0,0  0,7   0:00.25 ovs-vswitc+
15251 root      20   0   22564   6072   5324 S   0,0  0,0   0:00.00 tcpdump
15253 root      20   0   22564   6088   5340 S   0,0  0,0   0:00.00 tcpdump
15254 root      20   0   22564   6100   5352 S   0,0  0,0   0:00.00 tcpdump
15255 root      20   0   22564   6016   5268 S   0,0  0,0   0:00.00 tcpdump
15256 root      20   0   22564   6048   5300 S   0,0  0,0   0:00.00 tcpdump
15257 root      20   0   22564   6176   5292 S   0,0  0,0   0:00.00 tcpdump
15258 root      20   0   22564   6228   5340 S   0,0  0,0   0:00.00 tcpdump
15106 root      20   0  985408 118536   8912 S   1,0  0,7   0:00.26 ovs-vswitc+
15001 root      10 -10   20924   4984   4224 S   0,0  0,0   0:00.00 ovsdb-serv+
15040 root      10 -10   26456   9860   8912 S   0,0  0,1   0:00.00 ovs-vswitc+
15102 root      20   0   20912   4900   4116 S   0,0  0,0   0:00.01 ovsdb-serv+
15172 root      20   0   20912   4932   4148 S   0,0  0,0   0:00.01 ovsdb-serv+
15176 root      20   0  985420 118552   8912 S   0,0  0,7   0:00.25 ovs-vswitc+
15251 root      20   0   22564   6072   5324 S   0,0  0,0   0:00.00 tcpdump
15253 root      20   0   22564   6088   5340 S   0,0  0,0   0:00.00 tcpdump
15254 root      20   0   22564   6100   5352 S   0,0  0,0   0:00.00 tcpdump
15255 root      20   0   22564   6016   5268 S   0,0  0,0   0:00.00 tcpdump
15256 root      20   0   22564   6048   5300 S   0,0  0,0   0:00.00 tcpdump
15257 root      20   0   22564   6176   5292 S   0,0  0,0   0:00.00 tcpdump
15258 root      20   0   22564   6228   5340 S   0,0  0,0   0:00.00 tcpdump
15106 root      20   0  985408 118536   8912 S   1,0  0,7   0:00.27 ovs-vswitc+
15176 root      20   0  985420 118552   8912 S   1,0  0,7   0:00.26 ovs-vswitc+
15001 root      10 -10   20924   4984   4224 S   0,0  0,0   0:00.00 ovsdb-serv+
15040 root      10 -10   26456   9860   8912 S   0,0  0,1   0:00.00 ovs-vswitc+
15102 root      20   0   20912   4900   4116 S   0,0  0,0   0:00.01 ovsdb-serv+
15172 root      20   0   20912   4932   4148 S   0,0  0,0   0:00.01 ovsdb-serv+
15251 root      20   0   22564   6072   5324 S   0,0  0,0   0:00.00 tcpdump
15253 root      20   0   22564   6088   5340 S   0,0  0,0   0:00.00 tcpdump
15254 root      20   0   22564   6100   5352 S   0,0  0,0   0:00.00 tcpdump
15255 root      20   0   22564   6016   5268 S   0,0  0,0   0:00.00 tcpdump
15256 root      20   0   22564   6048   5300 S   0,0  0,0   0:00.00 tcpdump
15257 root      20   0   22564   6176   5292 S   0,0  0,0   0:00.00 tcpdump
15258 root      20   0   22564   6228   5340 S   0,0  0,0   0:00.00 tcpdump
15106 root      20   0  985408 118536   8912 S   1,0  0,7   0:00.28 ovs-vswitc+
15176 root      20   0  985420 118552   8912 S   1,0  0,7   0:00.27 ovs-vswitc+
15001 root      10 -10   20924   4984   4224 S   0,0  0,0   0:00.00 ovsdb-serv+
15040 root      10 -10   26456   9860   8912 S   0,0  0,1   0:00.00 ovs-vswitc+
15102 root      20   0   20912   4900   4116 S   0,0  0,0   0:00.01 ovsdb-serv+
15172 root      20   0   20912   4932   4148 S   0,0  0,0   0:00.01 ovsdb-serv+
15251 root      20   0   22564   6072   5324 S   0,0  0,0   0:00.00 tcpdump
15253 root      20   0   22564   6088   5340 S   0,0  0,0   0:00.00 tcpdump
15254 root      20   0   22564   6100   5352 S   0,0  0,0   0:00.00 tcpdump
15255 root      20   0   22564   6016   5268 S   0,0  0,0   0:00.00 tcpdump
15256 root      20   0   22564   6048   5300 S   0,0  0,0   0:00.00 tcpdump
15257 root      20   0   22564   6176   5292 S   0,0  0,0   0:00.00 tcpdump
15258 root      20   0   22564   6228   5340 S   0,0  0,0   0:00.00 tcpdump
15176 root      20   0  985420 118552   8912 S   1,0  0,7   0:00.28 ovs-vswitc+
15001 root      10 -10   20924   4984   4224 S   0,0  0,0   0:00.00 ovsdb-serv+
15040 root      10 -10   26456   9860   8912 S   0,0  0,1   0:00.00 ovs-vswitc+
15102 root      20   0   20912   4900   4116 S   0,0  0,0   0:00.01 ovsdb-serv+
15106 root      20   0  985408 118536   8912 S   0,0  0,7   0:00.28 ovs-vswitc+
15172 root      20   0   20912   4932   4148 S   0,0  0,0   0:00.01 ovsdb-serv+
15251 root      20   0   22564   6072   5324 S   0,0  0,0   0:00.00 tcpdump
15253 root      20   0   22564   6088   5340 S   0,0  0,0   0:00.00 tcpdump
15254 root      20   0   22564   6100   5352 S   0,0  0,0   0:00.00 tcpdump
15255 root      20   0   22564   6016   5268 S   0,0  0,0   0:00.00 tcpdump
15256 root      20   0   22564   6048   5300 S   0,0  0,0   0:00.00 tcpdump
15257 root      20   0   22564   6176   5292 S   0,0  0,0   0:00.00 tcpdump
15258 root      20   0   22564   6228   5340 S   0,0  0,0   0:00.00 tcpdump
15106 root      20   0  985408 118536   8912 S   2,0  0,7   0:00.30 ovs-vswitc+
15001 root      10 -10   20924   4984   4224 S   0,0  0,0   0:00.00 ovsdb-serv+
15040 root      10 -10   26456   9860   8912 S   0,0  0,1   0:00.00 ovs-vswitc+
15102 root      20   0   20912   4900   4116 S   0,0  0,0   0:00.01 ovsdb-serv+
15172 root      20   0   20912   4932   4148 S   0,0  0,0   0:00.01 ovsdb-serv+
15176 root      20   0  985420 118552   8912 S   0,0  0,7   0:00.28 ovs-vswitc+
15251 root      20   0   22564   6072   5324 S   0,0  0,0   0:00.00 tcpdump
15253 root      20   0   22564   6088   5340 S   0,0  0,0   0:00.00 tcpdump
15254 root      20   0   22564   6100   5352 S   0,0  0,0   0:00.00 tcpdump
15255 root      20   0   22564   6016   5268 S   0,0  0,0   0:00.00 tcpdump
15256 root      20   0   22564   6048   5300 S   0,0  0,0   0:00.00 tcpdump
15257 root      20   0   22564   6176   5292 S   0,0  0,0   0:00.00 tcpdump
15258 root      20   0   22564   6228   5340 S   0,0  0,0   0:00.00 tcpdump
15176 root      20   0  985420 118552   8912 S   2,0  0,7   0:00.30 ovs-vswitc+
15001 root      10 -10   20924   4984   4224 S   0,0  0,0   0:00.00 ovsdb-serv+
15040 root      10 -10   26456   9860   8912 S   0,0  0,1   0:00.00 ovs-vswitc+
15102 root      20   0   20912   4900   4116 S   0,0  0,0   0:00.01 ovsdb-serv+
15106 root      20   0  985408 118536   8912 S   0,0  0,7   0:00.30 ovs-vswitc+
15172 root      20   0   20912   4932   4148 S   0,0  0,0   0:00.01 ovsdb-serv+
15251 root      20   0   22564   6072   5324 S   0,0  0,0   0:00.00 tcpdump
15253 root      20   0   22564   6088   5340 S   0,0  0,0   0:00.00 tcpdump
15254 root      20   0   22564   6100   5352 S   0,0  0,0   0:00.00 tcpdump
15255 root      20   0   22564   6016   5268 S   0,0  0,0   0:00.00 tcpdump
15256 root      20   0   22564   6048   5300 S   0,0  0,0   0:00.00 tcpdump
15257 root      20   0   22564   6176   5292 S   0,0  0,0   0:00.00 tcpdump
15258 root      20   0   22564   6228   5340 S   0,0  0,0   0:00.00 tcpdump
15106 root      20   0  985408 118536   8912 S   1,0  0,7   0:00.31 ovs-vswitc+
15001 root      10 -10   20924   4984   4224 S   0,0  0,0   0:00.00 ovsdb-serv+
15040 root      10 -10   26456   9860   8912 S   0,0  0,1   0:00.00 ovs-vswitc+
15102 root      20   0   20912   4900   4116 S   0,0  0,0   0:00.01 ovsdb-serv+
15172 root      20   0   20912   4932   4148 S   0,0  0,0   0:00.01 ovsdb-serv+
15176 root      20   0  985420 118552   8912 S   0,0  0,7   0:00.30 ovs-vswitc+
15251 root      20   0   22564   6072   5324 S   0,0  0,0   0:00.00 tcpdump
15253 root      20   0   22564   6088   5340 S   0,0  0,0   0:00.00 tcpdump
15254 root      20   0   22564   6100   5352 S   0,0  0,0   0:00.00 tcpdump
15255 root      20   0   22564   6016   5268 S   0,0  0,0   0:00.00 tcpdump
15256 root      20   0   22564   6048   5300 S   0,0  0,0   0:00.00 tcpdump
15257 root      20   0   22564   6176   5292 S   0,0  0,0   0:00.00 tcpdump
15258 root      20   0   22564   6228   5340 S   0,0  0,0   0:00.00 tcpdump
15176 root      20   0  985420 118552   8912 S   2,0  0,7   0:00.32 ovs-vswitc+
15106 root      20   0  985408 118536   8912 S   1,0  0,7   0:00.32 ovs-vswitc+
15001 root      10 -10   20924   4984   4224 S   0,0  0,0   0:00.00 ovsdb-serv+
15040 root      10 -10   26456   9860   8912 S   0,0  0,1   0:00.00 ovs-vswitc+
15102 root      20   0   20912   4900   4116 S   0,0  0,0   0:00.01 ovsdb-serv+
15172 root      20   0   20912   4932   4148 S   0,0  0,0   0:00.01 ovsdb-serv+
15251 root      20   0   22564   6072   5324 S   0,0  0,0   0:00.00 tcpdump
15253 root      20   0   22564   6088   5340 S   0,0  0,0   0:00.00 tcpdump
15254 root      20   0   22564   6100   5352 S   0,0  0,0   0:00.00 tcpdump
15255 root      20   0   22564   6016   5268 S   0,0  0,0   0:00.00 tcpdump
15256 root      20   0   22564   6048   5300 S   0,0  0,0   0:00.00 tcpdump
15257 root      20   0   22564   6176   5292 S   0,0  0,0   0:00.00 tcpdump
15258 root      20   0   22564   6228   5340 S   0,0  0,0   0:00.00 tcpdump
15001 root      10 -10   20924   4984   4224 S   0,0  0,0   0:00.00 ovsdb-serv+
15040 root      10 -10   26456   9860   8912 S   0,0  0,1   0:00.00 ovs-vswitc+
15102 root      20   0   20912   4900   4116 S   0,0  0,0   0:00.01 ovsdb-serv+
15106 root      20   0  985408 118536   8912 S   0,0  0,7   0:00.32 ovs-vswitc+
15172 root      20   0   20912   4932   4148 S   0,0  0,0   0:00.01 ovsdb-serv+
15176 root      20   0  985420 118552   8912 S   0,0  0,7   0:00.32 ovs-vswitc+
15251 root      20   0   22564   6072   5324 S   0,0  0,0   0:00.00 tcpdump
15253 root      20   0   22564   6088   5340 S   0,0  0,0   0:00.00 tcpdump
15254 root      20   0   22564   6100   5352 S   0,0  0,0   0:00.00 tcpdump
15255 root      20   0   22564   6016   5268 S   0,0  0,0   0:00.00 tcpdump
15256 root      20   0   22564   6048   5300 S   0,0  0,0   0:00.00 tcpdump
15257 root      20   0   22564   6176   5292 S   0,0  0,0   0:00.00 tcpdump
15258 root      20   0   22564   6228   5340 S   0,0  0,0   0:00.00 tcpdump
15106 root      20   0  985408 118536   8912 S   1,0  0,7   0:00.33 ovs-vswitc+
15001 root      10 -10   20924   4984   4224 S   0,0  0,0   0:00.00 ovsdb-serv+
15040 root      10 -10   26456   9860   8912 S   0,0  0,1   0:00.00 ovs-vswitc+
15102 root      20   0   20912   4900   4116 S   0,0  0,0   0:00.01 ovsdb-serv+
15172 root      20   0   20912   4932   4148 S   0,0  0,0   0:00.01 ovsdb-serv+
15176 root      20   0  985420 118552   8912 S   0,0  0,7   0:00.32 ovs-vswitc+
15251 root      20   0   22564   6072   5324 S   0,0  0,0   0:00.00 tcpdump
15253 root      20   0   22564   6088   5340 S   0,0  0,0   0:00.00 tcpdump
15254 root      20   0   22564   6100   5352 S   0,0  0,0   0:00.00 tcpdump
15255 root      20   0   22564   6016   5268 S   0,0  0,0   0:00.00 tcpdump
15256 root      20   0   22564   6048   5300 S   0,0  0,0   0:00.00 tcpdump
15257 root      20   0   22564   6176   5292 S   0,0  0,0   0:00.00 tcpdump
15258 root      20   0   22564   6228   5340 S   0,0  0,0   0:00.00 tcpdump
15176 root      20   0  985420 118552   8912 S   2,9  0,7   0:00.35 ovs-vswitc+
15106 root      20   0  985408 118536   8912 S   2,0  0,7   0:00.35 ovs-vswitc+
15001 root      10 -10   20924   4984   4224 S   0,0  0,0   0:00.00 ovsdb-serv+
15040 root      10 -10   26456   9860   8912 S   0,0  0,1   0:00.00 ovs-vswitc+
15102 root      20   0   20912   4900   4116 S   0,0  0,0   0:00.01 ovsdb-serv+
15172 root      20   0   20912   4932   4148 S   0,0  0,0   0:00.01 ovsdb-serv+
15251 root      20   0   22564   6072   5324 S   0,0  0,0   0:00.00 tcpdump
15253 root      20   0   22564   6088   5340 S   0,0  0,0   0:00.00 tcpdump
15254 root      20   0   22564   6100   5352 S   0,0  0,0   0:00.00 tcpdump
15255 root      20   0   22564   6016   5268 S   0,0  0,0   0:00.00 tcpdump
15256 root      20   0   22564   6048   5300 S   0,0  0,0   0:00.00 tcpdump
15257 root      20   0   22564   6176   5292 S   0,0  0,0   0:00.00 tcpdump
15258 root      20   0   22564   6228   5340 S   0,0  0,0   0:00.00 tcpdump
15106 root      20   0  985408 118796   8912 S   9,9  0,7   0:00.45 ovs-vswitc+
15176 root      20   0  985420 118812   8912 S   9,9  0,7   0:00.45 ovs-vswitc+
15001 root      10 -10   20924   4984   4224 S   0,0  0,0   0:00.00 ovsdb-serv+
15040 root      10 -10   26456   9860   8912 S   0,0  0,1   0:00.00 ovs-vswitc+
15102 root      20   0   20912   4900   4116 S   0,0  0,0   0:00.01 ovsdb-serv+
15172 root      20   0   20912   4932   4148 S   0,0  0,0   0:00.01 ovsdb-serv+
15251 root      20   0   22564   6072   5324 S   0,0  0,0   0:00.00 tcpdump
15253 root      20   0   22564   6088   5340 S   0,0  0,0   0:00.00 tcpdump
15254 root      20   0   22564   6100   5352 S   0,0  0,0   0:00.00 tcpdump
15255 root      20   0   22564   6016   5268 S   0,0  0,0   0:00.00 tcpdump
15256 root      20   0   22564   6048   5300 S   0,0  0,0   0:00.00 tcpdump
15257 root      20   0   22564   6176   5292 S   0,0  0,0   0:00.00 tcpdump
15258 root      20   0   22564   6228   5340 S   0,0  0,0   0:00.00 tcpdump
15176 root      20   0  985420 119340   8912 S   8,9  0,7   0:00.54 ovs-vswitc+
15106 root      20   0  985408 119324   8912 S   7,9  0,7   0:00.53 ovs-vswitc+
15001 root      10 -10   20924   4984   4224 S   0,0  0,0   0:00.00 ovsdb-serv+
15040 root      10 -10   26456   9860   8912 S   0,0  0,1   0:00.00 ovs-vswitc+
15102 root      20   0   20912   4900   4116 S   0,0  0,0   0:00.01 ovsdb-serv+
15172 root      20   0   20912   4932   4148 S   0,0  0,0   0:00.01 ovsdb-serv+
15251 root      20   0   22564   6072   5324 S   0,0  0,0   0:00.00 tcpdump
15253 root      20   0   22564   6088   5340 S   0,0  0,0   0:00.00 tcpdump
15254 root      20   0   22564   6100   5352 S   0,0  0,0   0:00.00 tcpdump
15255 root      20   0   22564   6016   5268 S   0,0  0,0   0:00.00 tcpdump
15256 root      20   0   22564   6048   5300 S   0,0  0,0   0:00.00 tcpdump
15257 root      20   0   22564   6176   5292 S   0,0  0,0   0:00.00 tcpdump
15258 root      20   0   22564   6228   5340 S   0,0  0,0   0:00.00 tcpdump
15176 root      20   0  985420 119868   8912 S   9,9  0,7   0:00.64 ovs-vswitc+
15106 root      20   0  985408 119852   8912 S   8,9  0,7   0:00.62 ovs-vswitc+
15001 root      10 -10   20924   4984   4224 S   0,0  0,0   0:00.00 ovsdb-serv+
15040 root      10 -10   26456   9860   8912 S   0,0  0,1   0:00.00 ovs-vswitc+
15102 root      20   0   20912   4900   4116 S   0,0  0,0   0:00.01 ovsdb-serv+
15172 root      20   0   20912   4932   4148 S   0,0  0,0   0:00.01 ovsdb-serv+
15251 root      20   0   22564   6072   5324 S   0,0  0,0   0:00.00 tcpdump
15253 root      20   0   22564   6088   5340 S   0,0  0,0   0:00.00 tcpdump
15254 root      20   0   22564   6100   5352 S   0,0  0,0   0:00.00 tcpdump
15255 root      20   0   22564   6016   5268 S   0,0  0,0   0:00.00 tcpdump
15256 root      20   0   22564   6048   5300 S   0,0  0,0   0:00.00 tcpdump
15257 root      20   0   22564   6176   5292 S   0,0  0,0   0:00.00 tcpdump
15258 root      20   0   22564   6228   5340 S   0,0  0,0   0:00.00 tcpdump
15106 root      20   0  985408 120380   8912 S  11,0  0,7   0:00.73 ovs-vswitc+
15176 root      20   0  985420 120396   8912 S  10,0  0,7   0:00.74 ovs-vswitc+
15001 root      10 -10   20924   4984   4224 S   0,0  0,0   0:00.00 ovsdb-serv+
15040 root      10 -10   26456   9860   8912 S   0,0  0,1   0:00.00 ovs-vswitc+
15102 root      20   0   20912   4900   4116 S   0,0  0,0   0:00.01 ovsdb-serv+
15172 root      20   0   20912   4932   4148 S   0,0  0,0   0:00.01 ovsdb-serv+
15251 root      20   0   22564   6072   5324 S   0,0  0,0   0:00.00 tcpdump
15253 root      20   0   22564   6088   5340 S   0,0  0,0   0:00.00 tcpdump
15254 root      20   0   22564   6100   5352 S   0,0  0,0   0:00.00 tcpdump
15255 root      20   0   22564   6016   5268 S   0,0  0,0   0:00.00 tcpdump
15256 root      20   0   22564   6048   5300 S   0,0  0,0   0:00.00 tcpdump
15257 root      20   0   22564   6176   5292 S   0,0  0,0   0:00.00 tcpdump
15258 root      20   0   22564   6228   5340 S   0,0  0,0   0:00.00 tcpdump
15106 root      20   0  985408 120908   8912 S   8,9  0,7   0:00.82 ovs-vswitc+
15176 root      20   0  985420 120924   8912 S   6,9  0,7   0:00.81 ovs-vswitc+
15001 root      10 -10   20924   4984   4224 S   0,0  0,0   0:00.00 ovsdb-serv+
15040 root      10 -10   26456   9860   8912 S   0,0  0,1   0:00.00 ovs-vswitc+
15102 root      20   0   20912   4900   4116 S   0,0  0,0   0:00.01 ovsdb-serv+
15172 root      20   0   20912   4932   4148 S   0,0  0,0   0:00.01 ovsdb-serv+
15251 root      20   0   22564   6072   5324 S   0,0  0,0   0:00.00 tcpdump
15253 root      20   0   22564   6088   5340 S   0,0  0,0   0:00.00 tcpdump
15254 root      20   0   22564   6100   5352 S   0,0  0,0   0:00.00 tcpdump
15255 root      20   0   22564   6016   5268 S   0,0  0,0   0:00.00 tcpdump
15256 root      20   0   22564   6048   5300 S   0,0  0,0   0:00.00 tcpdump
15257 root      20   0   22564   6176   5292 S   0,0  0,0   0:00.00 tcpdump
15258 root      20   0   22564   6228   5340 S   0,0  0,0   0:00.00 tcpdump
15176 root      20   0  985420 121188   8912 S  10,9  0,7   0:00.92 ovs-vswitc+
15106 root      20   0  985408 121172   8912 S   8,9  0,7   0:00.91 ovs-vswitc+
15001 root      10 -10   20924   4984   4224 S   0,0  0,0   0:00.00 ovsdb-serv+
15040 root      10 -10   26456   9860   8912 S   0,0  0,1   0:00.00 ovs-vswitc+
15102 root      20   0   20912   4900   4116 S   0,0  0,0   0:00.01 ovsdb-serv+
15172 root      20   0   20912   4932   4148 S   0,0  0,0   0:00.01 ovsdb-serv+
15251 root      20   0   22564   6072   5324 S   0,0  0,0   0:00.00 tcpdump
15253 root      20   0   22564   6088   5340 S   0,0  0,0   0:00.00 tcpdump
15254 root      20   0   22564   6100   5352 S   0,0  0,0   0:00.00 tcpdump
15255 root      20   0   22564   6016   5268 S   0,0  0,0   0:00.00 tcpdump
15256 root      20   0   22564   6048   5300 S   0,0  0,0   0:00.00 tcpdump
15257 root      20   0   22564   6176   5292 S   0,0  0,0   0:00.00 tcpdump
15258 root      20   0   22564   6228   5340 S   0,0  0,0   0:00.00 tcpdump
15106 root      20   0  985408 121700   8912 S   9,9  0,7   0:01.01 ovs-vswitc+
15176 root      20   0  985420 121716   8912 S   8,9  0,7   0:01.01 ovs-vswitc+
15001 root      10 -10   20924   4984   4224 S   0,0  0,0   0:00.00 ovsdb-serv+
15040 root      10 -10   26456   9860   8912 S   0,0  0,1   0:00.00 ovs-vswitc+
15102 root      20   0   20912   4900   4116 S   0,0  0,0   0:00.01 ovsdb-serv+
15172 root      20   0   20912   4932   4148 S   0,0  0,0   0:00.01 ovsdb-serv+
15251 root      20   0   22564   6072   5324 S   0,0  0,0   0:00.00 tcpdump
15253 root      20   0   22564   6088   5340 S   0,0  0,0   0:00.00 tcpdump
15254 root      20   0   22564   6100   5352 S   0,0  0,0   0:00.00 tcpdump
15255 root      20   0   22564   6016   5268 S   0,0  0,0   0:00.00 tcpdump
15256 root      20   0   22564   6048   5300 S   0,0  0,0   0:00.00 tcpdump
15257 root      20   0   22564   6176   5292 S   0,0  0,0   0:00.00 tcpdump
15258 root      20   0   22564   6228   5340 S   0,0  0,0   0:00.00 tcpdump
15176 root      20   0  985420 121716   8912 S   4,0  0,7   0:01.05 ovs-vswitc+
15106 root      20   0  985408 121700   8912 S   2,0  0,7   0:01.03 ovs-vswitc+
15001 root      10 -10   20924   4984   4224 S   0,0  0,0   0:00.00 ovsdb-serv+
15040 root      10 -10   26456   9860   8912 S   0,0  0,1   0:00.00 ovs-vswitc+
15102 root      20   0   20912   4900   4116 S   0,0  0,0   0:00.01 ovsdb-serv+
15172 root      20   0   20912   4932   4148 S   0,0  0,0   0:00.01 ovsdb-serv+
15251 root      20   0   22564   6072   5324 S   0,0  0,0   0:00.00 tcpdump
15253 root      20   0   22564   6088   5340 S   0,0  0,0   0:00.00 tcpdump
15254 root      20   0   22564   6100   5352 S   0,0  0,0   0:00.00 tcpdump
15255 root      20   0   22564   6016   5268 S   0,0  0,0   0:00.00 tcpdump
15256 root      20   0   22564   6048   5300 S   0,0  0,0   0:00.00 tcpdump
15257 root      20   0   22564   6176   5292 S   0,0  0,0   0:00.00 tcpdump
15258 root      20   0   22564   6228   5340 S   0,0  0,0   0:00.00 tcpdump
15106 root      20   0  985408 121700   8912 S   2,9  0,7   0:01.06 ovs-vswitc+
15176 root      20   0  985420 121716   8912 S   2,0  0,7   0:01.07 ovs-vswitc+
15001 root      10 -10   20924   4984   4224 S   0,0  0,0   0:00.00 ovsdb-serv+
15040 root      10 -10   26456   9860   8912 S   0,0  0,1   0:00.00 ovs-vswitc+
15102 root      20   0   20912   4900   4116 S   0,0  0,0   0:00.01 ovsdb-serv+
15172 root      20   0   20912   4932   4148 S   0,0  0,0   0:00.01 ovsdb-serv+
15251 root      20   0   22564   6072   5324 S   0,0  0,0   0:00.00 tcpdump
15253 root      20   0   22564   6088   5340 S   0,0  0,0   0:00.00 tcpdump
15254 root      20   0   22564   6100   5352 S   0,0  0,0   0:00.00 tcpdump
15255 root      20   0   22564   6016   5268 S   0,0  0,0   0:00.00 tcpdump
15256 root      20   0   22564   6048   5300 S   0,0  0,0   0:00.00 tcpdump
15257 root      20   0   22564   6176   5292 S   0,0  0,0   0:00.00 tcpdump
15258 root      20   0   22564   6228   5340 S   0,0  0,0   0:00.00 tcpdump
15106 root      20   0  985408 121700   8912 S   2,0  0,7   0:01.08 ovs-vswitc+
15176 root      20   0  985420 121716   8912 S   2,0  0,7   0:01.09 ovs-vswitc+
15001 root      10 -10   20924   4984   4224 S   0,0  0,0   0:00.00 ovsdb-serv+
15040 root      10 -10   26456   9860   8912 S   0,0  0,1   0:00.00 ovs-vswitc+
15102 root      20   0   20912   4900   4116 S   0,0  0,0   0:00.01 ovsdb-serv+
15172 root      20   0   20912   4932   4148 S   0,0  0,0   0:00.01 ovsdb-serv+
15251 root      20   0   22564   6072   5324 S   0,0  0,0   0:00.00 tcpdump
15253 root      20   0   22564   6088   5340 S   0,0  0,0   0:00.00 tcpdump
15254 root      20   0   22564   6100   5352 S   0,0  0,0   0:00.00 tcpdump
15255 root      20   0   22564   6016   5268 S   0,0  0,0   0:00.00 tcpdump
15256 root      20   0   22564   6048   5300 S   0,0  0,0   0:00.00 tcpdump
15257 root      20   0   22564   6176   5292 S   0,0  0,0   0:00.00 tcpdump
15258 root      20   0   22564   6228   5340 S   0,0  0,0   0:00.00 tcpdump
15176 root      20   0  985420 121716   8912 S   3,0  0,7   0:01.12 ovs-vswitc+
15106 root      20   0  985408 121700   8912 S   2,0  0,7   0:01.10 ovs-vswitc+
15001 root      10 -10   20924   4984   4224 S   0,0  0,0   0:00.00 ovsdb-serv+
15040 root      10 -10   26456   9860   8912 S   0,0  0,1   0:00.00 ovs-vswitc+
15102 root      20   0   20912   4900   4116 S   0,0  0,0   0:00.01 ovsdb-serv+
15172 root      20   0   20912   4932   4148 S   0,0  0,0   0:00.01 ovsdb-serv+
15251 root      20   0   22564   6072   5324 S   0,0  0,0   0:00.00 tcpdump
15253 root      20   0   22564   6088   5340 S   0,0  0,0   0:00.00 tcpdump
15254 root      20   0   22564   6100   5352 S   0,0  0,0   0:00.00 tcpdump
15255 root      20   0   22564   6016   5268 S   0,0  0,0   0:00.00 tcpdump
15256 root      20   0   22564   6048   5300 S   0,0  0,0   0:00.00 tcpdump
15257 root      20   0   22564   6176   5292 S   0,0  0,0   0:00.00 tcpdump
15258 root      20   0   22564   6228   5340 S   0,0  0,0   0:00.00 tcpdump
15106 root      20   0  985408 121700   8912 S   3,9  0,7   0:01.14 ovs-vswitc+
15176 root      20   0  985420 121716   8912 S   2,0  0,7   0:01.14 ovs-vswitc+
15001 root      10 -10   20924   4984   4224 S   0,0  0,0   0:00.00 ovsdb-serv+
15040 root      10 -10   26456   9860   8912 S   0,0  0,1   0:00.00 ovs-vswitc+
15102 root      20   0   20912   4900   4116 S   0,0  0,0   0:00.01 ovsdb-serv+
15172 root      20   0   20912   4932   4148 S   0,0  0,0   0:00.01 ovsdb-serv+
15251 root      20   0   22564   6072   5324 S   0,0  0,0   0:00.00 tcpdump
15253 root      20   0   22564   6088   5340 S   0,0  0,0   0:00.00 tcpdump
15254 root      20   0   22564   6100   5352 S   0,0  0,0   0:00.00 tcpdump
15255 root      20   0   22564   6016   5268 S   0,0  0,0   0:00.00 tcpdump
15256 root      20   0   22564   6048   5300 S   0,0  0,0   0:00.00 tcpdump
15257 root      20   0   22564   6176   5292 S   0,0  0,0   0:00.00 tcpdump
15258 root      20   0   22564   6228   5340 S   0,0  0,0   0:00.00 tcpdump
15176 root      20   0  985420 121716   8912 S   4,0  0,7   0:01.18 ovs-vswitc+
15106 root      20   0  985408 121700   8912 S   2,0  0,7   0:01.16 ovs-vswitc+
15001 root      10 -10   20924   4984   4224 S   0,0  0,0   0:00.00 ovsdb-serv+
15040 root      10 -10   26456   9860   8912 S   0,0  0,1   0:00.00 ovs-vswitc+
15102 root      20   0   20912   4900   4116 S   0,0  0,0   0:00.01 ovsdb-serv+
15172 root      20   0   20912   4932   4148 S   0,0  0,0   0:00.01 ovsdb-serv+
15251 root      20   0   22564   6072   5324 S   0,0  0,0   0:00.00 tcpdump
15253 root      20   0   22564   6088   5340 S   0,0  0,0   0:00.00 tcpdump
15254 root      20   0   22564   6100   5352 S   0,0  0,0   0:00.00 tcpdump
15255 root      20   0   22564   6016   5268 S   0,0  0,0   0:00.00 tcpdump
15256 root      20   0   22564   6048   5300 S   0,0  0,0   0:00.00 tcpdump
15257 root      20   0   22564   6176   5292 S   0,0  0,0   0:00.00 tcpdump
15258 root      20   0   22564   6228   5340 S   0,0  0,0   0:00.00 tcpdump
15106 root      20   0  985408 121700   8912 S   3,0  0,7   0:01.19 ovs-vswitc+
15176 root      20   0  985420 121716   8912 S   2,0  0,7   0:01.20 ovs-vswitc+
15001 root      10 -10   20924   4984   4224 S   0,0  0,0   0:00.00 ovsdb-serv+
15040 root      10 -10   26456   9860   8912 S   0,0  0,1   0:00.00 ovs-vswitc+
15102 root      20   0   20912   4900   4116 S   0,0  0,0   0:00.01 ovsdb-serv+
15172 root      20   0   20912   4932   4148 S   0,0  0,0   0:00.01 ovsdb-serv+
15251 root      20   0   22564   6072   5324 S   0,0  0,0   0:00.00 tcpdump
15253 root      20   0   22564   6088   5340 S   0,0  0,0   0:00.00 tcpdump
15254 root      20   0   22564   6100   5352 S   0,0  0,0   0:00.00 tcpdump
15255 root      20   0   22564   6016   5268 S   0,0  0,0   0:00.00 tcpdump
15256 root      20   0   22564   6048   5300 S   0,0  0,0   0:00.00 tcpdump
15257 root      20   0   22564   6176   5292 S   0,0  0,0   0:00.00 tcpdump
15258 root      20   0   22564   6228   5340 S   0,0  0,0   0:00.00 tcpdump
15176 root      20   0  985420 121716   8912 S   2,0  0,7   0:01.22 ovs-vswitc+
15106 root      20   0  985408 121700   8912 S   1,0  0,7   0:01.20 ovs-vswitc+
15001 root      10 -10   20924   4984   4224 S   0,0  0,0   0:00.00 ovsdb-serv+
15040 root      10 -10   26456   9860   8912 S   0,0  0,1   0:00.00 ovs-vswitc+
15102 root      20   0   20912   4900   4116 S   0,0  0,0   0:00.01 ovsdb-serv+
15172 root      20   0   20912   4932   4148 S   0,0  0,0   0:00.01 ovsdb-serv+
15251 root      20   0   22564   6072   5324 S   0,0  0,0   0:00.00 tcpdump
15253 root      20   0   22564   6088   5340 S   0,0  0,0   0:00.00 tcpdump
15254 root      20   0   22564   6100   5352 S   0,0  0,0   0:00.00 tcpdump
15255 root      20   0   22564   6016   5268 S   0,0  0,0   0:00.00 tcpdump
15256 root      20   0   22564   6048   5300 S   0,0  0,0   0:00.00 tcpdump
15257 root      20   0   22564   6176   5292 S   0,0  0,0   0:00.00 tcpdump
15258 root      20   0   22564   6228   5340 S   0,0  0,0   0:00.00 tcpdump
15176 root      20   0  985420 121716   8912 S   3,0  0,7   0:01.25 ovs-vswitc+
15106 root      20   0  985408 121700   8912 S   2,0  0,7   0:01.22 ovs-vswitc+
15001 root      10 -10   20924   4984   4224 S   0,0  0,0   0:00.00 ovsdb-serv+
15040 root      10 -10   26456   9860   8912 S   0,0  0,1   0:00.00 ovs-vswitc+
15102 root      20   0   20912   4900   4116 S   0,0  0,0   0:00.01 ovsdb-serv+
15172 root      20   0   20912   4932   4148 S   0,0  0,0   0:00.01 ovsdb-serv+
15251 root      20   0   22564   6072   5324 S   0,0  0,0   0:00.00 tcpdump
15253 root      20   0   22564   6088   5340 S   0,0  0,0   0:00.00 tcpdump
15254 root      20   0   22564   6100   5352 S   0,0  0,0   0:00.00 tcpdump
15255 root      20   0   22564   6016   5268 S   0,0  0,0   0:00.00 tcpdump
15256 root      20   0   22564   6048   5300 S   0,0  0,0   0:00.00 tcpdump
15257 root      20   0   22564   6176   5292 S   0,0  0,0   0:00.00 tcpdump
15258 root      20   0   22564   6228   5340 S   0,0  0,0   0:00.00 tcpdump
15106 root      20   0  985408 121700   8912 S   2,0  0,7   0:01.24 ovs-vswitc+
15176 root      20   0  985420 121716   8912 S   2,0  0,7   0:01.27 ovs-vswitc+
15001 root      10 -10   20924   4984   4224 S   0,0  0,0   0:00.00 ovsdb-serv+
15040 root      10 -10   26456   9860   8912 S   0,0  0,1   0:00.00 ovs-vswitc+
15102 root      20   0   20912   4900   4116 S   0,0  0,0   0:00.01 ovsdb-serv+
15172 root      20   0   20912   4932   4148 S   0,0  0,0   0:00.01 ovsdb-serv+
15251 root      20   0   22564   6072   5324 S   0,0  0,0   0:00.00 tcpdump
15253 root      20   0   22564   6088   5340 S   0,0  0,0   0:00.00 tcpdump
15254 root      20   0   22564   6100   5352 S   0,0  0,0   0:00.00 tcpdump
15255 root      20   0   22564   6016   5268 S   0,0  0,0   0:00.00 tcpdump
15256 root      20   0   22564   6048   5300 S   0,0  0,0   0:00.00 tcpdump
15257 root      20   0   22564   6176   5292 S   0,0  0,0   0:00.00 tcpdump
15258 root      20   0   22564   6228   5340 S   0,0  0,0   0:00.00 tcpdump
15176 root      20   0  985420 121716   8912 S   1,0  0,7   0:01.28 ovs-vswitc+
15001 root      10 -10   20924   4984   4224 S   0,0  0,0   0:00.00 ovsdb-serv+
15040 root      10 -10   26456   9860   8912 S   0,0  0,1   0:00.00 ovs-vswitc+
15102 root      20   0   20912   4900   4116 S   0,0  0,0   0:00.01 ovsdb-serv+
15106 root      20   0  985408 121700   8912 S   0,0  0,7   0:01.24 ovs-vswitc+
15172 root      20   0   20912   4932   4148 S   0,0  0,0   0:00.01 ovsdb-serv+
15251 root      20   0   22564   6072   5324 S   0,0  0,0   0:00.00 tcpdump
15253 root      20   0   22564   6088   5340 S   0,0  0,0   0:00.00 tcpdump
15254 root      20   0   22564   6100   5352 S   0,0  0,0   0:00.00 tcpdump
15255 root      20   0   22564   6016   5268 S   0,0  0,0   0:00.00 tcpdump
15256 root      20   0   22564   6048   5300 S   0,0  0,0   0:00.00 tcpdump
15257 root      20   0   22564   6176   5292 S   0,0  0,0   0:00.00 tcpdump
15258 root      20   0   22564   6228   5340 S   0,0  0,0   0:00.00 tcpdump
15106 root      20   0  985408 121700   8912 S   2,0  0,7   0:01.26 ovs-vswitc+
15176 root      20   0  985420 121716   8912 S   1,0  0,7   0:01.29 ovs-vswitc+
15001 root      10 -10   20924   4984   4224 S   0,0  0,0   0:00.00 ovsdb-serv+
15040 root      10 -10   26456   9860   8912 S   0,0  0,1   0:00.00 ovs-vswitc+
15102 root      20   0   20912   4900   4116 S   0,0  0,0   0:00.01 ovsdb-serv+
15172 root      20   0   20912   4932   4148 S   0,0  0,0   0:00.01 ovsdb-serv+
15251 root      20   0   22564   6072   5324 S   0,0  0,0   0:00.00 tcpdump
15253 root      20   0   22564   6088   5340 S   0,0  0,0   0:00.00 tcpdump
15254 root      20   0   22564   6100   5352 S   0,0  0,0   0:00.00 tcpdump
15255 root      20   0   22564   6016   5268 S   0,0  0,0   0:00.00 tcpdump
15256 root      20   0   22564   6048   5300 S   0,0  0,0   0:00.00 tcpdump
15257 root      20   0   22564   6176   5292 S   0,0  0,0   0:00.00 tcpdump
15258 root      20   0   22564   6228   5340 S   0,0  0,0   0:00.00 tcpdump
15106 root      20   0  985408 121700   8912 S   1,0  0,7   0:01.27 ovs-vswitc+
15176 root      20   0  985420 121716   8912 S   1,0  0,7   0:01.30 ovs-vswitc+
15001 root      10 -10   20924   4984   4224 S   0,0  0,0   0:00.00 ovsdb-serv+
15040 root      10 -10   26456   9860   8912 S   0,0  0,1   0:00.00 ovs-vswitc+
15102 root      20   0   20912   4900   4116 S   0,0  0,0   0:00.01 ovsdb-serv+
15172 root      20   0   20912   4932   4148 S   0,0  0,0   0:00.01 ovsdb-serv+
15251 root      20   0   22564   6072   5324 S   0,0  0,0   0:00.00 tcpdump
15253 root      20   0   22564   6088   5340 S   0,0  0,0   0:00.00 tcpdump
15254 root      20   0   22564   6100   5352 S   0,0  0,0   0:00.00 tcpdump
15255 root      20   0   22564   6016   5268 S   0,0  0,0   0:00.00 tcpdump
15256 root      20   0   22564   6048   5300 S   0,0  0,0   0:00.00 tcpdump
15257 root      20   0   22564   6176   5292 S   0,0  0,0   0:00.00 tcpdump
15258 root      20   0   22564   6228   5340 S   0,0  0,0   0:00.00 tcpdump
15106 root      20   0  985408 121700   8912 S   1,0  0,7   0:01.28 ovs-vswitc+
15176 root      20   0  985420 121716   8912 S   1,0  0,7   0:01.31 ovs-vswitc+
15001 root      10 -10   20924   4984   4224 S   0,0  0,0   0:00.00 ovsdb-serv+
15040 root      10 -10   26456   9860   8912 S   0,0  0,1   0:00.00 ovs-vswitc+
15102 root      20   0   20912   4900   4116 S   0,0  0,0   0:00.01 ovsdb-serv+
15172 root      20   0   20912   4932   4148 S   0,0  0,0   0:00.01 ovsdb-serv+
15251 root      20   0   22564   6072   5324 S   0,0  0,0   0:00.00 tcpdump
15253 root      20   0   22564   6088   5340 S   0,0  0,0   0:00.00 tcpdump
15254 root      20   0   22564   6100   5352 S   0,0  0,0   0:00.00 tcpdump
15255 root      20   0   22564   6016   5268 S   0,0  0,0   0:00.00 tcpdump
15256 root      20   0   22564   6048   5300 S   0,0  0,0   0:00.00 tcpdump
15257 root      20   0   22564   6176   5292 S   0,0  0,0   0:00.00 tcpdump
15258 root      20   0   22564   6228   5340 S   0,0  0,0   0:00.00 tcpdump
15176 root      20   0  985420 121716   8912 S   1,0  0,7   0:01.32 ovs-vswitc+
15001 root      10 -10   20924   4984   4224 S   0,0  0,0   0:00.00 ovsdb-serv+
15040 root      10 -10   26456   9860   8912 S   0,0  0,1   0:00.00 ovs-vswitc+
15102 root      20   0   20912   4900   4116 S   0,0  0,0   0:00.01 ovsdb-serv+
15106 root      20   0  985408 121700   8912 S   0,0  0,7   0:01.28 ovs-vswitc+
15172 root      20   0   20912   4932   4148 S   0,0  0,0   0:00.01 ovsdb-serv+
15251 root      20   0   22564   6072   5324 S   0,0  0,0   0:00.00 tcpdump
15253 root      20   0   22564   6088   5340 S   0,0  0,0   0:00.00 tcpdump
15254 root      20   0   22564   6100   5352 S   0,0  0,0   0:00.00 tcpdump
15255 root      20   0   22564   6016   5268 S   0,0  0,0   0:00.00 tcpdump
15256 root      20   0   22564   6048   5300 S   0,0  0,0   0:00.00 tcpdump
15257 root      20   0   22564   6176   5292 S   0,0  0,0   0:00.00 tcpdump
15258 root      20   0   22564   6228   5340 S   0,0  0,0   0:00.00 tcpdump
15106 root      20   0  985408 121700   8912 S   1,0  0,7   0:01.29 ovs-vswitc+
15001 root      10 -10   20924   4984   4224 S   0,0  0,0   0:00.00 ovsdb-serv+
15040 root      10 -10   26456   9860   8912 S   0,0  0,1   0:00.00 ovs-vswitc+
15102 root      20   0   20912   4900   4116 S   0,0  0,0   0:00.01 ovsdb-serv+
15172 root      20   0   20912   4932   4148 S   0,0  0,0   0:00.01 ovsdb-serv+
15176 root      20   0  985420 121716   8912 S   0,0  0,7   0:01.32 ovs-vswitc+
15251 root      20   0   22564   6072   5324 S   0,0  0,0   0:00.00 tcpdump
15253 root      20   0   22564   6088   5340 S   0,0  0,0   0:00.00 tcpdump
15254 root      20   0   22564   6100   5352 S   0,0  0,0   0:00.00 tcpdump
15255 root      20   0   22564   6016   5268 S   0,0  0,0   0:00.00 tcpdump
15256 root      20   0   22564   6048   5300 S   0,0  0,0   0:00.00 tcpdump
15257 root      20   0   22564   6176   5292 S   0,0  0,0   0:00.00 tcpdump
15258 root      20   0   22564   6228   5340 S   0,0  0,0   0:00.00 tcpdump
15106 root      20   0  985408 121700   8912 S   2,0  0,7   0:01.31 ovs-vswitc+
15176 root      20   0  985420 121716   8912 S   2,0  0,7   0:01.34 ovs-vswitc+
15001 root      10 -10   20924   4984   4224 S   1,0  0,0   0:00.01 ovsdb-serv+
15040 root      10 -10   26456   9860   8912 S   0,0  0,1   0:00.00 ovs-vswitc+
15102 root      20   0   20912   4900   4116 S   0,0  0,0   0:00.01 ovsdb-serv+
15172 root      20   0   20912   4932   4148 S   0,0  0,0   0:00.01 ovsdb-serv+
15251 root      20   0   22564   6072   5324 S   0,0  0,0   0:00.00 tcpdump
15253 root      20   0   22564   6088   5340 S   0,0  0,0   0:00.00 tcpdump
15254 root      20   0   22564   6100   5352 S   0,0  0,0   0:00.00 tcpdump
15255 root      20   0   22564   6016   5268 S   0,0  0,0   0:00.00 tcpdump
15256 root      20   0   22564   6048   5300 S   0,0  0,0   0:00.00 tcpdump
15257 root      20   0   22564   6176   5292 S   0,0  0,0   0:00.00 tcpdump
15258 root      20   0   22564   6228   5340 S   0,0  0,0   0:00.00 tcpdump
15001 root      10 -10   20924   4984   4224 S   0,0  0,0   0:00.01 ovsdb-serv+
15040 root      10 -10   26456   9860   8912 S   0,0  0,1   0:00.00 ovs-vswitc+
15102 root      20   0   20912   4900   4116 S   0,0  0,0   0:00.01 ovsdb-serv+
15106 root      20   0  985408 121700   8912 S   0,0  0,7   0:01.31 ovs-vswitc+
15172 root      20   0   20912   4932   4148 S   0,0  0,0   0:00.01 ovsdb-serv+
15176 root      20   0  985420 121716   8912 S   0,0  0,7   0:01.34 ovs-vswitc+
15251 root      20   0   22564   6072   5324 S   0,0  0,0   0:00.00 tcpdump
15253 root      20   0   22564   6088   5340 S   0,0  0,0   0:00.00 tcpdump
15254 root      20   0   22564   6100   5352 S   0,0  0,0   0:00.00 tcpdump
15255 root      20   0   22564   6016   5268 S   0,0  0,0   0:00.00 tcpdump
15256 root      20   0   22564   6048   5300 S   0,0  0,0   0:00.00 tcpdump
15257 root      20   0   22564   6176   5292 S   0,0  0,0   0:00.00 tcpdump
15258 root      20   0   22564   6228   5340 S   0,0  0,0   0:00.00 tcpdump
15106 root      20   0  985408 121700   8912 S   1,0  0,7   0:01.32 ovs-vswitc+
15001 root      10 -10   20924   4984   4224 S   0,0  0,0   0:00.01 ovsdb-serv+
15040 root      10 -10   26456   9860   8912 S   0,0  0,1   0:00.00 ovs-vswitc+
15102 root      20   0   20912   4900   4116 S   0,0  0,0   0:00.01 ovsdb-serv+
15172 root      20   0   20912   4932   4148 S   0,0  0,0   0:00.01 ovsdb-serv+
15176 root      20   0  985420 121716   8912 S   0,0  0,7   0:01.34 ovs-vswitc+
15251 root      20   0   22564   6072   5324 S   0,0  0,0   0:00.00 tcpdump
15253 root      20   0   22564   6088   5340 S   0,0  0,0   0:00.00 tcpdump
15254 root      20   0   22564   6100   5352 S   0,0  0,0   0:00.00 tcpdump
15255 root      20   0   22564   6016   5268 S   0,0  0,0   0:00.00 tcpdump
15256 root      20   0   22564   6048   5300 S   0,0  0,0   0:00.00 tcpdump
15257 root      20   0   22564   6176   5292 S   0,0  0,0   0:00.00 tcpdump
15258 root      20   0   22564   6228   5340 S   0,0  0,0   0:00.00 tcpdump
15176 root      20   0  985420 121716   8912 S   2,0  0,7   0:01.36 ovs-vswitc+
15106 root      20   0  985408 121700   8912 S   1,0  0,7   0:01.33 ovs-vswitc+
15001 root      10 -10   20924   4984   4224 S   0,0  0,0   0:00.01 ovsdb-serv+
15040 root      10 -10   26456   9860   8912 S   0,0  0,1   0:00.00 ovs-vswitc+
15102 root      20   0   20912   4900   4116 S   0,0  0,0   0:00.01 ovsdb-serv+
15172 root      20   0   20912   4932   4148 S   0,0  0,0   0:00.01 ovsdb-serv+
15251 root      20   0   22564   6072   5324 S   0,0  0,0   0:00.00 tcpdump
15253 root      20   0   22564   6088   5340 S   0,0  0,0   0:00.00 tcpdump
15254 root      20   0   22564   6100   5352 S   0,0  0,0   0:00.00 tcpdump
15255 root      20   0   22564   6016   5268 S   0,0  0,0   0:00.00 tcpdump
15256 root      20   0   22564   6048   5300 S   0,0  0,0   0:00.00 tcpdump
15257 root      20   0   22564   6176   5292 S   0,0  0,0   0:00.00 tcpdump
15258 root      20   0   22564   6228   5340 S   0,0  0,0   0:00.00 tcpdump
15106 root      20   0  985408 121700   8912 S   1,0  0,7   0:01.34 ovs-vswitc+
15176 root      20   0  985420 121716   8912 S   1,0  0,7   0:01.37 ovs-vswitc+
15001 root      10 -10   20924   4984   4224 S   0,0  0,0   0:00.01 ovsdb-serv+
15040 root      10 -10   26456   9860   8912 S   0,0  0,1   0:00.00 ovs-vswitc+
15102 root      20   0   20912   4900   4116 S   0,0  0,0   0:00.01 ovsdb-serv+
15172 root      20   0   20912   4932   4148 S   0,0  0,0   0:00.01 ovsdb-serv+
15251 root      20   0   22564   6072   5324 S   0,0  0,0   0:00.00 tcpdump
15253 root      20   0   22564   6088   5340 S   0,0  0,0   0:00.00 tcpdump
15254 root      20   0   22564   6100   5352 S   0,0  0,0   0:00.00 tcpdump
15255 root      20   0   22564   6016   5268 S   0,0  0,0   0:00.00 tcpdump
15256 root      20   0   22564   6048   5300 S   0,0  0,0   0:00.00 tcpdump
15257 root      20   0   22564   6176   5292 S   0,0  0,0   0:00.00 tcpdump
15258 root      20   0   22564   6228   5340 S   0,0  0,0   0:00.00 tcpdump
15001 root      10 -10   20924   4984   4224 S   0,0  0,0   0:00.01 ovsdb-serv+
15040 root      10 -10   26456   9860   8912 S   0,0  0,1   0:00.00 ovs-vswitc+
15102 root      20   0   20912   4900   4116 S   0,0  0,0   0:00.01 ovsdb-serv+
15106 root      20   0  985408 121700   8912 S   0,0  0,7   0:01.34 ovs-vswitc+
15172 root      20   0   20912   4932   4148 S   0,0  0,0   0:00.01 ovsdb-serv+
15176 root      20   0  985420 121716   8912 S   0,0  0,7   0:01.37 ovs-vswitc+
15251 root      20   0   22564   6072   5324 S   0,0  0,0   0:00.00 tcpdump
15253 root      20   0   22564   6088   5340 S   0,0  0,0   0:00.00 tcpdump
15254 root      20   0   22564   6100   5352 S   0,0  0,0   0:00.00 tcpdump
15255 root      20   0   22564   6016   5268 S   0,0  0,0   0:00.00 tcpdump
15256 root      20   0   22564   6048   5300 S   0,0  0,0   0:00.00 tcpdump
15257 root      20   0   22564   6176   5292 S   0,0  0,0   0:00.00 tcpdump
15258 root      20   0   22564   6228   5340 S   0,0  0,0   0:00.00 tcpdump
15106 root      20   0  985408 121700   8912 S   1,0  0,7   0:01.35 ovs-vswitc+
15176 root      20   0  985420 121716   8912 S   1,0  0,7   0:01.38 ovs-vswitc+
15001 root      10 -10   20924   4984   4224 S   0,0  0,0   0:00.01 ovsdb-serv+
15040 root      10 -10   26456   9860   8912 S   0,0  0,1   0:00.00 ovs-vswitc+
15102 root      20   0   20912   4900   4116 S   0,0  0,0   0:00.01 ovsdb-serv+
15172 root      20   0   20912   4932   4148 S   0,0  0,0   0:00.01 ovsdb-serv+
15251 root      20   0   22564   6072   5324 S   0,0  0,0   0:00.00 tcpdump
15253 root      20   0   22564   6088   5340 S   0,0  0,0   0:00.00 tcpdump
15254 root      20   0   22564   6100   5352 S   0,0  0,0   0:00.00 tcpdump
15255 root      20   0   22564   6016   5268 S   0,0  0,0   0:00.00 tcpdump
15256 root      20   0   22564   6048   5300 S   0,0  0,0   0:00.00 tcpdump
15257 root      20   0   22564   6176   5292 S   0,0  0,0   0:00.00 tcpdump
15258 root      20   0   22564   6228   5340 S   0,0  0,0   0:00.00 tcpdump
15106 root      20   0  985408 121700   8912 S   1,0  0,7   0:01.36 ovs-vswitc+
15176 root      20   0  985420 121716   8912 S   1,0  0,7   0:01.39 ovs-vswitc+
15001 root      10 -10   20924   4984   4224 S   0,0  0,0   0:00.01 ovsdb-serv+
15040 root      10 -10   26456   9860   8912 S   0,0  0,1   0:00.00 ovs-vswitc+
15102 root      20   0   20912   4900   4116 S   0,0  0,0   0:00.01 ovsdb-serv+
15172 root      20   0   20912   4932   4148 S   0,0  0,0   0:00.01 ovsdb-serv+
15251 root      20   0   22564   6072   5324 S   0,0  0,0   0:00.00 tcpdump
15253 root      20   0   22564   6088   5340 S   0,0  0,0   0:00.00 tcpdump
15254 root      20   0   22564   6100   5352 S   0,0  0,0   0:00.00 tcpdump
15255 root      20   0   22564   6016   5268 S   0,0  0,0   0:00.00 tcpdump
15256 root      20   0   22564   6048   5300 S   0,0  0,0   0:00.00 tcpdump
15257 root      20   0   22564   6176   5292 S   0,0  0,0   0:00.00 tcpdump
15258 root      20   0   22564   6228   5340 S   0,0  0,0   0:00.00 tcpdump
15106 root      20   0  985408 121700   8912 S   1,0  0,7   0:01.37 ovs-vswitc+
15176 root      20   0  985420 121716   8912 S   1,0  0,7   0:01.40 ovs-vswitc+
15001 root      10 -10   20924   4984   4224 S   0,0  0,0   0:00.01 ovsdb-serv+
15040 root      10 -10   26456   9860   8912 S   0,0  0,1   0:00.00 ovs-vswitc+
15102 root      20   0   20912   4900   4116 S   0,0  0,0   0:00.01 ovsdb-serv+
15172 root      20   0   20912   4932   4148 S   0,0  0,0   0:00.01 ovsdb-serv+
15251 root      20   0   22564   6072   5324 S   0,0  0,0   0:00.00 tcpdump
15253 root      20   0   22564   6088   5340 S   0,0  0,0   0:00.00 tcpdump
15254 root      20   0   22564   6100   5352 S   0,0  0,0   0:00.00 tcpdump
15255 root      20   0   22564   6016   5268 S   0,0  0,0   0:00.00 tcpdump
15256 root      20   0   22564   6048   5300 S   0,0  0,0   0:00.00 tcpdump
15257 root      20   0   22564   6176   5292 S   0,0  0,0   0:00.00 tcpdump
15258 root      20   0   22564   6228   5340 S   0,0  0,0   0:00.00 tcpdump
15106 root      20   0  985408 121700   8912 S   1,0  0,7   0:01.38 ovs-vswitc+
15001 root      10 -10   20924   4984   4224 S   0,0  0,0   0:00.01 ovsdb-serv+
15040 root      10 -10   26456   9860   8912 S   0,0  0,1   0:00.00 ovs-vswitc+
15102 root      20   0   20912   4900   4116 S   0,0  0,0   0:00.01 ovsdb-serv+
15172 root      20   0   20912   4932   4148 S   0,0  0,0   0:00.01 ovsdb-serv+
15176 root      20   0  985420 121716   8912 S   0,0  0,7   0:01.40 ovs-vswitc+
15251 root      20   0   22564   6072   5324 S   0,0  0,0   0:00.00 tcpdump
15253 root      20   0   22564   6088   5340 S   0,0  0,0   0:00.00 tcpdump
15254 root      20   0   22564   6100   5352 S   0,0  0,0   0:00.00 tcpdump
15255 root      20   0   22564   6016   5268 S   0,0  0,0   0:00.00 tcpdump
15256 root      20   0   22564   6048   5300 S   0,0  0,0   0:00.00 tcpdump
15257 root      20   0   22564   6176   5292 S   0,0  0,0   0:00.00 tcpdump
15258 root      20   0   22564   6228   5340 S   0,0  0,0   0:00.00 tcpdump
15176 root      20   0  985420 121716   8912 S   1,0  0,7   0:01.41 ovs-vswitc+
15001 root      10 -10   20924   4984   4224 S   0,0  0,0   0:00.01 ovsdb-serv+
15040 root      10 -10   26456   9860   8912 S   0,0  0,1   0:00.00 ovs-vswitc+
15102 root      20   0   20912   4900   4116 S   0,0  0,0   0:00.01 ovsdb-serv+
15106 root      20   0  985408 121700   8912 S   0,0  0,7   0:01.38 ovs-vswitc+
15172 root      20   0   20912   4932   4148 S   0,0  0,0   0:00.01 ovsdb-serv+
15251 root      20   0   22564   6072   5324 S   0,0  0,0   0:00.00 tcpdump
15253 root      20   0   22564   6088   5340 S   0,0  0,0   0:00.00 tcpdump
15254 root      20   0   22564   6100   5352 S   0,0  0,0   0:00.00 tcpdump
15255 root      20   0   22564   6016   5268 S   0,0  0,0   0:00.00 tcpdump
15256 root      20   0   22564   6048   5300 S   0,0  0,0   0:00.00 tcpdump
15257 root      20   0   22564   6176   5292 S   0,0  0,0   0:00.00 tcpdump
15258 root      20   0   22564   6228   5340 S   0,0  0,0   0:00.00 tcpdump
15176 root      20   0  985420 121716   8912 S   2,0  0,7   0:01.43 ovs-vswitc+
15106 root      20   0  985408 121700   8912 S   1,0  0,7   0:01.39 ovs-vswitc+
15001 root      10 -10   20924   4984   4224 S   0,0  0,0   0:00.01 ovsdb-serv+
15040 root      10 -10   26456   9860   8912 S   0,0  0,1   0:00.00 ovs-vswitc+
15102 root      20   0   20912   4900   4116 S   0,0  0,0   0:00.01 ovsdb-serv+
15172 root      20   0   20912   4932   4148 S   0,0  0,0   0:00.01 ovsdb-serv+
15251 root      20   0   22564   6072   5324 S   0,0  0,0   0:00.00 tcpdump
15253 root      20   0   22564   6088   5340 S   0,0  0,0   0:00.00 tcpdump
15254 root      20   0   22564   6100   5352 S   0,0  0,0   0:00.00 tcpdump
15255 root      20   0   22564   6016   5268 S   0,0  0,0   0:00.00 tcpdump
15256 root      20   0   22564   6048   5300 S   0,0  0,0   0:00.00 tcpdump
15257 root      20   0   22564   6176   5292 S   0,0  0,0   0:00.00 tcpdump
15258 root      20   0   22564   6228   5340 S   0,0  0,0   0:00.00 tcpdump
15106 root      20   0  985408 121700   8912 S   2,0  0,7   0:01.41 ovs-vswitc+
15001 root      10 -10   20924   4984   4224 S   0,0  0,0   0:00.01 ovsdb-serv+
15040 root      10 -10   26456   9860   8912 S   0,0  0,1   0:00.00 ovs-vswitc+
15102 root      20   0   20912   4900   4116 S   0,0  0,0   0:00.01 ovsdb-serv+
15172 root      20   0   20912   4932   4148 S   0,0  0,0   0:00.01 ovsdb-serv+
15176 root      20   0  985420 121716   8912 S   0,0  0,7   0:01.43 ovs-vswitc+
15251 root      20   0   22564   6072   5324 S   0,0  0,0   0:00.00 tcpdump
15253 root      20   0   22564   6088   5340 S   0,0  0,0   0:00.00 tcpdump
15254 root      20   0   22564   6100   5352 S   0,0  0,0   0:00.00 tcpdump
15255 root      20   0   22564   6016   5268 S   0,0  0,0   0:00.00 tcpdump
15256 root      20   0   22564   6048   5300 S   0,0  0,0   0:00.00 tcpdump
15257 root      20   0   22564   6176   5292 S   0,0  0,0   0:00.00 tcpdump
15258 root      20   0   22564   6228   5340 S   0,0  0,0   0:00.00 tcpdump
15106 root      20   0  985408 121700   8912 S   1,0  0,7   0:01.42 ovs-vswitc+
15001 root      10 -10   20924   4984   4224 S   0,0  0,0   0:00.01 ovsdb-serv+
15040 root      10 -10   26456   9860   8912 S   0,0  0,1   0:00.00 ovs-vswitc+
15102 root      20   0   20912   4900   4116 S   0,0  0,0   0:00.01 ovsdb-serv+
15172 root      20   0   20912   4932   4148 S   0,0  0,0   0:00.01 ovsdb-serv+
15176 root      20   0  985420 121716   8912 S   0,0  0,7   0:01.43 ovs-vswitc+
15251 root      20   0   22564   6072   5324 S   0,0  0,0   0:00.00 tcpdump
15253 root      20   0   22564   6088   5340 S   0,0  0,0   0:00.00 tcpdump
15254 root      20   0   22564   6100   5352 S   0,0  0,0   0:00.00 tcpdump
15255 root      20   0   22564   6016   5268 S   0,0  0,0   0:00.00 tcpdump
15256 root      20   0   22564   6048   5300 S   0,0  0,0   0:00.00 tcpdump
15257 root      20   0   22564   6176   5292 S   0,0  0,0   0:00.00 tcpdump
15258 root      20   0   22564   6228   5340 S   0,0  0,0   0:00.00 tcpdump
15176 root      20   0  985420 121716   8912 S   2,0  0,7   0:01.45 ovs-vswitc+
15001 root      10 -10   20924   4984   4224 S   0,0  0,0   0:00.01 ovsdb-serv+
15040 root      10 -10   26456   9860   8912 S   0,0  0,1   0:00.00 ovs-vswitc+
15102 root      20   0   20912   4900   4116 S   0,0  0,0   0:00.01 ovsdb-serv+
15106 root      20   0  985408 121700   8912 S   0,0  0,7   0:01.42 ovs-vswitc+
15172 root      20   0   20912   4932   4148 S   0,0  0,0   0:00.01 ovsdb-serv+
15251 root      20   0   22564   6072   5324 S   0,0  0,0   0:00.00 tcpdump
15253 root      20   0   22564   6088   5340 S   0,0  0,0   0:00.00 tcpdump
15254 root      20   0   22564   6100   5352 S   0,0  0,0   0:00.00 tcpdump
15255 root      20   0   22564   6016   5268 S   0,0  0,0   0:00.00 tcpdump
15256 root      20   0   22564   6048   5300 S   0,0  0,0   0:00.00 tcpdump
15257 root      20   0   22564   6176   5292 S   0,0  0,0   0:00.00 tcpdump
15258 root      20   0   22564   6228   5340 S   0,0  0,0   0:00.00 tcpdump
15001 root      10 -10   20924   4984   4224 S   0,0  0,0   0:00.01 ovsdb-serv+
15040 root      10 -10   26456   9860   8912 S   0,0  0,1   0:00.00 ovs-vswitc+
15102 root      20   0   20912   4900   4116 S   0,0  0,0   0:00.01 ovsdb-serv+
15106 root      20   0  985408 121700   8912 S   0,0  0,7   0:01.42 ovs-vswitc+
15172 root      20   0   20912   4932   4148 S   0,0  0,0   0:00.01 ovsdb-serv+
15176 root      20   0  985420 121716   8912 S   0,0  0,7   0:01.45 ovs-vswitc+
15251 root      20   0   22564   6072   5324 S   0,0  0,0   0:00.00 tcpdump
15253 root      20   0   22564   6088   5340 S   0,0  0,0   0:00.00 tcpdump
15254 root      20   0   22564   6100   5352 S   0,0  0,0   0:00.00 tcpdump
15255 root      20   0   22564   6016   5268 S   0,0  0,0   0:00.00 tcpdump
15256 root      20   0   22564   6048   5300 S   0,0  0,0   0:00.00 tcpdump
15257 root      20   0   22564   6176   5292 S   0,0  0,0   0:00.00 tcpdump
15258 root      20   0   22564   6228   5340 S   0,0  0,0   0:00.00 tcpdump
15106 root      20   0  985408 121700   8912 S   1,0  0,7   0:01.43 ovs-vswitc+
15176 root      20   0  985420 121716   8912 S   1,0  0,7   0:01.46 ovs-vswitc+
15001 root      10 -10   20924   4984   4224 S   0,0  0,0   0:00.01 ovsdb-serv+
15040 root      10 -10   26456   9860   8912 S   0,0  0,1   0:00.00 ovs-vswitc+
15102 root      20   0   20912   4900   4116 S   0,0  0,0   0:00.01 ovsdb-serv+
15172 root      20   0   20912   4932   4148 S   0,0  0,0   0:00.01 ovsdb-serv+
15251 root      20   0   22564   6072   5324 S   0,0  0,0   0:00.00 tcpdump
15253 root      20   0   22564   6088   5340 S   0,0  0,0   0:00.00 tcpdump
15254 root      20   0   22564   6100   5352 S   0,0  0,0   0:00.00 tcpdump
15255 root      20   0   22564   6016   5268 S   0,0  0,0   0:00.00 tcpdump
15256 root      20   0   22564   6048   5300 S   0,0  0,0   0:00.00 tcpdump
15257 root      20   0   22564   6176   5292 S   0,0  0,0   0:00.00 tcpdump
15258 root      20   0   22564   6228   5340 S   0,0  0,0   0:00.00 tcpdump
15106 root      20   0  985408 121700   8912 S   1,0  0,7   0:01.44 ovs-vswitc+
15001 root      10 -10   20924   4984   4224 S   0,0  0,0   0:00.01 ovsdb-serv+
15040 root      10 -10   26456   9860   8912 S   0,0  0,1   0:00.00 ovs-vswitc+
15102 root      20   0   20912   4900   4116 S   0,0  0,0   0:00.01 ovsdb-serv+
15172 root      20   0   20912   4932   4148 S   0,0  0,0   0:00.01 ovsdb-serv+
15176 root      20   0  985420 121716   8912 S   0,0  0,7   0:01.46 ovs-vswitc+
15251 root      20   0   22564   6072   5324 S   0,0  0,0   0:00.00 tcpdump
15253 root      20   0   22564   6088   5340 S   0,0  0,0   0:00.00 tcpdump
15254 root      20   0   22564   6100   5352 S   0,0  0,0   0:00.00 tcpdump
15255 root      20   0   22564   6016   5268 S   0,0  0,0   0:00.00 tcpdump
15256 root      20   0   22564   6048   5300 S   0,0  0,0   0:00.00 tcpdump
15257 root      20   0   22564   6176   5292 S   0,0  0,0   0:00.00 tcpdump
15258 root      20   0   22564   6228   5340 S   0,0  0,0   0:00.00 tcpdump
15106 root      20   0  985408 121700   8912 S   2,0  0,7   0:01.46 ovs-vswitc+
15176 root      20   0  985420 121716   8912 S   1,0  0,7   0:01.47 ovs-vswitc+
15001 root      10 -10   20924   4984   4224 S   0,0  0,0   0:00.01 ovsdb-serv+
15040 root      10 -10   26456   9860   8912 S   0,0  0,1   0:00.00 ovs-vswitc+
15102 root      20   0   20912   4900   4116 S   0,0  0,0   0:00.01 ovsdb-serv+
15172 root      20   0   20912   4932   4148 S   0,0  0,0   0:00.01 ovsdb-serv+
15251 root      20   0   22564   6072   5324 S   0,0  0,0   0:00.00 tcpdump
15253 root      20   0   22564   6088   5340 S   0,0  0,0   0:00.00 tcpdump
15254 root      20   0   22564   6100   5352 S   0,0  0,0   0:00.00 tcpdump
15255 root      20   0   22564   6016   5268 S   0,0  0,0   0:00.00 tcpdump
15256 root      20   0   22564   6048   5300 S   0,0  0,0   0:00.00 tcpdump
15257 root      20   0   22564   6176   5292 S   0,0  0,0   0:00.00 tcpdump
15258 root      20   0   22564   6228   5340 S   0,0  0,0   0:00.00 tcpdump
15176 root      20   0  985420 121716   8912 S   1,0  0,7   0:01.48 ovs-vswitc+
15001 root      10 -10   20924   4984   4224 S   0,0  0,0   0:00.01 ovsdb-serv+
15040 root      10 -10   26456   9860   8912 S   0,0  0,1   0:00.00 ovs-vswitc+
15102 root      20   0   20912   4900   4116 S   0,0  0,0   0:00.01 ovsdb-serv+
15106 root      20   0  985408 121700   8912 S   0,0  0,7   0:01.46 ovs-vswitc+
15172 root      20   0   20912   4932   4148 S   0,0  0,0   0:00.01 ovsdb-serv+
15251 root      20   0   22564   6072   5324 S   0,0  0,0   0:00.00 tcpdump
15253 root      20   0   22564   6088   5340 S   0,0  0,0   0:00.00 tcpdump
15254 root      20   0   22564   6100   5352 S   0,0  0,0   0:00.00 tcpdump
15255 root      20   0   22564   6016   5268 S   0,0  0,0   0:00.00 tcpdump
15256 root      20   0   22564   6048   5300 S   0,0  0,0   0:00.00 tcpdump
15257 root      20   0   22564   6176   5292 S   0,0  0,0   0:00.00 tcpdump
15258 root      20   0   22564   6228   5340 S   0,0  0,0   0:00.00 tcpdump
15106 root      20   0  985408 121700   8912 S   1,0  0,7   0:01.47 ovs-vswitc+
15176 root      20   0  985420 121716   8912 S   1,0  0,7   0:01.49 ovs-vswitc+
15001 root      10 -10   20924   4984   4224 S   0,0  0,0   0:00.01 ovsdb-serv+
15040 root      10 -10   26456   9860   8912 S   0,0  0,1   0:00.00 ovs-vswitc+
15102 root      20   0   20912   4900   4116 S   0,0  0,0   0:00.01 ovsdb-serv+
15172 root      20   0   20912   4932   4148 S   0,0  0,0   0:00.01 ovsdb-serv+
15251 root      20   0   22564   6072   5324 S   0,0  0,0   0:00.00 tcpdump
15253 root      20   0   22564   6088   5340 S   0,0  0,0   0:00.00 tcpdump
15254 root      20   0   22564   6100   5352 S   0,0  0,0   0:00.00 tcpdump
15255 root      20   0   22564   6016   5268 S   0,0  0,0   0:00.00 tcpdump
15256 root      20   0   22564   6048   5300 S   0,0  0,0   0:00.00 tcpdump
15257 root      20   0   22564   6176   5292 S   0,0  0,0   0:00.00 tcpdump
15258 root      20   0   22564   6228   5340 S   0,0  0,0   0:00.00 tcpdump
15106 root      20   0  985408 121700   8912 S   1,0  0,7   0:01.48 ovs-vswitc+
15001 root      10 -10   20924   4984   4224 S   0,0  0,0   0:00.01 ovsdb-serv+
15040 root      10 -10   26456   9860   8912 S   0,0  0,1   0:00.00 ovs-vswitc+
15102 root      20   0   20912   4900   4116 S   0,0  0,0   0:00.01 ovsdb-serv+
15172 root      20   0   20912   4932   4148 S   0,0  0,0   0:00.01 ovsdb-serv+
15176 root      20   0  985420 121716   8912 S   0,0  0,7   0:01.49 ovs-vswitc+
15251 root      20   0   22564   6072   5324 S   0,0  0,0   0:00.00 tcpdump
15253 root      20   0   22564   6088   5340 S   0,0  0,0   0:00.00 tcpdump
15254 root      20   0   22564   6100   5352 S   0,0  0,0   0:00.00 tcpdump
15255 root      20   0   22564   6016   5268 S   0,0  0,0   0:00.00 tcpdump
15256 root      20   0   22564   6048   5300 S   0,0  0,0   0:00.00 tcpdump
15257 root      20   0   22564   6176   5292 S   0,0  0,0   0:00.00 tcpdump
15258 root      20   0   22564   6228   5340 S   0,0  0,0   0:00.00 tcpdump
15102 root      20   0   20912   4900   4116 S   1,0  0,0   0:00.02 ovsdb-serv+
15106 root      20   0  985408 121700   8912 S   1,0  0,7   0:01.49 ovs-vswitc+
15172 root      20   0   20912   4932   4148 S   1,0  0,0   0:00.02 ovsdb-serv+
15176 root      20   0  985420 121716   8912 S   1,0  0,7   0:01.50 ovs-vswitc+
15001 root      10 -10   20924   4984   4224 S   0,0  0,0   0:00.01 ovsdb-serv+
15040 root      10 -10   26456   9860   8912 S   0,0  0,1   0:00.00 ovs-vswitc+
15251 root      20   0   22564   6072   5324 S   0,0  0,0   0:00.00 tcpdump
15253 root      20   0   22564   6088   5340 S   0,0  0,0   0:00.00 tcpdump
15254 root      20   0   22564   6100   5352 S   0,0  0,0   0:00.00 tcpdump
15255 root      20   0   22564   6016   5268 S   0,0  0,0   0:00.00 tcpdump
15256 root      20   0   22564   6048   5300 S   0,0  0,0   0:00.00 tcpdump
15257 root      20   0   22564   6176   5292 S   0,0  0,0   0:00.00 tcpdump
15258 root      20   0   22564   6228   5340 S   0,0  0,0   0:00.00 tcpdump
15106 root      20   0  985408 121700   8912 S   1,0  0,7   0:01.50 ovs-vswitc+
15176 root      20   0  985420 121716   8912 S   1,0  0,7   0:01.51 ovs-vswitc+
15001 root      10 -10   20924   4984   4224 S   0,0  0,0   0:00.01 ovsdb-serv+
15040 root      10 -10   26456   9860   8912 S   0,0  0,1   0:00.00 ovs-vswitc+
15102 root      20   0   20912   4900   4116 S   0,0  0,0   0:00.02 ovsdb-serv+
15172 root      20   0   20912   4932   4148 S   0,0  0,0   0:00.02 ovsdb-serv+
15251 root      20   0   22564   6072   5324 S   0,0  0,0   0:00.00 tcpdump
15253 root      20   0   22564   6088   5340 S   0,0  0,0   0:00.00 tcpdump
15254 root      20   0   22564   6100   5352 S   0,0  0,0   0:00.00 tcpdump
15255 root      20   0   22564   6016   5268 S   0,0  0,0   0:00.00 tcpdump
15256 root      20   0   22564   6048   5300 S   0,0  0,0   0:00.00 tcpdump
15257 root      20   0   22564   6176   5292 S   0,0  0,0   0:00.00 tcpdump
15258 root      20   0   22564   6228   5340 S   0,0  0,0   0:00.00 tcpdump
15001 root      10 -10   20924   4984   4224 S   0,0  0,0   0:00.01 ovsdb-serv+
15040 root      10 -10   26456   9860   8912 S   0,0  0,1   0:00.00 ovs-vswitc+
15102 root      20   0   20912   4900   4116 S   0,0  0,0   0:00.02 ovsdb-serv+
15106 root      20   0  985408 121700   8912 S   0,0  0,7   0:01.50 ovs-vswitc+
15172 root      20   0   20912   4932   4148 S   0,0  0,0   0:00.02 ovsdb-serv+
15176 root      20   0  985420 121716   8912 S   0,0  0,7   0:01.51 ovs-vswitc+
15251 root      20   0   22564   6072   5324 S   0,0  0,0   0:00.00 tcpdump
15253 root      20   0   22564   6088   5340 S   0,0  0,0   0:00.00 tcpdump
15254 root      20   0   22564   6100   5352 S   0,0  0,0   0:00.00 tcpdump
15255 root      20   0   22564   6016   5268 S   0,0  0,0   0:00.00 tcpdump
15256 root      20   0   22564   6048   5300 S   0,0  0,0   0:00.00 tcpdump
15257 root      20   0   22564   6176   5292 S   0,0  0,0   0:00.00 tcpdump
15258 root      20   0   22564   6228   5340 S   0,0  0,0   0:00.00 tcpdump
15176 root      20   0  985420 121716   8912 S   2,0  0,7   0:01.53 ovs-vswitc+
15106 root      20   0  985408 121700   8912 S   1,0  0,7   0:01.51 ovs-vswitc+
15001 root      10 -10   20924   4984   4224 S   0,0  0,0   0:00.01 ovsdb-serv+
15040 root      10 -10   26456   9860   8912 S   0,0  0,1   0:00.00 ovs-vswitc+
15102 root      20   0   20912   4900   4116 S   0,0  0,0   0:00.02 ovsdb-serv+
15172 root      20   0   20912   4932   4148 S   0,0  0,0   0:00.02 ovsdb-serv+
15251 root      20   0   22564   6072   5324 S   0,0  0,0   0:00.00 tcpdump
15253 root      20   0   22564   6088   5340 S   0,0  0,0   0:00.00 tcpdump
15254 root      20   0   22564   6100   5352 S   0,0  0,0   0:00.00 tcpdump
15255 root      20   0   22564   6016   5268 S   0,0  0,0   0:00.00 tcpdump
15256 root      20   0   22564   6048   5300 S   0,0  0,0   0:00.00 tcpdump
15257 root      20   0   22564   6176   5292 S   0,0  0,0   0:00.00 tcpdump
15258 root      20   0   22564   6228   5340 S   0,0  0,0   0:00.00 tcpdump
15106 root      20   0  985408 121700   8912 S   1,0  0,7   0:01.52 ovs-vswitc+
15001 root      10 -10   20924   4984   4224 S   0,0  0,0   0:00.01 ovsdb-serv+
15040 root      10 -10   26456   9860   8912 S   0,0  0,1   0:00.00 ovs-vswitc+
15102 root      20   0   20912   4900   4116 S   0,0  0,0   0:00.02 ovsdb-serv+
15172 root      20   0   20912   4932   4148 S   0,0  0,0   0:00.02 ovsdb-serv+
15176 root      20   0  985420 121716   8912 S   0,0  0,7   0:01.53 ovs-vswitc+
15251 root      20   0   22564   6072   5324 S   0,0  0,0   0:00.00 tcpdump
15253 root      20   0   22564   6088   5340 S   0,0  0,0   0:00.00 tcpdump
15254 root      20   0   22564   6100   5352 S   0,0  0,0   0:00.00 tcpdump
15255 root      20   0   22564   6016   5268 S   0,0  0,0   0:00.00 tcpdump
15256 root      20   0   22564   6048   5300 S   0,0  0,0   0:00.00 tcpdump
15257 root      20   0   22564   6176   5292 S   0,0  0,0   0:00.00 tcpdump
15258 root      20   0   22564   6228   5340 S   0,0  0,0   0:00.00 tcpdump
15176 root      20   0  985420 121716   8912 S   2,0  0,7   0:01.55 ovs-vswitc+
15106 root      20   0  985408 121700   8912 S   1,0  0,7   0:01.53 ovs-vswitc+
15001 root      10 -10   20924   4984   4224 S   0,0  0,0   0:00.01 ovsdb-serv+
15040 root      10 -10   26456   9860   8912 S   0,0  0,1   0:00.00 ovs-vswitc+
15102 root      20   0   20912   4900   4116 S   0,0  0,0   0:00.02 ovsdb-serv+
15172 root      20   0   20912   4932   4148 S   0,0  0,0   0:00.02 ovsdb-serv+
15251 root      20   0   22564   6072   5324 S   0,0  0,0   0:00.00 tcpdump
15253 root      20   0   22564   6088   5340 S   0,0  0,0   0:00.00 tcpdump
15254 root      20   0   22564   6100   5352 S   0,0  0,0   0:00.00 tcpdump
15255 root      20   0   22564   6016   5268 S   0,0  0,0   0:00.00 tcpdump
15256 root      20   0   22564   6048   5300 S   0,0  0,0   0:00.00 tcpdump
15257 root      20   0   22564   6176   5292 S   0,0  0,0   0:00.00 tcpdump
15258 root      20   0   22564   6228   5340 S   0,0  0,0   0:00.00 tcpdump
15176 root      20   0  985420 121716   8912 S   1,0  0,7   0:01.56 ovs-vswitc+
15001 root      10 -10   20924   4984   4224 S   0,0  0,0   0:00.01 ovsdb-serv+
15040 root      10 -10   26456   9860   8912 S   0,0  0,1   0:00.00 ovs-vswitc+
15102 root      20   0   20912   4900   4116 S   0,0  0,0   0:00.02 ovsdb-serv+
15106 root      20   0  985408 121700   8912 S   0,0  0,7   0:01.53 ovs-vswitc+
15172 root      20   0   20912   4932   4148 S   0,0  0,0   0:00.02 ovsdb-serv+
15251 root      20   0   22564   6072   5324 S   0,0  0,0   0:00.00 tcpdump
15253 root      20   0   22564   6088   5340 S   0,0  0,0   0:00.00 tcpdump
15254 root      20   0   22564   6100   5352 S   0,0  0,0   0:00.00 tcpdump
15255 root      20   0   22564   6016   5268 S   0,0  0,0   0:00.00 tcpdump
15256 root      20   0   22564   6048   5300 S   0,0  0,0   0:00.00 tcpdump
15257 root      20   0   22564   6176   5292 S   0,0  0,0   0:00.00 tcpdump
15258 root      20   0   22564   6228   5340 S   0,0  0,0   0:00.00 tcpdump
15106 root      20   0  985408 121700   8912 S   1,0  0,7   0:01.54 ovs-vswitc+
15176 root      20   0  985420 121716   8912 S   1,0  0,7   0:01.57 ovs-vswitc+
15001 root      10 -10   20924   4984   4224 S   0,0  0,0   0:00.01 ovsdb-serv+
15040 root      10 -10   26456   9860   8912 S   0,0  0,1   0:00.00 ovs-vswitc+
15102 root      20   0   20912   4900   4116 S   0,0  0,0   0:00.02 ovsdb-serv+
15172 root      20   0   20912   4932   4148 S   0,0  0,0   0:00.02 ovsdb-serv+
15251 root      20   0   22564   6072   5324 S   0,0  0,0   0:00.00 tcpdump
15253 root      20   0   22564   6088   5340 S   0,0  0,0   0:00.00 tcpdump
15254 root      20   0   22564   6100   5352 S   0,0  0,0   0:00.00 tcpdump
15255 root      20   0   22564   6016   5268 S   0,0  0,0   0:00.00 tcpdump
15256 root      20   0   22564   6048   5300 S   0,0  0,0   0:00.00 tcpdump
15257 root      20   0   22564   6176   5292 S   0,0  0,0   0:00.00 tcpdump
15258 root      20   0   22564   6228   5340 S   0,0  0,0   0:00.00 tcpdump
15106 root      20   0  985408 121700   8912 S   1,0  0,7   0:01.55 ovs-vswitc+
15001 root      10 -10   20924   4984   4224 S   0,0  0,0   0:00.01 ovsdb-serv+
15040 root      10 -10   26456   9860   8912 S   0,0  0,1   0:00.00 ovs-vswitc+
15102 root      20   0   20912   4900   4116 S   0,0  0,0   0:00.02 ovsdb-serv+
15172 root      20   0   20912   4932   4148 S   0,0  0,0   0:00.02 ovsdb-serv+
15176 root      20   0  985420 121716   8912 S   0,0  0,7   0:01.57 ovs-vswitc+
15251 root      20   0   22564   6072   5324 S   0,0  0,0   0:00.00 tcpdump
15253 root      20   0   22564   6088   5340 S   0,0  0,0   0:00.00 tcpdump
15254 root      20   0   22564   6100   5352 S   0,0  0,0   0:00.00 tcpdump
15255 root      20   0   22564   6016   5268 S   0,0  0,0   0:00.00 tcpdump
15256 root      20   0   22564   6048   5300 S   0,0  0,0   0:00.00 tcpdump
15257 root      20   0   22564   6176   5292 S   0,0  0,0   0:00.00 tcpdump
15258 root      20   0   22564   6228   5340 S   0,0  0,0   0:00.00 tcpdump
15106 root      20   0  985408 121700   8912 S   1,0  0,7   0:01.56 ovs-vswitc+
15176 root      20   0  985420 121716   8912 S   1,0  0,7   0:01.58 ovs-vswitc+
15001 root      10 -10   20924   4984   4224 S   0,0  0,0   0:00.01 ovsdb-serv+
15040 root      10 -10   26456   9860   8912 S   0,0  0,1   0:00.00 ovs-vswitc+
15102 root      20   0   20912   4900   4116 S   0,0  0,0   0:00.02 ovsdb-serv+
15172 root      20   0   20912   4932   4148 S   0,0  0,0   0:00.02 ovsdb-serv+
15251 root      20   0   22564   6072   5324 S   0,0  0,0   0:00.00 tcpdump
15253 root      20   0   22564   6088   5340 S   0,0  0,0   0:00.00 tcpdump
15254 root      20   0   22564   6100   5352 S   0,0  0,0   0:00.00 tcpdump
15255 root      20   0   22564   6016   5268 S   0,0  0,0   0:00.00 tcpdump
15256 root      20   0   22564   6048   5300 S   0,0  0,0   0:00.00 tcpdump
15257 root      20   0   22564   6176   5292 S   0,0  0,0   0:00.00 tcpdump
15258 root      20   0   22564   6228   5340 S   0,0  0,0   0:00.00 tcpdump
15176 root      20   0  985420 121716   8912 S   2,0  0,7   0:01.60 ovs-vswitc+
15106 root      20   0  985408 121700   8912 S   1,0  0,7   0:01.57 ovs-vswitc+
15172 root      20   0   20912   4932   4148 S   1,0  0,0   0:00.03 ovsdb-serv+
15001 root      10 -10   20924   4984   4224 S   0,0  0,0   0:00.01 ovsdb-serv+
15040 root      10 -10   26456   9860   8912 S   0,0  0,1   0:00.00 ovs-vswitc+
15102 root      20   0   20912   4900   4116 S   0,0  0,0   0:00.02 ovsdb-serv+
15251 root      20   0   22564   6072   5324 S   0,0  0,0   0:00.00 tcpdump
15253 root      20   0   22564   6088   5340 S   0,0  0,0   0:00.00 tcpdump
15254 root      20   0   22564   6100   5352 S   0,0  0,0   0:00.00 tcpdump
15255 root      20   0   22564   6016   5268 S   0,0  0,0   0:00.00 tcpdump
15256 root      20   0   22564   6048   5300 S   0,0  0,0   0:00.00 tcpdump
15257 root      20   0   22564   6176   5292 S   0,0  0,0   0:00.00 tcpdump
15258 root      20   0   22564   6228   5340 S   0,0  0,0   0:00.00 tcpdump
15001 root      10 -10   20924   4984   4224 S   0,0  0,0   0:00.01 ovsdb-serv+
15040 root      10 -10   26456   9860   8912 S   0,0  0,1   0:00.00 ovs-vswitc+
15102 root      20   0   20912   4900   4116 S   0,0  0,0   0:00.02 ovsdb-serv+
15106 root      20   0  985408 121700   8912 S   0,0  0,7   0:01.57 ovs-vswitc+
15172 root      20   0   20912   4932   4148 S   0,0  0,0   0:00.03 ovsdb-serv+
15176 root      20   0  985420 121716   8912 S   0,0  0,7   0:01.60 ovs-vswitc+
15251 root      20   0   22564   6072   5324 S   0,0  0,0   0:00.00 tcpdump
15253 root      20   0   22564   6088   5340 S   0,0  0,0   0:00.00 tcpdump
15254 root      20   0   22564   6100   5352 S   0,0  0,0   0:00.00 tcpdump
15255 root      20   0   22564   6016   5268 S   0,0  0,0   0:00.00 tcpdump
15256 root      20   0   22564   6048   5300 S   0,0  0,0   0:00.00 tcpdump
15257 root      20   0   22564   6176   5292 S   0,0  0,0   0:00.00 tcpdump
15258 root      20   0   22564   6228   5340 S   0,0  0,0   0:00.00 tcpdump
15106 root      20   0  985408 121700   8912 S   1,0  0,7   0:01.58 ovs-vswitc+
15176 root      20   0  985420 121716   8912 S   1,0  0,7   0:01.61 ovs-vswitc+
15001 root      10 -10   20924   4984   4224 S   0,0  0,0   0:00.01 ovsdb-serv+
15040 root      10 -10   26456   9860   8912 S   0,0  0,1   0:00.00 ovs-vswitc+
15102 root      20   0   20912   4900   4116 S   0,0  0,0   0:00.02 ovsdb-serv+
15172 root      20   0   20912   4932   4148 S   0,0  0,0   0:00.03 ovsdb-serv+
15251 root      20   0   22564   6072   5324 S   0,0  0,0   0:00.00 tcpdump
15253 root      20   0   22564   6088   5340 S   0,0  0,0   0:00.00 tcpdump
15254 root      20   0   22564   6100   5352 S   0,0  0,0   0:00.00 tcpdump
15255 root      20   0   22564   6016   5268 S   0,0  0,0   0:00.00 tcpdump
15256 root      20   0   22564   6048   5300 S   0,0  0,0   0:00.00 tcpdump
15257 root      20   0   22564   6176   5292 S   0,0  0,0   0:00.00 tcpdump
15258 root      20   0   22564   6228   5340 S   0,0  0,0   0:00.00 tcpdump
15001 root      10 -10   20924   4984   4224 S   0,0  0,0   0:00.01 ovsdb-serv+
15040 root      10 -10   26456   9860   8912 S   0,0  0,1   0:00.00 ovs-vswitc+
15102 root      20   0   20912   4900   4116 S   0,0  0,0   0:00.02 ovsdb-serv+
15106 root      20   0  985408 121700   8912 S   0,0  0,7   0:01.58 ovs-vswitc+
15172 root      20   0   20912   4932   4148 S   0,0  0,0   0:00.03 ovsdb-serv+
15176 root      20   0  985420 121716   8912 S   0,0  0,7   0:01.61 ovs-vswitc+
15251 root      20   0   22564   6072   5324 S   0,0  0,0   0:00.00 tcpdump
15253 root      20   0   22564   6088   5340 S   0,0  0,0   0:00.00 tcpdump
15254 root      20   0   22564   6100   5352 S   0,0  0,0   0:00.00 tcpdump
15255 root      20   0   22564   6016   5268 S   0,0  0,0   0:00.00 tcpdump
15256 root      20   0   22564   6048   5300 S   0,0  0,0   0:00.00 tcpdump
15257 root      20   0   22564   6176   5292 S   0,0  0,0   0:00.00 tcpdump
15258 root      20   0   22564   6228   5340 S   0,0  0,0   0:00.00 tcpdump
15106 root      20   0  985408 121700   8912 S   1,0  0,7   0:01.59 ovs-vswitc+
15176 root      20   0  985420 121716   8912 S   1,0  0,7   0:01.62 ovs-vswitc+
15001 root      10 -10   20924   4984   4224 S   0,0  0,0   0:00.01 ovsdb-serv+
15040 root      10 -10   26456   9860   8912 S   0,0  0,1   0:00.00 ovs-vswitc+
15102 root      20   0   20912   4900   4116 S   0,0  0,0   0:00.02 ovsdb-serv+
15172 root      20   0   20912   4932   4148 S   0,0  0,0   0:00.03 ovsdb-serv+
15251 root      20   0   22564   6072   5324 S   0,0  0,0   0:00.00 tcpdump
15253 root      20   0   22564   6088   5340 S   0,0  0,0   0:00.00 tcpdump
15254 root      20   0   22564   6100   5352 S   0,0  0,0   0:00.00 tcpdump
15255 root      20   0   22564   6016   5268 S   0,0  0,0   0:00.00 tcpdump
15256 root      20   0   22564   6048   5300 S   0,0  0,0   0:00.00 tcpdump
15257 root      20   0   22564   6176   5292 S   0,0  0,0   0:00.00 tcpdump
15258 root      20   0   22564   6228   5340 S   0,0  0,0   0:00.00 tcpdump
15106 root      20   0  985408 121700   8912 S   2,0  0,7   0:01.61 ovs-vswitc+
15176 root      20   0  985420 121716   8912 S   1,0  0,7   0:01.63 ovs-vswitc+
15001 root      10 -10   20924   4984   4224 S   0,0  0,0   0:00.01 ovsdb-serv+
15040 root      10 -10   26456   9860   8912 S   0,0  0,1   0:00.00 ovs-vswitc+
15102 root      20   0   20912   4900   4116 S   0,0  0,0   0:00.02 ovsdb-serv+
15172 root      20   0   20912   4932   4148 S   0,0  0,0   0:00.03 ovsdb-serv+
15251 root      20   0   22564   6072   5324 S   0,0  0,0   0:00.00 tcpdump
15253 root      20   0   22564   6088   5340 S   0,0  0,0   0:00.00 tcpdump
15254 root      20   0   22564   6100   5352 S   0,0  0,0   0:00.00 tcpdump
15255 root      20   0   22564   6016   5268 S   0,0  0,0   0:00.00 tcpdump
15256 root      20   0   22564   6048   5300 S   0,0  0,0   0:00.00 tcpdump
15257 root      20   0   22564   6176   5292 S   0,0  0,0   0:00.00 tcpdump
15258 root      20   0   22564   6228   5340 S   0,0  0,0   0:00.00 tcpdump
15176 root      20   0  985420 121716   8912 S   1,0  0,7   0:01.64 ovs-vswitc+
15001 root      10 -10   20924   4984   4224 S   0,0  0,0   0:00.01 ovsdb-serv+
15040 root      10 -10   26456   9860   8912 S   0,0  0,1   0:00.00 ovs-vswitc+
15102 root      20   0   20912   4900   4116 S   0,0  0,0   0:00.02 ovsdb-serv+
15106 root      20   0  985408 121700   8912 S   0,0  0,7   0:01.61 ovs-vswitc+
15172 root      20   0   20912   4932   4148 S   0,0  0,0   0:00.03 ovsdb-serv+
15251 root      20   0   22564   6072   5324 S   0,0  0,0   0:00.00 tcpdump
15253 root      20   0   22564   6088   5340 S   0,0  0,0   0:00.00 tcpdump
15254 root      20   0   22564   6100   5352 S   0,0  0,0   0:00.00 tcpdump
15255 root      20   0   22564   6016   5268 S   0,0  0,0   0:00.00 tcpdump
15256 root      20   0   22564   6048   5300 S   0,0  0,0   0:00.00 tcpdump
15257 root      20   0   22564   6176   5292 S   0,0  0,0   0:00.00 tcpdump
15258 root      20   0   22564   6228   5340 S   0,0  0,0   0:00.00 tcpdump
15106 root      20   0  985408 121700   8912 S   2,0  0,7   0:01.63 ovs-vswitc+
15001 root      10 -10   20924   4984   4224 S   0,0  0,0   0:00.01 ovsdb-serv+
15040 root      10 -10   26456   9860   8912 S   0,0  0,1   0:00.00 ovs-vswitc+
15102 root      20   0   20912   4900   4116 S   0,0  0,0   0:00.02 ovsdb-serv+
15172 root      20   0   20912   4932   4148 S   0,0  0,0   0:00.03 ovsdb-serv+
15176 root      20   0  985420 121716   8912 S   0,0  0,7   0:01.64 ovs-vswitc+
15251 root      20   0   22564   6072   5324 S   0,0  0,0   0:00.00 tcpdump
15253 root      20   0   22564   6088   5340 S   0,0  0,0   0:00.00 tcpdump
15254 root      20   0   22564   6100   5352 S   0,0  0,0   0:00.00 tcpdump
15255 root      20   0   22564   6016   5268 S   0,0  0,0   0:00.00 tcpdump
15256 root      20   0   22564   6048   5300 S   0,0  0,0   0:00.00 tcpdump
15257 root      20   0   22564   6176   5292 S   0,0  0,0   0:00.00 tcpdump
15258 root      20   0   22564   6228   5340 S   0,0  0,0   0:00.00 tcpdump
15176 root      20   0  985420 121716   8912 S   2,0  0,7   0:01.66 ovs-vswitc+
15001 root      10 -10   20924   4984   4224 S   0,0  0,0   0:00.01 ovsdb-serv+
15040 root      10 -10   26456   9860   8912 S   0,0  0,1   0:00.00 ovs-vswitc+
15102 root      20   0   20912   4900   4116 S   0,0  0,0   0:00.02 ovsdb-serv+
15106 root      20   0  985408 121700   8912 S   0,0  0,7   0:01.63 ovs-vswitc+
15172 root      20   0   20912   4932   4148 S   0,0  0,0   0:00.03 ovsdb-serv+
15251 root      20   0   22564   6072   5324 S   0,0  0,0   0:00.00 tcpdump
15253 root      20   0   22564   6088   5340 S   0,0  0,0   0:00.00 tcpdump
15254 root      20   0   22564   6100   5352 S   0,0  0,0   0:00.00 tcpdump
15255 root      20   0   22564   6016   5268 S   0,0  0,0   0:00.00 tcpdump
15256 root      20   0   22564   6048   5300 S   0,0  0,0   0:00.00 tcpdump
15257 root      20   0   22564   6176   5292 S   0,0  0,0   0:00.00 tcpdump
15258 root      20   0   22564   6228   5340 S   0,0  0,0   0:00.00 tcpdump
15106 root      20   0  985408 121700   8912 S   2,0  0,7   0:01.65 ovs-vswitc+
15001 root      10 -10   20924   4984   4224 S   0,0  0,0   0:00.01 ovsdb-serv+
15040 root      10 -10   26456   9860   8912 S   0,0  0,1   0:00.00 ovs-vswitc+
15102 root      20   0   20912   4900   4116 S   0,0  0,0   0:00.02 ovsdb-serv+
15172 root      20   0   20912   4932   4148 S   0,0  0,0   0:00.03 ovsdb-serv+
15176 root      20   0  985420 121716   8912 S   0,0  0,7   0:01.66 ovs-vswitc+
15251 root      20   0   22564   6072   5324 S   0,0  0,0   0:00.00 tcpdump
15253 root      20   0   22564   6088   5340 S   0,0  0,0   0:00.00 tcpdump
15254 root      20   0   22564   6100   5352 S   0,0  0,0   0:00.00 tcpdump
15255 root      20   0   22564   6016   5268 S   0,0  0,0   0:00.00 tcpdump
15256 root      20   0   22564   6048   5300 S   0,0  0,0   0:00.00 tcpdump
15257 root      20   0   22564   6176   5292 S   0,0  0,0   0:00.00 tcpdump
15258 root      20   0   22564   6228   5340 S   0,0  0,0   0:00.00 tcpdump
15102 root      20   0   20912   4900   4116 S   1,0  0,0   0:00.03 ovsdb-serv+
15106 root      20   0  985408 121700   8912 S   1,0  0,7   0:01.66 ovs-vswitc+
15176 root      20   0  985420 121716   8912 S   1,0  0,7   0:01.67 ovs-vswitc+
15001 root      10 -10   20924   4984   4224 S   0,0  0,0   0:00.01 ovsdb-serv+
15040 root      10 -10   26456   9860   8912 S   0,0  0,1   0:00.00 ovs-vswitc+
15172 root      20   0   20912   4932   4148 S   0,0  0,0   0:00.03 ovsdb-serv+
15251 root      20   0   22564   6072   5324 S   0,0  0,0   0:00.00 tcpdump
15253 root      20   0   22564   6088   5340 S   0,0  0,0   0:00.00 tcpdump
15254 root      20   0   22564   6100   5352 S   0,0  0,0   0:00.00 tcpdump
15255 root      20   0   22564   6016   5268 S   0,0  0,0   0:00.00 tcpdump
15256 root      20   0   22564   6048   5300 S   0,0  0,0   0:00.00 tcpdump
15257 root      20   0   22564   6176   5292 S   0,0  0,0   0:00.00 tcpdump
15258 root      20   0   22564   6228   5340 S   0,0  0,0   0:00.00 tcpdump
15106 root      20   0  985408 121700   8912 S   1,0  0,7   0:01.67 ovs-vswitc+
15176 root      20   0  985420 121716   8912 S   1,0  0,7   0:01.68 ovs-vswitc+
15001 root      10 -10   20924   4984   4224 S   0,0  0,0   0:00.01 ovsdb-serv+
15040 root      10 -10   26456   9860   8912 S   0,0  0,1   0:00.00 ovs-vswitc+
15102 root      20   0   20912   4900   4116 S   0,0  0,0   0:00.03 ovsdb-serv+
15172 root      20   0   20912   4932   4148 S   0,0  0,0   0:00.03 ovsdb-serv+
15251 root      20   0   22564   6072   5324 S   0,0  0,0   0:00.00 tcpdump
15253 root      20   0   22564   6088   5340 S   0,0  0,0   0:00.00 tcpdump
15254 root      20   0   22564   6100   5352 S   0,0  0,0   0:00.00 tcpdump
15255 root      20   0   22564   6016   5268 S   0,0  0,0   0:00.00 tcpdump
15256 root      20   0   22564   6048   5300 S   0,0  0,0   0:00.00 tcpdump
15257 root      20   0   22564   6176   5292 S   0,0  0,0   0:00.00 tcpdump
15258 root      20   0   22564   6228   5340 S   0,0  0,0   0:00.00 tcpdump
15176 root      20   0  985420 121716   8912 S   1,0  0,7   0:01.69 ovs-vswitc+
15001 root      10 -10   20924   4984   4224 S   0,0  0,0   0:00.01 ovsdb-serv+
15040 root      10 -10   26456   9860   8912 S   0,0  0,1   0:00.00 ovs-vswitc+
15102 root      20   0   20912   4900   4116 S   0,0  0,0   0:00.03 ovsdb-serv+
15106 root      20   0  985408 121700   8912 S   0,0  0,7   0:01.67 ovs-vswitc+
15172 root      20   0   20912   4932   4148 S   0,0  0,0   0:00.03 ovsdb-serv+
15251 root      20   0   22564   6072   5324 S   0,0  0,0   0:00.00 tcpdump
15253 root      20   0   22564   6088   5340 S   0,0  0,0   0:00.00 tcpdump
15254 root      20   0   22564   6100   5352 S   0,0  0,0   0:00.00 tcpdump
15255 root      20   0   22564   6016   5268 S   0,0  0,0   0:00.00 tcpdump
15256 root      20   0   22564   6048   5300 S   0,0  0,0   0:00.00 tcpdump
15257 root      20   0   22564   6176   5292 S   0,0  0,0   0:00.00 tcpdump
15258 root      20   0   22564   6228   5340 S   0,0  0,0   0:00.00 tcpdump
15106 root      20   0  985408 121700   8912 S   2,0  0,7   0:01.69 ovs-vswitc+
15176 root      20   0  985420 121716   8912 S   1,0  0,7   0:01.70 ovs-vswitc+
15001 root      10 -10   20924   4984   4224 S   0,0  0,0   0:00.01 ovsdb-serv+
15040 root      10 -10   26456   9860   8912 S   0,0  0,1   0:00.00 ovs-vswitc+
15102 root      20   0   20912   4900   4116 S   0,0  0,0   0:00.03 ovsdb-serv+
15172 root      20   0   20912   4932   4148 S   0,0  0,0   0:00.03 ovsdb-serv+
15251 root      20   0   22564   6072   5324 S   0,0  0,0   0:00.00 tcpdump
15253 root      20   0   22564   6088   5340 S   0,0  0,0   0:00.00 tcpdump
15254 root      20   0   22564   6100   5352 S   0,0  0,0   0:00.00 tcpdump
15255 root      20   0   22564   6016   5268 S   0,0  0,0   0:00.00 tcpdump
15256 root      20   0   22564   6048   5300 S   0,0  0,0   0:00.00 tcpdump
15257 root      20   0   22564   6176   5292 S   0,0  0,0   0:00.00 tcpdump
15258 root      20   0   22564   6228   5340 S   0,0  0,0   0:00.00 tcpdump
15176 root      20   0  985420 121716   8912 S   1,0  0,7   0:01.71 ovs-vswitc+
15001 root      10 -10   20924   4984   4224 S   0,0  0,0   0:00.01 ovsdb-serv+
15040 root      10 -10   26456   9860   8912 S   0,0  0,1   0:00.00 ovs-vswitc+
15102 root      20   0   20912   4900   4116 S   0,0  0,0   0:00.03 ovsdb-serv+
15106 root      20   0  985408 121700   8912 S   0,0  0,7   0:01.69 ovs-vswitc+
15172 root      20   0   20912   4932   4148 S   0,0  0,0   0:00.03 ovsdb-serv+
15251 root      20   0   22564   6072   5324 S   0,0  0,0   0:00.00 tcpdump
15253 root      20   0   22564   6088   5340 S   0,0  0,0   0:00.00 tcpdump
15254 root      20   0   22564   6100   5352 S   0,0  0,0   0:00.00 tcpdump
15255 root      20   0   22564   6016   5268 S   0,0  0,0   0:00.00 tcpdump
15256 root      20   0   22564   6048   5300 S   0,0  0,0   0:00.00 tcpdump
15257 root      20   0   22564   6176   5292 S   0,0  0,0   0:00.00 tcpdump
15258 root      20   0   22564   6228   5340 S   0,0  0,0   0:00.00 tcpdump
15106 root      20   0  985408 121700   8912 S   2,0  0,7   0:01.71 ovs-vswitc+
15176 root      20   0  985420 121716   8912 S   1,0  0,7   0:01.72 ovs-vswitc+
15001 root      10 -10   20924   4984   4224 S   0,0  0,0   0:00.01 ovsdb-serv+
15040 root      10 -10   26456   9860   8912 S   0,0  0,1   0:00.00 ovs-vswitc+
15102 root      20   0   20912   4900   4116 S   0,0  0,0   0:00.03 ovsdb-serv+
15172 root      20   0   20912   4932   4148 S   0,0  0,0   0:00.03 ovsdb-serv+
15251 root      20   0   22564   6072   5324 S   0,0  0,0   0:00.00 tcpdump
15253 root      20   0   22564   6088   5340 S   0,0  0,0   0:00.00 tcpdump
15254 root      20   0   22564   6100   5352 S   0,0  0,0   0:00.00 tcpdump
15255 root      20   0   22564   6016   5268 S   0,0  0,0   0:00.00 tcpdump
15256 root      20   0   22564   6048   5300 S   0,0  0,0   0:00.00 tcpdump
15257 root      20   0   22564   6176   5292 S   0,0  0,0   0:00.00 tcpdump
15258 root      20   0   22564   6228   5340 S   0,0  0,0   0:00.00 tcpdump
15001 root      10 -10   20924   4984   4224 S   0,0  0,0   0:00.01 ovsdb-serv+
15040 root      10 -10   26456   9860   8912 S   0,0  0,1   0:00.00 ovs-vswitc+
15102 root      20   0   20912   4900   4116 S   0,0  0,0   0:00.03 ovsdb-serv+
15106 root      20   0  985408 121700   8912 S   0,0  0,7   0:01.71 ovs-vswitc+
15172 root      20   0   20912   4932   4148 S   0,0  0,0   0:00.03 ovsdb-serv+
15176 root      20   0  985420 121716   8912 S   0,0  0,7   0:01.72 ovs-vswitc+
15251 root      20   0   22564   6072   5324 S   0,0  0,0   0:00.00 tcpdump
15253 root      20   0   22564   6088   5340 S   0,0  0,0   0:00.00 tcpdump
15254 root      20   0   22564   6100   5352 S   0,0  0,0   0:00.00 tcpdump
15255 root      20   0   22564   6016   5268 S   0,0  0,0   0:00.00 tcpdump
15256 root      20   0   22564   6048   5300 S   0,0  0,0   0:00.00 tcpdump
15257 root      20   0   22564   6176   5292 S   0,0  0,0   0:00.00 tcpdump
15258 root      20   0   22564   6228   5340 S   0,0  0,0   0:00.00 tcpdump
15106 root      20   0  985408 121700   8912 S   1,0  0,7   0:01.72 ovs-vswitc+
15176 root      20   0  985420 121716   8912 S   1,0  0,7   0:01.73 ovs-vswitc+
15001 root      10 -10   20924   4984   4224 S   0,0  0,0   0:00.01 ovsdb-serv+
15040 root      10 -10   26456   9860   8912 S   0,0  0,1   0:00.00 ovs-vswitc+
15102 root      20   0   20912   4900   4116 S   0,0  0,0   0:00.03 ovsdb-serv+
15172 root      20   0   20912   4932   4148 S   0,0  0,0   0:00.03 ovsdb-serv+
15251 root      20   0   22564   6072   5324 S   0,0  0,0   0:00.00 tcpdump
15253 root      20   0   22564   6088   5340 S   0,0  0,0   0:00.00 tcpdump
15254 root      20   0   22564   6100   5352 S   0,0  0,0   0:00.00 tcpdump
15255 root      20   0   22564   6016   5268 S   0,0  0,0   0:00.00 tcpdump
15256 root      20   0   22564   6048   5300 S   0,0  0,0   0:00.00 tcpdump
15257 root      20   0   22564   6176   5292 S   0,0  0,0   0:00.00 tcpdump
15258 root      20   0   22564   6228   5340 S   0,0  0,0   0:00.00 tcpdump
15106 root      20   0  985408 121700   8912 S   1,0  0,7   0:01.73 ovs-vswitc+
15176 root      20   0  985420 121716   8912 S   1,0  0,7   