 1704 root      20   0  985300 118368   8912 S  25,0  0,7   0:00.12 ovs-vswitc+
 1524 root      10 -10   20924   4892   4136 S   0,0  0,0   0:00.00 ovsdb-serv+
 1567 root      10 -10   26456   9852   8912 S   0,0  0,1   0:00.00 ovs-vswitc+
 1630 root      20   0   20912   5024   4240 S   0,0  0,0   0:00.01 ovsdb-serv+
 1634 root      20   0  985304 118368   8912 S   0,0  0,7   0:00.15 ovs-vswitc+
 1700 root      20   0   20912   5036   4252 S   0,0  0,0   0:00.01 ovsdb-serv+
 1780 root      20   0   22564   6052   5304 S   0,0  0,0   0:00.00 tcpdump
 1781 root      20   0   22564   5972   5220 S   0,0  0,0   0:00.00 tcpdump
 1782 root      20   0   22564   6084   5332 S   0,0  0,0   0:00.00 tcpdump
 1783 root      20   0   22564   6072   5324 S   0,0  0,0   0:00.00 tcpdump
 1784 root      20   0   22564   5992   5244 S   0,0  0,0   0:00.00 tcpdump
 1785 root      20   0   22564   6072   5332 S   0,0  0,0   0:00.00 tcpdump
 1786 root      20   0   22564   6148   5260 S   0,0  0,0   0:00.00 tcpdump
 1634 root      20   0  985304 118368   8912 S   1,0  0,7   0:00.16 ovs-vswitc+
 1524 root      10 -10   20924   4892   4136 S   0,0  0,0   0:00.00 ovsdb-serv+
 1567 root      10 -10   26456   9852   8912 S   0,0  0,1   0:00.00 ovs-vswitc+
 1630 root      20   0   20912   5024   4240 S   0,0  0,0   0:00.01 ovsdb-serv+
 1700 root      20   0   20912   5036   4252 S   0,0  0,0   0:00.01 ovsdb-serv+
 1704 root      20   0  985300 118368   8912 S   0,0  0,7   0:00.12 ovs-vswitc+
 1780 root      20   0   22564   6052   5304 S   0,0  0,0   0:00.00 tcpdump
 1781 root      20   0   22564   5972   5220 S   0,0  0,0   0:00.00 tcpdump
 1782 root      20   0   22564   6084   5332 S   0,0  0,0   0:00.00 tcpdump
 1783 root      20   0   22564   6072   5324 S   0,0  0,0   0:00.00 tcpdump
 1784 root      20   0   22564   5992   5244 S   0,0  0,0   0:00.00 tcpdump
 1785 root      20   0   22564   6072   5332 S   0,0  0,0   0:00.00 tcpdump
 1786 root      20   0   22564   6148   5260 S   0,0  0,0   0:00.00 tcpdump
 1704 root      20   0  985300 118368   8912 S   1,0  0,7   0:00.13 ovs-vswitc+
 1524 root      10 -10   20924   4892   4136 S   0,0  0,0   0:00.00 ovsdb-serv+
 1567 root      10 -10   26456   9852   8912 S   0,0  0,1   0:00.00 ovs-vswitc+
 1630 root      20   0   20912   5024   4240 S   0,0  0,0   0:00.01 ovsdb-serv+
 1634 root      20   0  985304 118368   8912 S   0,0  0,7   0:00.16 ovs-vswitc+
 1700 root      20   0   20912   5036   4252 S   0,0  0,0   0:00.01 ovsdb-serv+
 1780 root      20   0   22564   6052   5304 S   0,0  0,0   0:00.00 tcpdump
 1781 root      20   0   22564   5972   5220 S   0,0  0,0   0:00.00 tcpdump
 1782 root      20   0   22564   6084   5332 S   0,0  0,0   0:00.00 tcpdump
 1783 root      20   0   22564   6072   5324 S   0,0  0,0   0:00.00 tcpdump
 1784 root      20   0   22564   5992   5244 S   0,0  0,0   0:00.00 tcpdump
 1785 root      20   0   22564   6072   5332 S   0,0  0,0   0:00.00 tcpdump
 1786 root      20   0   22564   6148   5260 S   0,0  0,0   0:00.00 tcpdump
 1634 root      20   0  985304 118368   8912 S   1,0  0,7   0:00.17 ovs-vswitc+
 1704 root      20   0  985300 118368   8912 S   1,0  0,7   0:00.14 ovs-vswitc+
 1524 root      10 -10   20924   4892   4136 S   0,0  0,0   0:00.00 ovsdb-serv+
 1567 root      10 -10   26456   9852   8912 S   0,0  0,1   0:00.00 ovs-vswitc+
 1630 root      20   0   20912   5024   4240 S   0,0  0,0   0:00.01 ovsdb-serv+
 1700 root      20   0   20912   5036   4252 S   0,0  0,0   0:00.01 ovsdb-serv+
 1780 root      20   0   22564   6052   5304 S   0,0  0,0   0:00.00 tcpdump
 1781 root      20   0   22564   5972   5220 S   0,0  0,0   0:00.00 tcpdump
 1782 root      20   0   22564   6084   5332 S   0,0  0,0   0:00.00 tcpdump
 1783 root      20   0   22564   6072   5324 S   0,0  0,0   0:00.00 tcpdump
 1784 root      20   0   22564   5992   5244 S   0,0  0,0   0:00.00 tcpdump
 1785 root      20   0   22564   6072   5332 S   0,0  0,0   0:00.00 tcpdump
 1786 root      20   0   22564   6148   5260 S   0,0  0,0   0:00.00 tcpdump
 1704 root      20   0  985300 118368   8912 S   1,0  0,7   0:00.15 ovs-vswitc+
 1524 root      10 -10   20924   4892   4136 S   0,0  0,0   0:00.00 ovsdb-serv+
 1567 root      10 -10   26456   9852   8912 S   0,0  0,1   0:00.00 ovs-vswitc+
 1630 root      20   0   20912   5024   4240 S   0,0  0,0   0:00.01 ovsdb-serv+
 1634 root      20   0  985304 118368   8912 S   0,0  0,7   0:00.17 ovs-vswitc+
 1700 root      20   0   20912   5036   4252 S   0,0  0,0   0:00.01 ovsdb-serv+
 1780 root      20   0   22564   6052   5304 S   0,0  0,0   0:00.00 tcpdump
 1781 root      20   0   22564   5972   5220 S   0,0  0,0   0:00.00 tcpdump
 1782 root      20   0   22564   6084   5332 S   0,0  0,0   0:00.00 tcpdump
 1783 root      20   0   22564   6072   5324 S   0,0  0,0   0:00.00 tcpdump
 1784 root      20   0   22564   5992   5244 S   0,0  0,0   0:00.00 tcpdump
 1785 root      20   0   22564   6072   5332 S   0,0  0,0   0:00.00 tcpdump
 1786 root      20   0   22564   6148   5260 S   0,0  0,0   0:00.00 tcpdump
 1704 root      20   0  985300 118368   8912 S   2,0  0,7   0:00.17 ovs-vswitc+
 1634 root      20   0  985304 118368   8912 S   1,0  0,7   0:00.18 ovs-vswitc+
 1524 root      10 -10   20924   4892   4136 S   0,0  0,0   0:00.00 ovsdb-serv+
 1567 root      10 -10   26456   9852   8912 S   0,0  0,1   0:00.00 ovs-vswitc+
 1630 root      20   0   20912   5024   4240 S   0,0  0,0   0:00.01 ovsdb-serv+
 1700 root      20   0   20912   5036   4252 S   0,0  0,0   0:00.01 ovsdb-serv+
 1780 root      20   0   22564   6052   5304 S   0,0  0,0   0:00.00 tcpdump
 1781 root      20   0   22564   5972   5220 S   0,0  0,0   0:00.00 tcpdump
 1782 root      20   0   22564   6084   5332 S   0,0  0,0   0:00.00 tcpdump
 1783 root      20   0   22564   6072   5324 S   0,0  0,0   0:00.00 tcpdump
 1784 root      20   0   22564   5992   5244 S   0,0  0,0   0:00.00 tcpdump
 1785 root      20   0   22564   6072   5332 S   0,0  0,0   0:00.00 tcpdump
 1786 root      20   0   22564   6148   5260 S   0,0  0,0   0:00.00 tcpdump
 1524 root      10 -10   20924   4892   4136 S   0,0  0,0   0:00.00 ovsdb-serv+
 1567 root      10 -10   26456   9852   8912 S   0,0  0,1   0:00.00 ovs-vswitc+
 1630 root      20   0   20912   5024   4240 S   0,0  0,0   0:00.01 ovsdb-serv+
 1634 root      20   0  985304 118368   8912 S   0,0  0,7   0:00.18 ovs-vswitc+
 1700 root      20   0   20912   5036   4252 S   0,0  0,0   0:00.01 ovsdb-serv+
 1704 root      20   0  985300 118368   8912 S   0,0  0,7   0:00.17 ovs-vswitc+
 1780 root      20   0   22564   6052   5304 S   0,0  0,0   0:00.00 tcpdump
 1781 root      20   0   22564   5972   5220 S   0,0  0,0   0:00.00 tcpdump
 1782 root      20   0   22564   6084   5332 S   0,0  0,0   0:00.00 tcpdump
 1783 root      20   0   22564   6072   5324 S   0,0  0,0   0:00.00 tcpdump
 1784 root      20   0   22564   5992   5244 S   0,0  0,0   0:00.00 tcpdump
 1785 root      20   0   22564   6072   5332 S   0,0  0,0   0:00.00 tcpdump
 1786 root      20   0   22564   6148   5260 S   0,0  0,0   0:00.00 tcpdump
 1704 root      20   0  985412 118548   8912 S   2,0  0,7   0:00.19 ovs-vswitc+
 1634 root      20   0  985304 118368   8912 S   1,0  0,7   0:00.19 ovs-vswitc+
 1524 root      10 -10   20924   4892   4136 S   0,0  0,0   0:00.00 ovsdb-serv+
 1567 root      10 -10   26456   9852   8912 S   0,0  0,1   0:00.00 ovs-vswitc+
 1630 root      20   0   20912   5024   4240 S   0,0  0,0   0:00.01 ovsdb-serv+
 1700 root      20   0   20912   5036   4252 S   0,0  0,0   0:00.01 ovsdb-serv+
 1780 root      20   0   22564   6052   5304 S   0,0  0,0   0:00.00 tcpdump
 1781 root      20   0   22564   5972   5220 S   0,0  0,0   0:00.00 tcpdump
 1782 root      20   0   22564   6084   5332 S   0,0  0,0   0:00.00 tcpdump
 1783 root      20   0   22564   6072   5324 S   0,0  0,0   0:00.00 tcpdump
 1784 root      20   0   22564   5992   5244 S   0,0  0,0   0:00.00 tcpdump
 1785 root      20   0   22564   6072   5332 S   0,0  0,0   0:00.00 tcpdump
 1786 root      20   0   22564   6148   5260 S   0,0  0,0   0:00.00 tcpdump
 1634 root      20   0  985400 118532   8912 S   2,0  0,7   0:00.21 ovs-vswitc+
 1704 root      20   0  985412 118548   8912 S   2,0  0,7   0:00.21 ovs-vswitc+
 1524 root      10 -10   20924   4892   4136 S   0,0  0,0   0:00.00 ovsdb-serv+
 1567 root      10 -10   26456   9852   8912 S   0,0  0,1   0:00.00 ovs-vswitc+
 1630 root      20   0   20912   5024   4240 S   0,0  0,0   0:00.01 ovsdb-serv+
 1700 root      20   0   20912   5036   4252 S   0,0  0,0   0:00.01 ovsdb-serv+
 1780 root      20   0   22564   6052   5304 S   0,0  0,0   0:00.00 tcpdump
 1781 root      20   0   22564   5972   5220 S   0,0  0,0   0:00.00 tcpdump
 1782 root      20   0   22564   6084   5332 S   0,0  0,0   0:00.00 tcpdump
 1783 root      20   0   22564   6072   5324 S   0,0  0,0   0:00.00 tcpdump
 1784 root      20   0   22564   5992   5244 S   0,0  0,0   0:00.00 tcpdump
 1785 root      20   0   22564   6072   5332 S   0,0  0,0   0:00.00 tcpdump
 1786 root      20   0   22564   6148   5260 S   0,0  0,0   0:00.00 tcpdump
 1634 root      20   0  985400 118532   8912 S   1,0  0,7   0:00.22 ovs-vswitc+
 1704 root      20   0  985412 118548   8912 S   1,0  0,7   0:00.22 ovs-vswitc+
 1524 root      10 -10   20924   4892   4136 S   0,0  0,0   0:00.00 ovsdb-serv+
 1567 root      10 -10   26456   9852   8912 S   0,0  0,1   0:00.00 ovs-vswitc+
 1630 root      20   0   20912   5024   4240 S   0,0  0,0   0:00.01 ovsdb-serv+
 1700 root      20   0   20912   5036   4252 S   0,0  0,0   0:00.01 ovsdb-serv+
 1780 root      20   0   22564   6052   5304 S   0,0  0,0   0:00.00 tcpdump
 1781 root      20   0   22564   5972   5220 S   0,0  0,0   0:00.00 tcpdump
 1782 root      20   0   22564   6084   5332 S   0,0  0,0   0:00.00 tcpdump
 1783 root      20   0   22564   6072   5324 S   0,0  0,0   0:00.00 tcpdump
 1784 root      20   0   22564   5992   5244 S   0,0  0,0   0:00.00 tcpdump
 1785 root      20   0   22564   6072   5332 S   0,0  0,0   0:00.00 tcpdump
 1786 root      20   0   22564   6148   5260 S   0,0  0,0   0:00.00 tcpdump
 1704 root      20   0  985412 118548   8912 S   2,0  0,7   0:00.24 ovs-vswitc+
 1634 root      20   0  985400 118532   8912 S   1,0  0,7   0:00.23 ovs-vswitc+
 1524 root      10 -10   20924   4892   4136 S   0,0  0,0   0:00.00 ovsdb-serv+
 1567 root      10 -10   26456   9852   8912 S   0,0  0,1   0:00.00 ovs-vswitc+
 1630 root      20   0   20912   5024   4240 S   0,0  0,0   0:00.01 ovsdb-serv+
 1700 root      20   0   20912   5036   4252 S   0,0  0,0   0:00.01 ovsdb-serv+
 1780 root      20   0   22564   6052   5304 S   0,0  0,0   0:00.00 tcpdump
 1781 root      20   0   22564   5972   5220 S   0,0  0,0   0:00.00 tcpdump
 1782 root      20   0   22564   6084   5332 S   0,0  0,0   0:00.00 tcpdump
 1783 root      20   0   22564   6072   5324 S   0,0  0,0   0:00.00 tcpdump
 1784 root      20   0   22564   5992   5244 S   0,0  0,0   0:00.00 tcpdump
 1785 root      20   0   22564   6072   5332 S   0,0  0,0   0:00.00 tcpdump
 1786 root      20   0   22564   6148   5260 S   0,0  0,0   0:00.00 tcpdump
 1634 root      20   0  985400 118532   8912 S   1,0  0,7   0:00.24 ovs-vswitc+
 1704 root      20   0  985412 118548   8912 S   1,0  0,7   0:00.25 ovs-vswitc+
 1524 root      10 -10   20924   4892   4136 S   0,0  0,0   0:00.00 ovsdb-serv+
 1567 root      10 -10   26456   9852   8912 S   0,0  0,1   0:00.00 ovs-vswitc+
 1630 root      20   0   20912   5024   4240 S   0,0  0,0   0:00.01 ovsdb-serv+
 1700 root      20   0   20912   5036   4252 S   0,0  0,0   0:00.01 ovsdb-serv+
 1780 root      20   0   22564   6052   5304 S   0,0  0,0   0:00.00 tcpdump
 1781 root      20   0   22564   5972   5220 S   0,0  0,0   0:00.00 tcpdump
 1782 root      20   0   22564   6084   5332 S   0,0  0,0   0:00.00 tcpdump
 1783 root      20   0   22564   6072   5324 S   0,0  0,0   0:00.00 tcpdump
 1784 root      20   0   22564   5992   5244 S   0,0  0,0   0:00.00 tcpdump
 1785 root      20   0   22564   6072   5332 S   0,0  0,0   0:00.00 tcpdump
 1786 root      20   0   22564   6148   5260 S   0,0  0,0   0:00.00 tcpdump
 1634 root      20   0  985400 118532   8912 S   1,0  0,7   0:00.25 ovs-vswitc+
 1524 root      10 -10   20924   4892   4136 S   0,0  0,0   0:00.00 ovsdb-serv+
 1567 root      10 -10   26456   9852   8912 S   0,0  0,1   0:00.00 ovs-vswitc+
 1630 root      20   0   20912   5024   4240 S   0,0  0,0   0:00.01 ovsdb-serv+
 1700 root      20   0   20912   5036   4252 S   0,0  0,0   0:00.01 ovsdb-serv+
 1704 root      20   0  985412 118548   8912 S   0,0  0,7   0:00.25 ovs-vswitc+
 1780 root      20   0   22564   6052   5304 S   0,0  0,0   0:00.00 tcpdump
 1781 root      20   0   22564   5972   5220 S   0,0  0,0   0:00.00 tcpdump
 1782 root      20   0   22564   6084   5332 S   0,0  0,0   0:00.00 tcpdump
 1783 root      20   0   22564   6072   5324 S   0,0  0,0   0:00.00 tcpdump
 1784 root      20   0   22564   5992   5244 S   0,0  0,0   0:00.00 tcpdump
 1785 root      20   0   22564   6072   5332 S   0,0  0,0   0:00.00 tcpdump
 1786 root      20   0   22564   6148   5260 S   0,0  0,0   0:00.00 tcpdump
 1634 root      20   0  985400 118532   8912 S   1,0  0,7   0:00.26 ovs-vswitc+
 1704 root      20   0  985412 118548   8912 S   1,0  0,7   0:00.26 ovs-vswitc+
 1524 root      10 -10   20924   4892   4136 S   0,0  0,0   0:00.00 ovsdb-serv+
 1567 root      10 -10   26456   9852   8912 S   0,0  0,1   0:00.00 ovs-vswitc+
 1630 root      20   0   20912   5024   4240 S   0,0  0,0   0:00.01 ovsdb-serv+
 1700 root      20   0   20912   5036   4252 S   0,0  0,0   0:00.01 ovsdb-serv+
 1780 root      20   0   22564   6052   5304 S   0,0  0,0   0:00.00 tcpdump
 1781 root      20   0   22564   5972   5220 S   0,0  0,0   0:00.00 tcpdump
 1782 root      20   0   22564   6084   5332 S   0,0  0,0   0:00.00 tcpdump
 1783 root      20   0   22564   6072   5324 S   0,0  0,0   0:00.00 tcpdump
 1784 root      20   0   22564   5992   5244 S   0,0  0,0   0:00.00 tcpdump
 1785 root      20   0   22564   6072   5332 S   0,0  0,0   0:00.00 tcpdump
 1786 root      20   0   22564   6148   5260 S   0,0  0,0   0:00.00 tcpdump
 1634 root      20   0  985400 118532   8912 S   1,0  0,7   0:00.27 ovs-vswitc+
 1704 root      20   0  985412 118548   8912 S   1,0  0,7   0:00.27 ovs-vswitc+
 1524 root      10 -10   20924   4892   4136 S   0,0  0,0   0:00.00 ovsdb-serv+
 1567 root      10 -10   26456   9852   8912 S   0,0  0,1   0:00.00 ovs-vswitc+
 1630 root      20   0   20912   5024   4240 S   0,0  0,0   0:00.01 ovsdb-serv+
 1700 root      20   0   20912   5036   4252 S   0,0  0,0   0:00.01 ovsdb-serv+
 1780 root      20   0   22564   6052   5304 S   0,0  0,0   0:00.00 tcpdump
 1781 root      20   0   22564   5972   5220 S   0,0  0,0   0:00.00 tcpdump
 1782 root      20   0   22564   6084   5332 S   0,0  0,0   0:00.00 tcpdump
 1783 root      20   0   22564   6072   5324 S   0,0  0,0   0:00.00 tcpdump
 1784 root      20   0   22564   5992   5244 S   0,0  0,0   0:00.00 tcpdump
 1785 root      20   0   22564   6072   5332 S   0,0  0,0   0:00.00 tcpdump
 1786 root      20   0   22564   6148   5260 S   0,0  0,0   0:00.00 tcpdump
 1704 root      20   0  985412 118548   8912 S   2,0  0,7   0:00.29 ovs-vswitc+
 1630 root      20   0   20912   5024   4240 S   1,0  0,0   0:00.02 ovsdb-serv+
 1634 root      20   0  985400 118532   8912 S   1,0  0,7   0:00.28 ovs-vswitc+
 1524 root      10 -10   20924   4892   4136 S   0,0  0,0   0:00.00 ovsdb-serv+
 1567 root      10 -10   26456   9852   8912 S   0,0  0,1   0:00.00 ovs-vswitc+
 1700 root      20   0   20912   5036   4252 S   0,0  0,0   0:00.01 ovsdb-serv+
 1780 root      20   0   22564   6052   5304 S   0,0  0,0   0:00.00 tcpdump
 1781 root      20   0   22564   5972   5220 S   0,0  0,0   0:00.00 tcpdump
 1782 root      20   0   22564   6084   5332 S   0,0  0,0   0:00.00 tcpdump
 1783 root      20   0   22564   6072   5324 S   0,0  0,0   0:00.00 tcpdump
 1784 root      20   0   22564   5992   5244 S   0,0  0,0   0:00.00 tcpdump
 1785 root      20   0   22564   6072   5332 S   0,0  0,0   0:00.00 tcpdump
 1786 root      20   0   22564   6148   5260 S   0,0  0,0   0:00.00 tcpdump
 1634 root      20   0  985400 118532   8912 S   1,0  0,7   0:00.29 ovs-vswitc+
 1524 root      10 -10   20924   4892   4136 S   0,0  0,0   0:00.00 ovsdb-serv+
 1567 root      10 -10   26456   9852   8912 S   0,0  0,1   0:00.00 ovs-vswitc+
 1630 root      20   0   20912   5024   4240 S   0,0  0,0   0:00.02 ovsdb-serv+
 1700 root      20   0   20912   5036   4252 S   0,0  0,0   0:00.01 ovsdb-serv+
 1704 root      20   0  985412 118548   8912 S   0,0  0,7   0:00.29 ovs-vswitc+
 1780 root      20   0   22564   6052   5304 S   0,0  0,0   0:00.00 tcpdump
 1781 root      20   0   22564   5972   5220 S   0,0  0,0   0:00.00 tcpdump
 1782 root      20   0   22564   6084   5332 S   0,0  0,0   0:00.00 tcpdump
 1783 root      20   0   22564   6072   5324 S   0,0  0,0   0:00.00 tcpdump
 1784 root      20   0   22564   5992   5244 S   0,0  0,0   0:00.00 tcpdump
 1785 root      20   0   22564   6072   5332 S   0,0  0,0   0:00.00 tcpdump
 1786 root      20   0   22564   6148   5260 S   0,0  0,0   0:00.00 tcpdump
 1634 root      20   0  985400 118532   8912 S   1,0  0,7   0:00.30 ovs-vswitc+
 1704 root      20   0  985412 118548   8912 S   1,0  0,7   0:00.30 ovs-vswitc+
 1524 root      10 -10   20924   4892   4136 S   0,0  0,0   0:00.00 ovsdb-serv+
 1567 root      10 -10   26456   9852   8912 S   0,0  0,1   0:00.00 ovs-vswitc+
 1630 root      20   0   20912   5024   4240 S   0,0  0,0   0:00.02 ovsdb-serv+
 1700 root      20   0   20912   5036   4252 S   0,0  0,0   0:00.01 ovsdb-serv+
 1780 root      20   0   22564   6052   5304 S   0,0  0,0   0:00.00 tcpdump
 1781 root      20   0   22564   5972   5220 S   0,0  0,0   0:00.00 tcpdump
 1782 root      20   0   22564   6084   5332 S   0,0  0,0   0:00.00 tcpdump
 1783 root      20   0   22564   6072   5324 S   0,0  0,0   0:00.00 tcpdump
 1784 root      20   0   22564   5992   5244 S   0,0  0,0   0:00.00 tcpdump
 1785 root      20   0   22564   6072   5332 S   0,0  0,0   0:00.00 tcpdump
 1786 root      20   0   22564   6148   5260 S   0,0  0,0   0:00.00 tcpdump
 1704 root      20   0  985412 118548   8912 S   1,0  0,7   0:00.31 ovs-vswitc+
 1524 root      10 -10   20924   4892   4136 S   0,0  0,0   0:00.00 ovsdb-serv+
 1567 root      10 -10   26456   9852   8912 S   0,0  0,1   0:00.00 ovs-vswitc+
 1630 root      20   0   20912   5024   4240 S   0,0  0,0   0:00.02 ovsdb-serv+
 1634 root      20   0  985400 118532   8912 S   0,0  0,7   0:00.30 ovs-vswitc+
 1700 root      20   0   20912   5036   4252 S   0,0  0,0   0:00.01 ovsdb-serv+
 1780 root      20   0   22564   6052   5304 S   0,0  0,0   0:00.00 tcpdump
 1781 root      20   0   22564   5972   5220 S   0,0  0,0   0:00.00 tcpdump
 1782 root      20   0   22564   6084   5332 S   0,0  0,0   0:00.00 tcpdump
 1783 root      20   0   22564   6072   5324 S   0,0  0,0   0:00.00 tcpdump
 1784 root      20   0   22564   5992   5244 S   0,0  0,0   0:00.00 tcpdump
 1785 root      20   0   22564   6072   5332 S   0,0  0,0   0:00.00 tcpdump
 1786 root      20   0   22564   6148   5260 S   0,0  0,0   0:00.00 tcpdump
 1634 root      20   0  985400 118532   8912 S   1,0  0,7   0:00.31 ovs-vswitc+
 1704 root      20   0  985412 118548   8912 S   1,0  0,7   0:00.32 ovs-vswitc+
 1524 root      10 -10   20924   4892   4136 S   0,0  0,0   0:00.00 ovsdb-serv+
 1567 root      10 -10   26456   9852   8912 S   0,0  0,1   0:00.00 ovs-vswitc+
 1630 root      20   0   20912   5024   4240 S   0,0  0,0   0:00.02 ovsdb-serv+
 1700 root      20   0   20912   5036   4252 S   0,0  0,0   0:00.01 ovsdb-serv+
 1780 root      20   0   22564   6052   5304 S   0,0  0,0   0:00.00 tcpdump
 1781 root      20   0   22564   5972   5220 S   0,0  0,0   0:00.00 tcpdump
 1782 root      20   0   22564   6084   5332 S   0,0  0,0   0:00.00 tcpdump
 1783 root      20   0   22564   6072   5324 S   0,0  0,0   0:00.00 tcpdump
 1784 root      20   0   22564   5992   5244 S   0,0  0,0   0:00.00 tcpdump
 1785 root      20   0   22564   6072   5332 S   0,0  0,0   0:00.00 tcpdump
 1786 root      20   0   22564   6148   5260 S   0,0  0,0   0:00.00 tcpdump
 1634 root      20   0  985400 118532   8912 S   1,0  0,7   0:00.32 ovs-vswitc+
 1704 root      20   0  985412 118548   8912 S   1,0  0,7   0:00.33 ovs-vswitc+
 1524 root      10 -10   20924   4892   4136 S   0,0  0,0   0:00.00 ovsdb-serv+
 1567 root      10 -10   26456   9852   8912 S   0,0  0,1   0:00.00 ovs-vswitc+
 1630 root      20   0   20912   5024   4240 S   0,0  0,0   0:00.02 ovsdb-serv+
 1700 root      20   0   20912   5036   4252 S   0,0  0,0   0:00.01 ovsdb-serv+
 1780 root      20   0   22564   6052   5304 S   0,0  0,0   0:00.00 tcpdump
 1781 root      20   0   22564   5972   5220 S   0,0  0,0   0:00.00 tcpdump
 1782 root      20   0   22564   6084   5332 S   0,0  0,0   0:00.00 tcpdump
 1783 root      20   0   22564   6072   5324 S   0,0  0,0   0:00.00 tcpdump
 1784 root      20   0   22564   5992   5244 S   0,0  0,0   0:00.00 tcpdump
 1785 root      20   0   22564   6072   5332 S   0,0  0,0   0:00.00 tcpdump
 1786 root      20   0   22564   6148   5260 S   0,0  0,0   0:00.00 tcpdump
 1634 root      20   0  985400 118532   8912 S   1,0  0,7   0:00.33 ovs-vswitc+
 1704 root      20   0  985412 118548   8912 S   1,0  0,7   0:00.34 ovs-vswitc+
 1524 root      10 -10   20924   4892   4136 S   0,0  0,0   0:00.00 ovsdb-serv+
 1567 root      10 -10   26456   9852   8912 S   0,0  0,1   0:00.00 ovs-vswitc+
 1630 root      20   0   20912   5024   4240 S   0,0  0,0   0:00.02 ovsdb-serv+
 1700 root      20   0   20912   5036   4252 S   0,0  0,0   0:00.01 ovsdb-serv+
 1780 root      20   0   22564   6052   5304 S   0,0  0,0   0:00.00 tcpdump
 1781 root      20   0   22564   5972   5220 S   0,0  0,0   0:00.00 tcpdump
 1782 root      20   0   22564   6084   5332 S   0,0  0,0   0:00.00 tcpdump
 1783 root      20   0   22564   6072   5324 S   0,0  0,0   0:00.00 tcpdump
 1784 root      20   0   22564   5992   5244 S   0,0  0,0   0:00.00 tcpdump
 1785 root      20   0   22564   6072   5332 S   0,0  0,0   0:00.00 tcpdump
 1786 root      20   0   22564   6148   5260 S   0,0  0,0   0:00.00 tcpdump
 1634 root      20   0  985400 118532   8912 S   1,0  0,7   0:00.34 ovs-vswitc+
 1704 root      20   0  985412 118548   8912 S   1,0  0,7   0:00.35 ovs-vswitc+
 1524 root      10 -10   20924   4892   4136 S   0,0  0,0   0:00.00 ovsdb-serv+
 1567 root      10 -10   26456   9852   8912 S   0,0  0,1   0:00.00 ovs-vswitc+
 1630 root      20   0   20912   5024   4240 S   0,0  0,0   0:00.02 ovsdb-serv+
 1700 root      20   0   20912   5036   4252 S   0,0  0,0   0:00.01 ovsdb-serv+
 1780 root      20   0   22564   6052   5304 S   0,0  0,0   0:00.00 tcpdump
 1781 root      20   0   22564   5972   5220 S   0,0  0,0   0:00.00 tcpdump
 1782 root      20   0   22564   6084   5332 S   0,0  0,0   0:00.00 tcpdump
 1783 root      20   0   22564   6072   5324 S   0,0  0,0   0:00.00 tcpdump
 1784 root      20   0   22564   5992   5244 S   0,0  0,0   0:00.00 tcpdump
 1785 root      20   0   22564   6072   5332 S   0,0  0,0   0:00.00 tcpdump
 1786 root      20   0   22564   6148   5260 S   0,0  0,0   0:00.00 tcpdump
 1634 root      20   0  985400 120640   8912 S  16,8  0,7   0:00.51 ovs-vswitc+
 1704 root      20   0  985412 118808   8912 S   3,0  0,7   0:00.38 ovs-vswitc+
 1524 root      10 -10   20924   4892   4136 S   0,0  0,0   0:00.00 ovsdb-serv+
 1567 root      10 -10   26456   9852   8912 S   0,0  0,1   0:00.00 ovs-vswitc+
 1630 root      20   0   20912   5024   4240 S   0,0  0,0   0:00.02 ovsdb-serv+
 1700 root      20   0   20912   5036   4252 S   0,0  0,0   0:00.01 ovsdb-serv+
 1780 root      20   0   22564   6052   5304 S   0,0  0,0   0:00.00 tcpdump
 1781 root      20   0   22564   5972   5220 S   0,0  0,0   0:00.00 tcpdump
 1782 root      20   0   22564   6084   5332 S   0,0  0,0   0:00.00 tcpdump
 1783 root      20   0   22564   6072   5324 S   0,0  0,0   0:00.00 tcpdump
 1784 root      20   0   22564   5992   5244 S   0,0  0,0   0:00.00 tcpdump
 1785 root      20   0   22564   6072   5332 S   0,0  0,0   0:00.00 tcpdump
 1786 root      20   0   22564   6148   5260 S   0,0  0,0   0:00.00 tcpdump
 1634 root      20   0  985664 138844   8912 R 173,3  0,9   0:02.26 ovs-vswitc+
 1704 root      20   0  985412 121976   8912 S  15,8  0,7   0:00.54 ovs-vswitc+
 1524 root      10 -10   20924   4892   4136 S   0,0  0,0   0:00.00 ovsdb-serv+
 1567 root      10 -10   26456   9852   8912 S   0,0  0,1   0:00.00 ovs-vswitc+
 1630 root      20   0   20912   5024   4240 S   0,0  0,0   0:00.02 ovsdb-serv+
 1700 root      20   0   20912   5036   4252 S   0,0  0,0   0:00.01 ovsdb-serv+
 1780 root      20   0   22564   6052   5304 S   0,0  0,0   0:00.00 tcpdump
 1781 root      20   0   22564   5972   5220 S   0,0  0,0   0:00.00 tcpdump
 1782 root      20   0   22564   6084   5332 S   0,0  0,0   0:00.00 tcpdump
 1783 root      20   0   22564   6072   5324 S   0,0  0,0   0:00.00 tcpdump
 1784 root      20   0   22564   5992   5244 S   0,0  0,0   0:00.00 tcpdump
 1785 root      20   0   22564   6072   5332 S   0,0  0,0   0:00.00 tcpdump
 1786 root      20   0   22564   6148   5260 S   0,0  0,0   0:00.00 tcpdump
 1634 root      20   0  987260 141208   8912 S 369,3  0,9   0:05.99 ovs-vswitc+
 1524 root      10 -10   20924   4892   4136 S   0,0  0,0   0:00.00 ovsdb-serv+
 1567 root      10 -10   26456   9852   8912 S   0,0  0,1   0:00.00 ovs-vswitc+
 1630 root      20   0   20912   5024   4240 S   0,0  0,0   0:00.02 ovsdb-serv+
 1700 root      20   0   20912   5036   4252 S   0,0  0,0   0:00.01 ovsdb-serv+
 1704 root      20   0  985412 121976   8912 S   0,0  0,7   0:00.54 ovs-vswitc+
 1780 root      20   0   22564   6052   5304 S   0,0  0,0   0:00.00 tcpdump
 1781 root      20   0   22564   5972   5220 S   0,0  0,0   0:00.00 tcpdump
 1782 root      20   0   22564   6084   5332 S   0,0  0,0   0:00.00 tcpdump
 1783 root      20   0   22564   6072   5324 S   0,0  0,0   0:00.00 tcpdump
 1784 root      20   0   22564   5992   5244 S   0,0  0,0   0:00.00 tcpdump
 1785 root      20   0   22564   6072   5332 S   0,0  0,0   0:00.00 tcpdump
 1786 root      20   0   22564   6148   5260 S   0,0  0,0   0:00.00 tcpdump
 1634 root      20   0  988844 142792   8912 S 338,6  0,9   0:09.41 ovs-vswitc+
 1524 root      10 -10   20924   4892   4136 S   0,0  0,0   0:00.00 ovsdb-serv+
 1567 root      10 -10   26456   9852   8912 S   0,0  0,1   0:00.00 ovs-vswitc+
 1630 root      20   0   20912   5024   4240 S   0,0  0,0   0:00.02 ovsdb-serv+
 1700 root      20   0   20912   5036   4252 S   0,0  0,0   0:00.01 ovsdb-serv+
 1704 root      20   0  985412 121976   8912 S   0,0  0,7   0:00.54 ovs-vswitc+
 1780 root      20   0   22564   6052   5304 S   0,0  0,0   0:00.00 tcpdump
 1781 root      20   0   22564   5972   5220 S   0,0  0,0   0:00.00 tcpdump
 1782 root      20   0   22564   6084   5332 S   0,0  0,0   0:00.00 tcpdump
 1783 root      20   0   22564   6072   5324 S   0,0  0,0   0:00.00 tcpdump
 1784 root      20   0   22564   5992   5244 S   0,0  0,0   0:00.00 tcpdump
 1785 root      20   0   22564   6072   5332 S   0,0  0,0   0:00.00 tcpdump
 1786 root      20   0   22564   6148   5260 S   0,0  0,0   0:00.00 tcpdump
 1634 root      20   0  989636 143584   8912 S 190,0  0,9   0:11.31 ovs-vswitc+
 1524 root      10 -10   20924   4892   4136 S   0,0  0,0   0:00.00 ovsdb-serv+
 1567 root      10 -10   26456   9852   8912 S   0,0  0,1   0:00.00 ovs-vswitc+
 1630 root      20   0   20912   5024   4240 S   0,0  0,0   0:00.02 ovsdb-serv+
 1700 root      20   0   20912   5036   4252 S   0,0  0,0   0:00.01 ovsdb-serv+
 1704 root      20   0  985412 121976   8912 S   0,0  0,7   0:00.54 ovs-vswitc+
 1780 root      20   0   22564   6052   5304 S   0,0  0,0   0:00.00 tcpdump
 1781 root      20   0   22564   5972   5220 S   0,0  0,0   0:00.00 tcpdump
 1782 root      20   0   22564   6084   5332 S   0,0  0,0   0:00.00 tcpdump
 1783 root      20   0   22564   6072   5324 S   0,0  0,0   0:00.00 tcpdump
 1784 root      20   0   22564   5992   5244 S   0,0  0,0   0:00.00 tcpdump
 1785 root      20   0   22564   6072   5332 S   0,0  0,0   0:00.00 tcpdump
 1786 root      20   0   22564   6148   5260 S   0,0  0,0   0:00.00 tcpdump
 1634 root      20   0  989636 143584   8912 S   2,9  0,9   0:11.34 ovs-vswitc+
 1704 root      20   0  985412 121976   8912 S   2,0  0,7   0:00.56 ovs-vswitc+
 1524 root      10 -10   20924   4892   4136 S   0,0  0,0   0:00.00 ovsdb-serv+
 1567 root      10 -10   26456   9852   8912 S   0,0  0,1   0:00.00 ovs-vswitc+
 1630 root      20   0   20912   5024   4240 S   0,0  0,0   0:00.02 ovsdb-serv+
 1700 root      20   0   20912   5036   4252 S   0,0  0,0   0:00.01 ovsdb-serv+
 1780 root      20   0   22564   6052   5304 S   0,0  0,0   0:00.00 tcpdump
 1781 root      20   0   22564   5972   5220 S   0,0  0,0   0:00.00 tcpdump
 1782 root      20   0   22564   6084   5332 S   0,0  0,0   0:00.00 tcpdump
 1783 root      20   0   22564   6072   5324 S   0,0  0,0   0:00.00 tcpdump
 1784 root      20   0   22564   5992   5244 S   0,0  0,0   0:00.00 tcpdump
 1785 root      20   0   22564   6072   5332 S   0,0  0,0   0:00.00 tcpdump
 1786 root      20   0   22564   6148   5260 S   0,0  0,0   0:00.00 tcpdump
 1634 root      20   0  989636 143584   8912 S   5,0  0,9   0:11.39 ovs-vswitc+
 1704 root      20   0  985412 121976   8912 S   2,0  0,7   0:00.58 ovs-vswitc+
 1524 root      10 -10   20924   4892   4136 S   0,0  0,0   0:00.00 ovsdb-serv+
 1567 root      10 -10   26456   9852   8912 S   0,0  0,1   0:00.00 ovs-vswitc+
 1630 root      20   0   20912   5024   4240 S   0,0  0,0   0:00.02 ovsdb-serv+
 1700 root      20   0   20912   5036   4252 S   0,0  0,0   0:00.01 ovsdb-serv+
 1780 root      20   0   22564   6052   5304 S   0,0  0,0   0:00.00 tcpdump
 1781 root      20   0   22564   5972   5220 S   0,0  0,0   0:00.00 tcpdump
 1782 root      20   0   22564   6084   5332 S   0,0  0,0   0:00.00 tcpdump
 1783 root      20   0   22564   6072   5324 S   0,0  0,0   0:00.00 tcpdump
 1784 root      20   0   22564   5992   5244 S   0,0  0,0   0:00.00 tcpdump
 1785 root      20   0   22564   6072   5332 S   0,0  0,0   0:00.00 tcpdump
 1786 root      20   0   22564   6148   5260 S   0,0  0,0   0:00.00 tcpdump
 1704 root      20   0  985412 121976   8912 S   3,0  0,7   0:00.61 ovs-vswitc+
 1634 root      20   0  989636 143584   8912 S   2,0  0,9   0:11.41 ovs-vswitc+
 1524 root      10 -10   20924   4892   4136 S   0,0  0,0   0:00.00 ovsdb-serv+
 1567 root      10 -10   26456   9852   8912 S   0,0  0,1   0:00.00 ovs-vswitc+
 1630 root      20   0   20912   5024   4240 S   0,0  0,0   0:00.02 ovsdb-serv+
 1700 root      20   0   20912   5036   4252 S   0,0  0,0   0:00.01 ovsdb-serv+
 1780 root      20   0   22564   6052   5304 S   0,0  0,0   0:00.00 tcpdump
 1781 root      20   0   22564   5972   5220 S   0,0  0,0   0:00.00 tcpdump
 1782 root      20   0   22564   6084   5332 S   0,0  0,0   0:00.00 tcpdump
 1783 root      20   0   22564   6072   5324 S   0,0  0,0   0:00.00 tcpdump
 1784 root      20   0   22564   5992   5244 S   0,0  0,0   0:00.00 tcpdump
 1785 root      20   0   22564   6072   5332 S   0,0  0,0   0:00.00 tcpdump
 1786 root      20   0   22564   6148   5260 S   0,0  0,0   0:00.00 tcpdump
 1634 root      20   0  989636 143584   8912 S   3,9  0,9   0:11.45 ovs-vswitc+
 1704 root      20   0  985412 121976   8912 S   1,0  0,7   0:00.62 ovs-vswitc+
 1524 root      10 -10   20924   4892   4136 S   0,0  0,0   0:00.00 ovsdb-serv+
 1567 root      10 -10   26456   9852   8912 S   0,0  0,1   0:00.00 ovs-vswitc+
 1630 root      20   0   20912   5024   4240 S   0,0  0,0   0:00.02 ovsdb-serv+
 1700 root      20   0   20912   5036   4252 S   0,0  0,0   0:00.01 ovsdb-serv+
 1780 root      20   0   22564   6052   5304 S   0,0  0,0   0:00.00 tcpdump
 1781 root      20   0   22564   5972   5220 S   0,0  0,0   0:00.00 tcpdump
 1782 root      20   0   22564   6084   5332 S   0,0  0,0   0:00.00 tcpdump
 1783 root      20   0   22564   6072   5324 S   0,0  0,0   0:00.00 tcpdump
 1784 root      20   0   22564   5992   5244 S   0,0  0,0   0:00.00 tcpdump
 1785 root      20   0   22564   6072   5332 S   0,0  0,0   0:00.00 tcpdump
 1786 root      20   0   22564   6148   5260 S   0,0  0,0   0:00.00 tcpdump
 1634 root      20   0  989636 143584   8912 S   4,0  0,9   0:11.49 ovs-vswitc+
 1704 root      20   0  985412 121976   8912 S   3,0  0,7   0:00.65 ovs-vswitc+
 1524 root      10 -10   20924   4892   4136 S   0,0  0,0   0:00.00 ovsdb-serv+
 1567 root      10 -10   26456   9852   8912 S   0,0  0,1   0:00.00 ovs-vswitc+
 1630 root      20   0   20912   5024   4240 S   0,0  0,0   0:00.02 ovsdb-serv+
 1700 root      20   0   20912   5036   4252 S   0,0  0,0   0:00.01 ovsdb-serv+
 1780 root      20   0   22564   6052   5304 S   0,0  0,0   0:00.00 tcpdump
 1781 root      20   0   22564   5972   5220 S   0,0  0,0   0:00.00 tcpdump
 1782 root      20   0   22564   6084   5332 S   0,0  0,0   0:00.00 tcpdump
 1783 root      20   0   22564   6072   5324 S   0,0  0,0   0:00.00 tcpdump
 1784 root      20   0   22564   5992   5244 S   0,0  0,0   0:00.00 tcpdump
 1785 root      20   0   22564   6072   5332 S   0,0  0,0   0:00.00 tcpdump
 1786 root      20   0   22564   6148   5260 S   0,0  0,0   0:00.00 tcpdump
 1634 root      20   0  989636 143584   8912 S   5,0  0,9   0:11.54 ovs-vswitc+
 1704 root      20   0  985412 121976   8912 S   2,0  0,7   0:00.67 ovs-vswitc+
 1524 root      10 -10   20924   4892   4136 S   0,0  0,0   0:00.00 ovsdb-serv+
 1567 root      10 -10   26456   9852   8912 S   0,0  0,1   0:00.00 ovs-vswitc+
 1630 root      20   0   20912   5024   4240 S   0,0  0,0   0:00.02 ovsdb-serv+
 1700 root      20   0   20912   5036   4252 S   0,0  0,0   0:00.01 ovsdb-serv+
 1780 root      20   0   22564   6052   5304 S   0,0  0,0   0:00.00 tcpdump
 1781 root      20   0   22564   5972   5220 S   0,0  0,0   0:00.00 tcpdump
 1782 root      20   0   22564   6084   5332 S   0,0  0,0   0:00.00 tcpdump
 1783 root      20   0   22564   6072   5324 S   0,0  0,0   0:00.00 tcpdump
 1784 root      20   0   22564   5992   5244 S   0,0  0,0   0:00.00 tcpdump
 1785 root      20   0   22564   6072   5332 S   0,0  0,0   0:00.00 tcpdump
 1786 root      20   0   22564   6148   5260 S   0,0  0,0   0:00.00 tcpdump
 1634 root      20   0  989636 143584   8912 S   2,9  0,9   0:11.57 ovs-vswitc+
 1704 root      20   0  985412 121976   8912 S   2,9  0,7   0:00.70 ovs-vswitc+
 1524 root      10 -10   20924   4892   4136 S   0,0  0,0   0:00.00 ovsdb-serv+
 1567 root      10 -10   26456   9852   8912 S   0,0  0,1   0:00.00 ovs-vswitc+
 1630 root      20   0   20912   5024   4240 S   0,0  0,0   0:00.02 ovsdb-serv+
 1700 root      20   0   20912   5036   4252 S   0,0  0,0   0:00.01 ovsdb-serv+
 1780 root      20   0   22564   6052   5304 S   0,0  0,0   0:00.00 tcpdump
 1781 root      20   0   22564   5972   5220 S   0,0  0,0   0:00.00 tcpdump
 1782 root      20   0   22564   6084   5332 S   0,0  0,0   0:00.00 tcpdump
 1783 root      20   0   22564   6072   5324 S   0,0  0,0   0:00.00 tcpdump
 1784 root      20   0   22564   5992   5244 S   0,0  0,0   0:00.00 tcpdump
 1785 root      20   0   22564   6072   5332 S   0,0  0,0   0:00.00 tcpdump
 1786 root      20   0   22564   6148   5260 S   0,0  0,0   0:00.00 tcpdump
 1634 root      20   0  989636 143584   8912 S   1,0  0,9   0:11.58 ovs-vswitc+
 1700 root      20   0   20912   5036   4252 S   1,0  0,0   0:00.02 ovsdb-serv+
 1704 root      20   0  985412 121976   8912 S   1,0  0,7   0:00.71 ovs-vswitc+
 1524 root      10 -10   20924   4892   4136 S   0,0  0,0   0:00.00 ovsdb-serv+
 1567 root      10 -10   26456   9852   8912 S   0,0  0,1   0:00.00 ovs-vswitc+
 1630 root      20   0   20912   5024   4240 S   0,0  0,0   0:00.02 ovsdb-serv+
 1780 root      20   0   22564   6052   5304 S   0,0  0,0   0:00.00 tcpdump
 1781 root      20   0   22564   5972   5220 S   0,0  0,0   0:00.00 tcpdump
 1782 root      20   0   22564   6084   5332 S   0,0  0,0   0:00.00 tcpdump
 1783 root      20   0   22564   6072   5324 S   0,0  0,0   0:00.00 tcpdump
 1784 root      20   0   22564   5992   5244 S   0,0  0,0   0:00.00 tcpdump
 1785 root      20   0   22564   6072   5332 S   0,0  0,0   0:00.00 tcpdump
 1786 root      20   0   22564   6148   5260 S   0,0  0,0   0:00.00 tcpdump
 1634 root      20   0  989636 143584   8912 S   2,0  0,9   0:11.60 ovs-vswitc+
 1524 root      10 -10   20924   4892   4136 S   0,0  0,0   0:00.00 ovsdb-serv+
 1567 root      10 -10   26456   9852   8912 S   0,0  0,1   0:00.00 ovs-vswitc+
 1630 root      20   0   20912   5024   4240 S   0,0  0,0   0:00.02 ovsdb-serv+
 1700 root      20   0   20912   5036   4252 S   0,0  0,0   0:00.02 ovsdb-serv+
 1704 root      20   0  985412 121976   8912 S   0,0  0,7   0:00.71 ovs-vswitc+
 1780 root      20   0   22564   6052   5304 S   0,0  0,0   0:00.00 tcpdump
 1781 root      20   0   22564   5972   5220 S   0,0  0,0   0:00.00 tcpdump
 1782 root      20   0   22564   6084   5332 S   0,0  0,0   0:00.00 tcpdump
 1783 root      20   0   22564   6072   5324 S   0,0  0,0   0:00.00 tcpdump
 1784 root      20   0   22564   5992   5244 S   0,0  0,0   0:00.00 tcpdump
 1785 root      20   0   22564   6072   5332 S   0,0  0,0   0:00.00 tcpdump
 1786 root      20   0   22564   6148   5260 S   0,0  0,0   0:00.00 tcpdump
 1634 root      20   0  989636 143584   8912 S   1,0  0,9   0:11.61 ovs-vswitc+
 1704 root      20   0  985412 121976   8912 S   1,0  0,7   0:00.72 ovs-vswitc+
 1524 root      10 -10   20924   4892   4136 S   0,0  0,0   0:00.00 ovsdb-serv+
 1567 root      10 -10   26456   9852   8912 S   0,0  0,1   0:00.00 ovs-vswitc+
 1630 root      20   0   20912   5024   4240 S   0,0  0,0   0:00.02 ovsdb-serv+
 1700 root      20   0   20912   5036   4252 S   0,0  0,0   0:00.02 ovsdb-serv+
 1780 root      20   0   22564   6052   5304 S   0,0  0,0   0:00.00 tcpdump
 1781 root      20   0   22564   5972   5220 S   0,0  0,0   0:00.00 tcpdump
 1782 root      20   0   22564   6084   5332 S   0,0  0,0   0:00.00 tcpdump
 1783 root      20   0   22564   6072   5324 S   0,0  0,0   0:00.00 tcpdump
 1784 root      20   0   22564   5992   5244 S   0,0  0,0   0:00.00 tcpdump
 1785 root      20   0   22564   6072   5332 S   0,0  0,0   0:00.00 tcpdump
 1786 root      20   0   22564   6148   5260 S   0,0  0,0   0:00.00 tcpdump
 1634 root      20   0  989636 143584   8912 S   1,0  0,9   0:11.62 ovs-vswitc+
 1704 root      20   0  985412 121976   8912 S   1,0  0,7   0:00.73 ovs-vswitc+
 1524 root      10 -10   20924   4892   4136 S   0,0  0,0   0:00.00 ovsdb-serv+
 1567 root      10 -10   26456   9852   8912 S   0,0  0,1   0:00.00 ovs-vswitc+
 1630 root      20   0   20912   5024   4240 S   0,0  0,0   0:00.02 ovsdb-serv+
 1700 root      20   0   20912   5036   4252 S   0,0  0,0   0:00.02 ovsdb-serv+
 1780 root      20   0   22564   6052   5304 S   0,0  0,0   0:00.00 tcpdump
 1781 root      20   0   22564   5972   5220 S   0,0  0,0   0:00.00 tcpdump
 1782 root      20   0   22564   6084   5332 S   0,0  0,0   0:00.00 tcpdump
 1783 root      20   0   22564   6072   5324 S   0,0  0,0   0:00.00 tcpdump
 1784 root      20   0   22564   5992   5244 S   0,0  0,0   0:00.00 tcpdump
 1785 root      20   0   22564   6072   5332 S   0,0  0,0   0:00.00 tcpdump
 1786 root      20   0   22564   6148   5260 S   0,0  0,0   0:00.00 tcpdump
 1634 root      20   0  989636 143584   8912 S   2,0  0,9   0:11.64 ovs-vswitc+
 1704 root      20   0  985412 121976   8912 S   2,0  0,7   0:00.75 ovs-vswitc+
 1524 root      10 -10   20924   4892   4136 S   0,0  0,0   0:00.00 ovsdb-serv+
 1567 root      10 -10   26456   9852   8912 S   0,0  0,1   0:00.00 ovs-vswitc+
 1630 root      20   0   20912   5024   4240 S   0,0  0,0   0:00.02 ovsdb-serv+
 1700 root      20   0   20912   5036   4252 S   0,0  0,0   0:00.02 ovsdb-serv+
 1780 root      20   0   22564   6052   5304 S   0,0  0,0   0:00.00 tcpdump
 1781 root      20   0   22564   5972   5220 S   0,0  0,0   0:00.00 tcpdump
 1782 root      20   0   22564   6084   5332 S   0,0  0,0   0:00.00 tcpdump
 1783 root      20   0   22564   6072   5324 S   0,0  0,0   0:00.00 tcpdump
 1784 root      20   0   22564   5992   5244 S   0,0  0,0   0:00.00 tcpdump
 1785 root      20   0   22564   6072   5332 S   0,0  0,0   0:00.00 tcpdump
 1786 root      20   0   22564   6148   5260 S   0,0  0,0   0:00.00 tcpdump
 1634 root      20   0  989636 143584   8912 S   1,0  0,9   0:11.65 ovs-vswitc+
 1704 root      20   0  985412 121976   8912 S   1,0  0,7   0:00.76 ovs-vswitc+
 1524 root      10 -10   20924   4892   4136 S   0,0  0,0   0:00.00 ovsdb-serv+
 1567 root      10 -10   26456   9852   8912 S   0,0  0,1   0:00.00 ovs-vswitc+
 1630 root      20   0   20912   5024   4240 S   0,0  0,0   0:00.02 ovsdb-serv+
 1700 root      20   0   20912   5036   4252 S   0,0  0,0   0:00.02 ovsdb-serv+
 1780 root      20   0   22564   6052   5304 S   0,0  0,0   0:00.00 tcpdump
 1781 root      20   0   22564   5972   5220 S   0,0  0,0   0:00.00 tcpdump
 1782 root      20   0   22564   6084   5332 S   0,0  0,0   0:00.00 tcpdump
 1783 root      20   0   22564   6072   5324 S   0,0  0,0   0:00.00 tcpdump
 1784 root      20   0   22564   5992   5244 S   0,0  0,0   0:00.00 tcpdump
 1785 root      20   0   22564   6072   5332 S   0,0  0,0   0:00.00 tcpdump
 1786 root      20   0   22564   6148   5260 S   0,0  0,0   0:00.00 tcpdump
 1524 root      10 -10   20924   4892   4136 S   0,0  0,0   0:00.00 ovsdb-serv+
 1567 root      10 -10   26456   9852   8912 S   0,0  0,1   0:00.00 ovs-vswitc+
 1630 root      20   0   20912   5024   4240 S   0,0  0,0   0:00.02 ovsdb-serv+
 1634 root      20   0  989636 143584   8912 S   0,0  0,9   0:11.65 ovs-vswitc+
 1700 root      20   0   20912   5036   4252 S   0,0  0,0   0:00.02 ovsdb-serv+
 1704 root      20   0  985412 121976   8912 S   0,0  0,7   0:00.76 ovs-vswitc+
 1780 root      20   0   22564   6052   5304 S   0,0  0,0   0:00.00 tcpdump
 1781 root      20   0   22564   5972   5220 S   0,0  0,0   0:00.00 tcpdump
 1782 root      20   0   22564   6084   5332 S   0,0  0,0   0:00.00 tcpdump
 1783 root      20   0   22564   6072   5324 S   0,0  0,0   0:00.00 tcpdump
 1784 root      20   0   22564   5992   5244 S   0,0  0,0   0:00.00 tcpdump
 1785 root      20   0   22564   6072   5332 S   0,0  0,0   0:00.00 tcpdump
 1786 root      20   0   22564   6148   5260 S   0,0  0,0   0:00.00 tcpdump
 1634 root      20   0  989636 143584   8912 S   2,0  0,9   0:11.67 ovs-vswitc+
 1704 root      20   0  985412 121976   8912 S   2,0  0,7   0:00.78 ovs-vswitc+
 1524 root      10 -10   20924   4892   4136 S   0,0  0,0   0:00.00 ovsdb-serv+
 1567 root      10 -10   26456   9852   8912 S   0,0  0,1   0:00.00 ovs-vswitc+
 1630 root      20   0   20912   5024   4240 S   0,0  0,0   0:00.02 ovsdb-serv+
 1700 root      20   0   20912   5036   4252 S   0,0  0,0   0:00.02 ovsdb-serv+
 1780 root      20   0   22564   6052   5304 S   0,0  0,0   0:00.00 tcpdump
 1781 root      20   0   22564   5972   5220 S   0,0  0,0   0:00.00 tcpdump
 1782 root      20   0   22564   6084   5332 S   0,0  0,0   0:00.00 tcpdump
 1783 root      20   0   22564   6072   5324 S   0,0  0,0   0:00.00 tcpdump
 1784 root      20   0   22564   5992   5244 S   0,0  0,0   0:00.00 tcpdump
 1785 root      20   0   22564   6072   5332 S   0,0  0,0   0:00.00 tcpdump
 1786 root      20   0   22564   6148   5260 S   0,0  0,0   0:00.00 tcpdump
 1634 root      20   0  989636 143584   8912 S   1,0  0,9   0:11.68 ovs-vswitc+
 1524 root      10 -10   20924   4892   4136 S   0,0  0,0   0:00.00 ovsdb-serv+
 1567 root      10 -10   26456   9852   8912 S   0,0  0,1   0:00.00 ovs-vswitc+
 1630 root      20   0   20912   5024   4240 S   0,0  0,0   0:00.02 ovsdb-serv+
 1700 root      20   0   20912   5036   4252 S   0,0  0,0   0:00.02 ovsdb-serv+
 1704 root      20   0  985412 121976   8912 S   0,0  0,7   0:00.78 ovs-vswitc+
 1780 root      20   0   22564   6052   5304 S   0,0  0,0   0:00.00 tcpdump
 1781 root      20   0   22564   5972   5220 S   0,0  0,0   0:00.00 tcpdump
 1782 root      20   0   22564   6084   5332 S   0,0  0,0   0:00.00 tcpdump
 1783 root      20   0   22564   6072   5324 S   0,0  0,0   0:00.00 tcpdump
 1784 root      20   0   22564   5992   5244 S   0,0  0,0   0:00.00 tcpdump
 1785 root      20   0   22564   6072   5332 S   0,0  0,0   0:00.00 tcpdump
 1786 root      20   0   22564   6148   5260 S   0,0  0,0   0:00.00 tcpdump
 1524 root      10 -10   20924   4892   4136 S   0,0  0,0   0:00.00 ovsdb-serv+
 1567 root      10 -10   26456   9852   8912 S   0,0  0,1   0:00.00 ovs-vswitc+
 1630 root      20   0   20912   5024   4240 S   0,0  0,0   0:00.02 ovsdb-serv+
 1634 root      20   0  989636 143584   8912 S   0,0  0,9   0:11.68 ovs-vswitc+
 1700 root      20   0   20912   5036   4252 S   0,0  0,0   0:00.02 ovsdb-serv+
 1704 root      20   0  985412 121976   8912 S   0,0  0,7   0:00.78 ovs-vswitc+
 1780 root      20   0   22564   6052   5304 S   0,0  0,0   0:00.00 tcpdump
 1781 root      20   0   22564   5972   5220 S   0,0  0,0   0:00.00 tcpdump
 1782 root      20   0   22564   6084   5332 S   0,0  0,0   0:00.00 tcpdump
 1783 root      20   0   22564   6072   5324 S   0,0  0,0   0:00.00 tcpdump
 1784 root      20   0   22564   5992   5244 S   0,0  0,0   0:00.00 tcpdump
 1785 root      20   0   22564   6072   5332 S   0,0  0,0   0:00.00 tcpdump
 1786 root      20   0   22564   6148   5260 S   0,0  0,0   0:00.00 tcpdump
 1704 root      20   0  985412 121976   8912 S   2,0  0,7   0:00.80 ovs-vswitc+
 1524 root      10 -10   20924   4892   4136 S   0,0  0,0   0:00.00 ovsdb-serv+
 1567 root      10 -10   26456   9852   8912 S   0,0  0,1   0:00.00 ovs-vswitc+
 1630 root      20   0   20912   5024   4240 S   0,0  0,0   0:00.02 ovsdb-serv+
 1634 root      20   0  989636 143584   8912 S   0,0  0,9   0:11.68 ovs-vswitc+
 1700 root      20   0   20912   5036   4252 S   0,0  0,0   0:00.02 ovsdb-serv+
 1780 root      20   0   22564   6052   5304 S   0,0  0,0   0:00.00 tcpdump
 1781 root      20   0   22564   5972   5220 S   0,0  0,0   0:00.00 tcpdump
 1782 root      20   0   22564   6084   5332 S   0,0  0,0   0:00.00 tcpdump
 1783 root      20   0   22564   6072   5324 S   0,0  0,0   0:00.00 tcpdump
 1784 root      20   0   22564   5992   5244 S   0,0  0,0   0:00.00 tcpdump
 1785 root      20   0   22564   6072   5332 S   0,0  0,0   0:00.00 tcpdump
 1786 root      20   0   22564   6148   5260 S   0,0  0,0   0:00.00 tcpdump
 1634 root      20   0  989636 143584   8912 S   2,0  0,9   0:11.70 ovs-vswitc+
 1704 root      20   0  985412 121976   8912 S   1,0  0,7   0:00.81 ovs-vswitc+
 1524 root      10 -10   20924   4892   4136 S   0,0  0,0   0:00.00 ovsdb-serv+
 1567 root      10 -10   26456   9852   8912 S   0,0  0,1   0:00.00 ovs-vswitc+
 1630 root      20   0   20912   5024   4240 S   0,0  0,0   0:00.02 ovsdb-serv+
 1700 root      20   0   20912   5036   4252 S   0,0  0,0   0:00.02 ovsdb-serv+
 1780 root      20   0   22564   6052   5304 S   0,0  0,0   0:00.00 tcpdump
 1781 root      20   0   22564   5972   5220 S   0,0  0,0   0:00.00 tcpdump
 1782 root      20   0   22564   6084   5332 S   0,0  0,0   0:00.00 tcpdump
 1783 root      20   0   22564   6072   5324 S   0,0  0,0   0:00.00 tcpdump
 1784 root      20   0   22564   5992   5244 S   0,0  0,0   0:00.00 tcpdump
 1785 root      20   0   22564   6072   5332 S   0,0  0,0   0:00.00 tcpdump
 1786 root      20   0   22564   6148   5260 S   0,0  0,0   0:00.00 tcpdump
 1524 root      10 -10   20924   4892   4136 S   0,0  0,0   0:00.00 ovsdb-serv+
 1567 root      10 -10   26456   9852   8912 S   0,0  0,1   0:00.00 ovs-vswitc+
 1630 root      20   0   20912   5024   4240 S   0,0  0,0   0:00.02 ovsdb-serv+
 1634 root      20   0  989636 143584   8912 S   0,0  0,9   0:11.70 ovs-vswitc+
 1700 root      20   0   20912   5036   4252 S   0,0  0,0   0:00.02 ovsdb-serv+
 1704 root      20   0  985412 121976   8912 S   0,0  0,7   0:00.81 ovs-vswitc+
 1780 root      20   0   22564   6052   5304 S   0,0  0,0   0:00.00 tcpdump
 1781 root      20   0   22564   5972   5220 S   0,0  0,0   0:00.00 tcpdump
 1782 root      20   0   22564   6084   5332 S   0,0  0,0   0:00.00 tcpdump
 1783 root      20   0   22564   6072   5324 S   0,0  0,0   0:00.00 tcpdump
 1784 root      20   0   22564   5992   5244 S   0,0  0,0   0:00.00 tcpdump
 1785 root      20   0   22564   6072   5332 S   0,0  0,0   0:00.00 tcpdump
 1786 root      20   0   22564   6148   5260 S   0,0  0,0   0:00.00 tcpdump
 1704 root      20   0  985412 121976   8912 S   2,0  0,7   0:00.83 ovs-vswitc+
 1634 root      20   0  989636 143584   8912 S   1,0  0,9   0:11.71 ovs-vswitc+
 1524 root      10 -10   20924   4892   4136 S   0,0  0,0   0:00.00 ovsdb-serv+
 1567 root      10 -10   26456   9852   8912 S   0,0  0,1   0:00.00 ovs-vswitc+
 1630 root      20   0   20912   5024   4240 S   0,0  0,0   0:00.02 ovsdb-serv+
 1700 root      20   0   20912   5036   4252 S   0,0  0,0   0:00.02 ovsdb-serv+
 1780 root      20   0   22564   6052   5304 S   0,0  0,0   0:00.00 tcpdump
 1781 root      20   0   22564   5972   5220 S   0,0  0,0   0:00.00 tcpdump
 1782 root      20   0   22564   6084   5332 S   0,0  0,0   0:00.00 tcpdump
 1783 root      20   0   22564   6072   5324 S   0,0  0,0   0:00.00 tcpdump
 1784 root      20   0   22564   5992   5244 S   0,0  0,0   0:00.00 tcpdump
 1785 root      20   0   22564   6072   5332 S   0,0  0,0   0:00.00 tcpdump
 1786 root      20   0   22564   6148   5260 S   0,0  0,0   0:00.00 tcpdump
 1634 root      20   0  989636 143584   8912 S   1,0  0,9   0:11.72 ovs-vswitc+
 1704 root      20   0  985412 121976   8912 S   1,0  0,7   0:00.84 ovs-vswitc+
 1524 root      10 -10   20924   4892   4136 S   0,0  0,0   0:00.00 ovsdb-serv+
 1567 root      10 -10   26456   9852   8912 S   0,0  0,1   0:00.00 ovs-vswitc+
 1630 root      20   0   20912   5024   4240 S   0,0  0,0   0:00.02 ovsdb-serv+
 1700 root      20   0   20912   5036   4252 S   0,0  0,0   0:00.02 ovsdb-serv+
 1780 root      20   0   22564   6052   5304 S   0,0  0,0   0:00.00 tcpdump
 1781 root      20   0   22564   5972   5220 S   0,0  0,0   0:00.00 tcpdump
 1782 root      20   0   22564   6084   5332 S   0,0  0,0   0:00.00 tcpdump
 1783 root      20   0   22564   6072   5324 S   0,0  0,0   0:00.00 tcpdump
 1784 root      20   0   22564   5992   5244 S   0,0  0,0   0:00.00 tcpdump
 1785 root      20   0   22564   6072   5332 S   0,0  0,0   0:00.00 tcpdump
 1786 root      20   0   22564   6148   5260 S   0,0  0,0   0:00.00 tcpdump
 1634 root      20   0  989636 143584   8912 S   1,0  0,9   0:11.73 ovs-vswitc+
 1704 root      20   0  985412 121976   8912 S   1,0  0,7   0:00.85 ovs-vswitc+
 1524 root      10 -10   20924   4892   4136 S   0,0  0,0   0:00.00 ovsdb-serv+
 1567 root      10 -10   26456   9852   8912 S   0,0  0,1   0:00.00 ovs-vswitc+
 1630 root      20   0   20912   5024   4240 S   0,0  0,0   0:00.02 ovsdb-serv+
 1700 root      20   0   20912   5036   4252 S   0,0  0,0   0:00.02 ovsdb-serv+
 1780 root      20   0   22564   6052   5304 S   0,0  0,0   0:00.00 tcpdump
 1781 root      20   0   22564   5972   5220 S   0,0  0,0   0:00.00 tcpdump
 1782 root      20   0   22564   6084   5332 S   0,0  0,0   0:00.00 tcpdump
 1783 root      20   0   22564   6072   5324 S   0,0  0,0   0:00.00 tcpdump
 1784 root      20   0   22564   5992   5244 S   0,0  0,0   0:00.00 tcpdump
 1785 root      20   0   22564   6072   5332 S   0,0  0,0   0:00.00 tcpdump
 1786 root      20   0   22564   6148   5260 S   0,0  0,0   0:00.00 tcpdump
 1634 root      20   0  989636 143584   8912 S   1,0  0,9   0:11.74 ovs-vswitc+
 1704 root      20   0  985412 121976   8912 S   1,0  0,7   0:00.86 ovs-vswitc+
 1524 root      10 -10   20924   4892   4136 S   0,0  0,0   0:00.00 ovsdb-serv+
 1567 root      10 -10   26456   9852   8912 S   0,0  0,1   0:00.00 ovs-vswitc+
 1630 root      20   0   20912   5024   4240 S   0,0  0,0   0:00.02 ovsdb-serv+
 1700 root      20   0   20912   5036   4252 S   0,0  0,0   0:00.02 ovsdb-serv+
 1780 root      20   0   22564   6052   5304 S   0,0  0,0   0:00.00 tcpdump
 1781 root      20   0   22564   5972   5220 S   0,0  0,0   0:00.00 tcpdump
 1782 root      20   0   22564   6084   5332 S   0,0  0,0   0:00.00 tcpdump
 1783 root      20   0   22564   6072   5324 S   0,0  0,0   0:00.00 tcpdump
 1784 root      20   0   22564   5992   5244 S   0,0  0,0   0:00.00 tcpdump
 1785 root      20   0   22564   6072   5332 S   0,0  0,0   0:00.00 tcpdump
 1786 root      20   0   22564   6148   5260 S   0,0  0,0   0:00.00 tcpdump
 1634 root      20   0  989636 143584   8912 S   1,0  0,9   0:11.75 ovs-vswitc+
 1524 root      10 -10   20924   4892   4136 S   0,0  0,0   0:00.00 ovsdb-serv+
 1567 root      10 -10   26456   9852   8912 S   0,0  0,1   0:00.00 ovs-vswitc+
 1630 root      20   0   20912   5024   4240 S   0,0  0,0   0:00.02 ovsdb-serv+
 1700 root      20   0   20912   5036   4252 S   0,0  0,0   0:00.02 ovsdb-serv+
 1704 root      20   0  985412 121976   8912 S   0,0  0,7   0:00.86 ovs-vswitc+
 1780 root      20   0   22564   6052   5304 S   0,0  0,0   0:00.00 tcpdump
 1781 root      20   0   22564   5972   5220 S   0,0  0,0   0:00.00 