30967 root      20   0  985304 118364   8912 S  12,5  0,7   0:00.12 ovs-vswitc+
31037 root      20   0  985304 118368   8912 S   6,2  0,7   0:00.15 ovs-vswitc+
30863 root      10 -10   20924   4900   4140 S   0,0  0,0   0:00.00 ovsdb-serv+
30902 root      10 -10   26456   9856   8912 S   0,0  0,1   0:00.00 ovs-vswitc+
30963 root      20   0   20912   5024   4240 S   0,0  0,0   0:00.01 ovsdb-serv+
31033 root      20   0   20912   5104   4320 S   0,0  0,0   0:00.01 ovsdb-serv+
31113 root      20   0   22564   6052   5304 S   0,0  0,0   0:00.00 tcpdump
31114 root      20   0   22564   5912   5164 S   0,0  0,0   0:00.00 tcpdump
31115 root      20   0   22564   6064   5316 S   0,0  0,0   0:00.00 tcpdump
31116 root      20   0   22564   6060   5312 S   0,0  0,0   0:00.00 tcpdump
31117 root      20   0   22564   6100   5352 S   0,0  0,0   0:00.00 tcpdump
31118 root      20   0   22564   6216   5328 S   0,0  0,0   0:00.00 tcpdump
31119 root      20   0   22564   6236   5344 S   0,0  0,0   0:00.00 tcpdump
31037 root      20   0  985304 118368   8912 S   1,9  0,7   0:00.17 ovs-vswitc+
30863 root      10 -10   20924   4900   4140 S   0,0  0,0   0:00.00 ovsdb-serv+
30902 root      10 -10   26456   9856   8912 S   0,0  0,1   0:00.00 ovs-vswitc+
30963 root      20   0   20912   5024   4240 S   0,0  0,0   0:00.01 ovsdb-serv+
30967 root      20   0  985304 118364   8912 S   0,0  0,7   0:00.12 ovs-vswitc+
31033 root      20   0   20912   5104   4320 S   0,0  0,0   0:00.01 ovsdb-serv+
31113 root      20   0   22564   6052   5304 S   0,0  0,0   0:00.00 tcpdump
31114 root      20   0   22564   5912   5164 S   0,0  0,0   0:00.00 tcpdump
31115 root      20   0   22564   6064   5316 S   0,0  0,0   0:00.00 tcpdump
31116 root      20   0   22564   6060   5312 S   0,0  0,0   0:00.00 tcpdump
31117 root      20   0   22564   6100   5352 S   0,0  0,0   0:00.00 tcpdump
31118 root      20   0   22564   6216   5328 S   0,0  0,0   0:00.00 tcpdump
31119 root      20   0   22564   6236   5344 S   0,0  0,0   0:00.00 tcpdump
30967 root      20   0  985304 118364   8912 S   1,0  0,7   0:00.13 ovs-vswitc+
30863 root      10 -10   20924   4900   4140 S   0,0  0,0   0:00.00 ovsdb-serv+
30902 root      10 -10   26456   9856   8912 S   0,0  0,1   0:00.00 ovs-vswitc+
30963 root      20   0   20912   5024   4240 S   0,0  0,0   0:00.01 ovsdb-serv+
31033 root      20   0   20912   5104   4320 S   0,0  0,0   0:00.01 ovsdb-serv+
31037 root      20   0  985304 118368   8912 S   0,0  0,7   0:00.17 ovs-vswitc+
31113 root      20   0   22564   6052   5304 S   0,0  0,0   0:00.00 tcpdump
31114 root      20   0   22564   5912   5164 S   0,0  0,0   0:00.00 tcpdump
31115 root      20   0   22564   6064   5316 S   0,0  0,0   0:00.00 tcpdump
31116 root      20   0   22564   6060   5312 S   0,0  0,0   0:00.00 tcpdump
31117 root      20   0   22564   6100   5352 S   0,0  0,0   0:00.00 tcpdump
31118 root      20   0   22564   6216   5328 S   0,0  0,0   0:00.00 tcpdump
31119 root      20   0   22564   6236   5344 S   0,0  0,0   0:00.00 tcpdump
31037 root      20   0  985304 118368   8912 S   1,0  0,7   0:00.18 ovs-vswitc+
30863 root      10 -10   20924   4900   4140 S   0,0  0,0   0:00.00 ovsdb-serv+
30902 root      10 -10   26456   9856   8912 S   0,0  0,1   0:00.00 ovs-vswitc+
30963 root      20   0   20912   5024   4240 S   0,0  0,0   0:00.01 ovsdb-serv+
30967 root      20   0  985304 118364   8912 S   0,0  0,7   0:00.13 ovs-vswitc+
31033 root      20   0   20912   5104   4320 S   0,0  0,0   0:00.01 ovsdb-serv+
31113 root      20   0   22564   6052   5304 S   0,0  0,0   0:00.00 tcpdump
31114 root      20   0   22564   5912   5164 S   0,0  0,0   0:00.00 tcpdump
31115 root      20   0   22564   6064   5316 S   0,0  0,0   0:00.00 tcpdump
31116 root      20   0   22564   6060   5312 S   0,0  0,0   0:00.00 tcpdump
31117 root      20   0   22564   6100   5352 S   0,0  0,0   0:00.00 tcpdump
31118 root      20   0   22564   6216   5328 S   0,0  0,0   0:00.00 tcpdump
31119 root      20   0   22564   6236   5344 S   0,0  0,0   0:00.00 tcpdump
30967 root      20   0  985304 118364   8912 S   2,0  0,7   0:00.15 ovs-vswitc+
31037 root      20   0  985304 118368   8912 S   2,0  0,7   0:00.20 ovs-vswitc+
30863 root      10 -10   20924   4900   4140 S   0,0  0,0   0:00.00 ovsdb-serv+
30902 root      10 -10   26456   9856   8912 S   0,0  0,1   0:00.00 ovs-vswitc+
30963 root      20   0   20912   5024   4240 S   0,0  0,0   0:00.01 ovsdb-serv+
31033 root      20   0   20912   5104   4320 S   0,0  0,0   0:00.01 ovsdb-serv+
31113 root      20   0   22564   6052   5304 S   0,0  0,0   0:00.00 tcpdump
31114 root      20   0   22564   5912   5164 S   0,0  0,0   0:00.00 tcpdump
31115 root      20   0   22564   6064   5316 S   0,0  0,0   0:00.00 tcpdump
31116 root      20   0   22564   6060   5312 S   0,0  0,0   0:00.00 tcpdump
31117 root      20   0   22564   6100   5352 S   0,0  0,0   0:00.00 tcpdump
31118 root      20   0   22564   6216   5328 S   0,0  0,0   0:00.00 tcpdump
31119 root      20   0   22564   6236   5344 S   0,0  0,0   0:00.00 tcpdump
30967 root      20   0  985304 118364   8912 S   1,0  0,7   0:00.16 ovs-vswitc+
30863 root      10 -10   20924   4900   4140 S   0,0  0,0   0:00.00 ovsdb-serv+
30902 root      10 -10   26456   9856   8912 S   0,0  0,1   0:00.00 ovs-vswitc+
30963 root      20   0   20912   5024   4240 S   0,0  0,0   0:00.01 ovsdb-serv+
31033 root      20   0   20912   5104   4320 S   0,0  0,0   0:00.01 ovsdb-serv+
31037 root      20   0  985304 118368   8912 S   0,0  0,7   0:00.20 ovs-vswitc+
31113 root      20   0   22564   6052   5304 S   0,0  0,0   0:00.00 tcpdump
31114 root      20   0   22564   5912   5164 S   0,0  0,0   0:00.00 tcpdump
31115 root      20   0   22564   6064   5316 S   0,0  0,0   0:00.00 tcpdump
31116 root      20   0   22564   6060   5312 S   0,0  0,0   0:00.00 tcpdump
31117 root      20   0   22564   6100   5352 S   0,0  0,0   0:00.00 tcpdump
31118 root      20   0   22564   6216   5328 S   0,0  0,0   0:00.00 tcpdump
31119 root      20   0   22564   6236   5344 S   0,0  0,0   0:00.00 tcpdump
31037 root      20   0  985304 118368   8912 S   1,0  0,7   0:00.21 ovs-vswitc+
30863 root      10 -10   20924   4900   4140 S   0,0  0,0   0:00.00 ovsdb-serv+
30902 root      10 -10   26456   9856   8912 S   0,0  0,1   0:00.00 ovs-vswitc+
30963 root      20   0   20912   5024   4240 S   0,0  0,0   0:00.01 ovsdb-serv+
30967 root      20   0  985304 118364   8912 S   0,0  0,7   0:00.16 ovs-vswitc+
31033 root      20   0   20912   5104   4320 S   0,0  0,0   0:00.01 ovsdb-serv+
31113 root      20   0   22564   6052   5304 S   0,0  0,0   0:00.00 tcpdump
31114 root      20   0   22564   5912   5164 S   0,0  0,0   0:00.00 tcpdump
31115 root      20   0   22564   6064   5316 S   0,0  0,0   0:00.00 tcpdump
31116 root      20   0   22564   6060   5312 S   0,0  0,0   0:00.00 tcpdump
31117 root      20   0   22564   6100   5352 S   0,0  0,0   0:00.00 tcpdump
31118 root      20   0   22564   6216   5328 S   0,0  0,0   0:00.00 tcpdump
31119 root      20   0   22564   6236   5344 S   0,0  0,0   0:00.00 tcpdump
30967 root      20   0  985304 118364   8912 S   1,0  0,7   0:00.17 ovs-vswitc+
31037 root      20   0  985304 118368   8912 S   1,0  0,7   0:00.22 ovs-vswitc+
30863 root      10 -10   20924   4900   4140 S   0,0  0,0   0:00.00 ovsdb-serv+
30902 root      10 -10   26456   9856   8912 S   0,0  0,1   0:00.00 ovs-vswitc+
30963 root      20   0   20912   5024   4240 S   0,0  0,0   0:00.01 ovsdb-serv+
31033 root      20   0   20912   5104   4320 S   0,0  0,0   0:00.01 ovsdb-serv+
31113 root      20   0   22564   6052   5304 S   0,0  0,0   0:00.00 tcpdump
31114 root      20   0   22564   5912   5164 S   0,0  0,0   0:00.00 tcpdump
31115 root      20   0   22564   6064   5316 S   0,0  0,0   0:00.00 tcpdump
31116 root      20   0   22564   6060   5312 S   0,0  0,0   0:00.00 tcpdump
31117 root      20   0   22564   6100   5352 S   0,0  0,0   0:00.00 tcpdump
31118 root      20   0   22564   6216   5328 S   0,0  0,0   0:00.00 tcpdump
31119 root      20   0   22564   6236   5344 S   0,0  0,0   0:00.00 tcpdump
31037 root      20   0  985412 118544   8912 S   2,0  0,7   0:00.24 ovs-vswitc+
30967 root      20   0  985304 118364   8912 S   1,0  0,7   0:00.18 ovs-vswitc+
30863 root      10 -10   20924   4900   4140 S   0,0  0,0   0:00.00 ovsdb-serv+
30902 root      10 -10   26456   9856   8912 S   0,0  0,1   0:00.00 ovs-vswitc+
30963 root      20   0   20912   5024   4240 S   0,0  0,0   0:00.01 ovsdb-serv+
31033 root      20   0   20912   5104   4320 S   0,0  0,0   0:00.01 ovsdb-serv+
31113 root      20   0   22564   6052   5304 S   0,0  0,0   0:00.00 tcpdump
31114 root      20   0   22564   5912   5164 S   0,0  0,0   0:00.00 tcpdump
31115 root      20   0   22564   6064   5316 S   0,0  0,0   0:00.00 tcpdump
31116 root      20   0   22564   6060   5312 S   0,0  0,0   0:00.00 tcpdump
31117 root      20   0   22564   6100   5352 S   0,0  0,0   0:00.00 tcpdump
31118 root      20   0   22564   6216   5328 S   0,0  0,0   0:00.00 tcpdump
31119 root      20   0   22564   6236   5344 S   0,0  0,0   0:00.00 tcpdump
31037 root      20   0  985412 118544   8912 S   1,0  0,7   0:00.25 ovs-vswitc+
30863 root      10 -10   20924   4900   4140 S   0,0  0,0   0:00.00 ovsdb-serv+
30902 root      10 -10   26456   9856   8912 S   0,0  0,1   0:00.00 ovs-vswitc+
30963 root      20   0   20912   5024   4240 S   0,0  0,0   0:00.01 ovsdb-serv+
30967 root      20   0  985304 118364   8912 S   0,0  0,7   0:00.18 ovs-vswitc+
31033 root      20   0   20912   5104   4320 S   0,0  0,0   0:00.01 ovsdb-serv+
31113 root      20   0   22564   6052   5304 S   0,0  0,0   0:00.00 tcpdump
31114 root      20   0   22564   5912   5164 S   0,0  0,0   0:00.00 tcpdump
31115 root      20   0   22564   6064   5316 S   0,0  0,0   0:00.00 tcpdump
31116 root      20   0   22564   6060   5312 S   0,0  0,0   0:00.00 tcpdump
31117 root      20   0   22564   6100   5352 S   0,0  0,0   0:00.00 tcpdump
31118 root      20   0   22564   6216   5328 S   0,0  0,0   0:00.00 tcpdump
31119 root      20   0   22564   6236   5344 S   0,0  0,0   0:00.00 tcpdump
30967 root      20   0  985304 118364   8912 S   1,0  0,7   0:00.19 ovs-vswitc+
30863 root      10 -10   20924   4900   4140 S   0,0  0,0   0:00.00 ovsdb-serv+
30902 root      10 -10   26456   9856   8912 S   0,0  0,1   0:00.00 ovs-vswitc+
30963 root      20   0   20912   5024   4240 S   0,0  0,0   0:00.01 ovsdb-serv+
31033 root      20   0   20912   5104   4320 S   0,0  0,0   0:00.01 ovsdb-serv+
31037 root      20   0  985412 118544   8912 S   0,0  0,7   0:00.25 ovs-vswitc+
31113 root      20   0   22564   6052   5304 S   0,0  0,0   0:00.00 tcpdump
31114 root      20   0   22564   5912   5164 S   0,0  0,0   0:00.00 tcpdump
31115 root      20   0   22564   6064   5316 S   0,0  0,0   0:00.00 tcpdump
31116 root      20   0   22564   6060   5312 S   0,0  0,0   0:00.00 tcpdump
31117 root      20   0   22564   6100   5352 S   0,0  0,0   0:00.00 tcpdump
31118 root      20   0   22564   6216   5328 S   0,0  0,0   0:00.00 tcpdump
31119 root      20   0   22564   6236   5344 S   0,0  0,0   0:00.00 tcpdump
31037 root      20   0  985412 118544   8912 S   2,0  0,7   0:00.27 ovs-vswitc+
30967 root      20   0  985304 118364   8912 S   1,0  0,7   0:00.20 ovs-vswitc+
30863 root      10 -10   20924   4900   4140 S   0,0  0,0   0:00.00 ovsdb-serv+
30902 root      10 -10   26456   9856   8912 S   0,0  0,1   0:00.00 ovs-vswitc+
30963 root      20   0   20912   5024   4240 S   0,0  0,0   0:00.01 ovsdb-serv+
31033 root      20   0   20912   5104   4320 S   0,0  0,0   0:00.01 ovsdb-serv+
31113 root      20   0   22564   6052   5304 S   0,0  0,0   0:00.00 tcpdump
31114 root      20   0   22564   5912   5164 S   0,0  0,0   0:00.00 tcpdump
31115 root      20   0   22564   6064   5316 S   0,0  0,0   0:00.00 tcpdump
31116 root      20   0   22564   6060   5312 S   0,0  0,0   0:00.00 tcpdump
31117 root      20   0   22564   6100   5352 S   0,0  0,0   0:00.00 tcpdump
31118 root      20   0   22564   6216   5328 S   0,0  0,0   0:00.00 tcpdump
31119 root      20   0   22564   6236   5344 S   0,0  0,0   0:00.00 tcpdump
31037 root      20   0  985412 118544   8912 S   2,0  0,7   0:00.29 ovs-vswitc+
30967 root      20   0  985304 118364   8912 S   1,0  0,7   0:00.21 ovs-vswitc+
30863 root      10 -10   20924   4900   4140 S   0,0  0,0   0:00.00 ovsdb-serv+
30902 root      10 -10   26456   9856   8912 S   0,0  0,1   0:00.00 ovs-vswitc+
30963 root      20   0   20912   5024   4240 S   0,0  0,0   0:00.01 ovsdb-serv+
31033 root      20   0   20912   5104   4320 S   0,0  0,0   0:00.01 ovsdb-serv+
31113 root      20   0   22564   6052   5304 S   0,0  0,0   0:00.00 tcpdump
31114 root      20   0   22564   5912   5164 S   0,0  0,0   0:00.00 tcpdump
31115 root      20   0   22564   6064   5316 S   0,0  0,0   0:00.00 tcpdump
31116 root      20   0   22564   6060   5312 S   0,0  0,0   0:00.00 tcpdump
31117 root      20   0   22564   6100   5352 S   0,0  0,0   0:00.00 tcpdump
31118 root      20   0   22564   6216   5328 S   0,0  0,0   0:00.00 tcpdump
31119 root      20   0   22564   6236   5344 S   0,0  0,0   0:00.00 tcpdump
30967 root      20   0  985304 118364   8912 S   1,0  0,7   0:00.22 ovs-vswitc+
30863 root      10 -10   20924   4900   4140 S   0,0  0,0   0:00.00 ovsdb-serv+
30902 root      10 -10   26456   9856   8912 S   0,0  0,1   0:00.00 ovs-vswitc+
30963 root      20   0   20912   5024   4240 S   0,0  0,0   0:00.01 ovsdb-serv+
31033 root      20   0   20912   5104   4320 S   0,0  0,0   0:00.01 ovsdb-serv+
31037 root      20   0  985412 118544   8912 S   0,0  0,7   0:00.29 ovs-vswitc+
31113 root      20   0   22564   6052   5304 S   0,0  0,0   0:00.00 tcpdump
31114 root      20   0   22564   5912   5164 S   0,0  0,0   0:00.00 tcpdump
31115 root      20   0   22564   6064   5316 S   0,0  0,0   0:00.00 tcpdump
31116 root      20   0   22564   6060   5312 S   0,0  0,0   0:00.00 tcpdump
31117 root      20   0   22564   6100   5352 S   0,0  0,0   0:00.00 tcpdump
31118 root      20   0   22564   6216   5328 S   0,0  0,0   0:00.00 tcpdump
31119 root      20   0   22564   6236   5344 S   0,0  0,0   0:00.00 tcpdump
31037 root      20   0  985412 118544   8912 S   1,0  0,7   0:00.30 ovs-vswitc+
30863 root      10 -10   20924   4900   4140 S   0,0  0,0   0:00.00 ovsdb-serv+
30902 root      10 -10   26456   9856   8912 S   0,0  0,1   0:00.00 ovs-vswitc+
30963 root      20   0   20912   5024   4240 S   0,0  0,0   0:00.01 ovsdb-serv+
30967 root      20   0  985304 118364   8912 S   0,0  0,7   0:00.22 ovs-vswitc+
31033 root      20   0   20912   5104   4320 S   0,0  0,0   0:00.01 ovsdb-serv+
31113 root      20   0   22564   6052   5304 S   0,0  0,0   0:00.00 tcpdump
31114 root      20   0   22564   5912   5164 S   0,0  0,0   0:00.00 tcpdump
31115 root      20   0   22564   6064   5316 S   0,0  0,0   0:00.00 tcpdump
31116 root      20   0   22564   6060   5312 S   0,0  0,0   0:00.00 tcpdump
31117 root      20   0   22564   6100   5352 S   0,0  0,0   0:00.00 tcpdump
31118 root      20   0   22564   6216   5328 S   0,0  0,0   0:00.00 tcpdump
31119 root      20   0   22564   6236   5344 S   0,0  0,0   0:00.00 tcpdump
30967 root      20   0  985304 118364   8912 S   2,0  0,7   0:00.24 ovs-vswitc+
31037 root      20   0  985412 118544   8912 S   1,0  0,7   0:00.31 ovs-vswitc+
30863 root      10 -10   20924   4900   4140 S   0,0  0,0   0:00.00 ovsdb-serv+
30902 root      10 -10   26456   9856   8912 S   0,0  0,1   0:00.00 ovs-vswitc+
30963 root      20   0   20912   5024   4240 S   0,0  0,0   0:00.01 ovsdb-serv+
31033 root      20   0   20912   5104   4320 S   0,0  0,0   0:00.01 ovsdb-serv+
31113 root      20   0   22564   6052   5304 S   0,0  0,0   0:00.00 tcpdump
31114 root      20   0   22564   5912   5164 S   0,0  0,0   0:00.00 tcpdump
31115 root      20   0   22564   6064   5316 S   0,0  0,0   0:00.00 tcpdump
31116 root      20   0   22564   6060   5312 S   0,0  0,0   0:00.00 tcpdump
31117 root      20   0   22564   6100   5352 S   0,0  0,0   0:00.00 tcpdump
31118 root      20   0   22564   6216   5328 S   0,0  0,0   0:00.00 tcpdump
31119 root      20   0   22564   6236   5344 S   0,0  0,0   0:00.00 tcpdump
30967 root      20   0  985304 118364   8912 S   1,0  0,7   0:00.25 ovs-vswitc+
30863 root      10 -10   20924   4900   4140 S   0,0  0,0   0:00.00 ovsdb-serv+
30902 root      10 -10   26456   9856   8912 S   0,0  0,1   0:00.00 ovs-vswitc+
30963 root      20   0   20912   5024   4240 S   0,0  0,0   0:00.01 ovsdb-serv+
31033 root      20   0   20912   5104   4320 S   0,0  0,0   0:00.01 ovsdb-serv+
31037 root      20   0  985412 118544   8912 S   0,0  0,7   0:00.31 ovs-vswitc+
31113 root      20   0   22564   6052   5304 S   0,0  0,0   0:00.00 tcpdump
31114 root      20   0   22564   5912   5164 S   0,0  0,0   0:00.00 tcpdump
31115 root      20   0   22564   6064   5316 S   0,0  0,0   0:00.00 tcpdump
31116 root      20   0   22564   6060   5312 S   0,0  0,0   0:00.00 tcpdump
31117 root      20   0   22564   6100   5352 S   0,0  0,0   0:00.00 tcpdump
31118 root      20   0   22564   6216   5328 S   0,0  0,0   0:00.00 tcpdump
31119 root      20   0   22564   6236   5344 S   0,0  0,0   0:00.00 tcpdump
31033 root      20   0   20912   5104   4320 S   2,0  0,0   0:00.03 ovsdb-serv+
31037 root      20   0  985412 118544   8912 S   2,0  0,7   0:00.33 ovs-vswitc+
30967 root      20   0  985304 118364   8912 S   1,0  0,7   0:00.26 ovs-vswitc+
30863 root      10 -10   20924   4900   4140 S   0,0  0,0   0:00.00 ovsdb-serv+
30902 root      10 -10   26456   9856   8912 S   0,0  0,1   0:00.00 ovs-vswitc+
30963 root      20   0   20912   5024   4240 S   0,0  0,0   0:00.01 ovsdb-serv+
31113 root      20   0   22564   6052   5304 S   0,0  0,0   0:00.00 tcpdump
31114 root      20   0   22564   5912   5164 S   0,0  0,0   0:00.00 tcpdump
31115 root      20   0   22564   6064   5316 S   0,0  0,0   0:00.00 tcpdump
31116 root      20   0   22564   6060   5312 S   0,0  0,0   0:00.00 tcpdump
31117 root      20   0   22564   6100   5352 S   0,0  0,0   0:00.00 tcpdump
31118 root      20   0   22564   6216   5328 S   0,0  0,0   0:00.00 tcpdump
31119 root      20   0   22564   6236   5344 S   0,0  0,0   0:00.00 tcpdump
31037 root      20   0  985412 118544   8912 S   1,0  0,7   0:00.34 ovs-vswitc+
30863 root      10 -10   20924   4900   4140 S   0,0  0,0   0:00.00 ovsdb-serv+
30902 root      10 -10   26456   9856   8912 S   0,0  0,1   0:00.00 ovs-vswitc+
30963 root      20   0   20912   5024   4240 S   0,0  0,0   0:00.01 ovsdb-serv+
30967 root      20   0  985304 118364   8912 S   0,0  0,7   0:00.26 ovs-vswitc+
31033 root      20   0   20912   5104   4320 S   0,0  0,0   0:00.03 ovsdb-serv+
31113 root      20   0   22564   6052   5304 S   0,0  0,0   0:00.00 tcpdump
31114 root      20   0   22564   5912   5164 S   0,0  0,0   0:00.00 tcpdump
31115 root      20   0   22564   6064   5316 S   0,0  0,0   0:00.00 tcpdump
31116 root      20   0   22564   6060   5312 S   0,0  0,0   0:00.00 tcpdump
31117 root      20   0   22564   6100   5352 S   0,0  0,0   0:00.00 tcpdump
31118 root      20   0   22564   6216   5328 S   0,0  0,0   0:00.00 tcpdump
31119 root      20   0   22564   6236   5344 S   0,0  0,0   0:00.00 tcpdump
30967 root      20   0  985420 118544   8912 S   2,0  0,7   0:00.28 ovs-vswitc+
30863 root      10 -10   20924   4900   4140 S   0,0  0,0   0:00.00 ovsdb-serv+
30902 root      10 -10   26456   9856   8912 S   0,0  0,1   0:00.00 ovs-vswitc+
30963 root      20   0   20912   5024   4240 S   0,0  0,0   0:00.01 ovsdb-serv+
31033 root      20   0   20912   5104   4320 S   0,0  0,0   0:00.03 ovsdb-serv+
31037 root      20   0  985412 118544   8912 S   0,0  0,7   0:00.34 ovs-vswitc+
31113 root      20   0   22564   6052   5304 S   0,0  0,0   0:00.00 tcpdump
31114 root      20   0   22564   5912   5164 S   0,0  0,0   0:00.00 tcpdump
31115 root      20   0   22564   6064   5316 S   0,0  0,0   0:00.00 tcpdump
31116 root      20   0   22564   6060   5312 S   0,0  0,0   0:00.00 tcpdump
31117 root      20   0   22564   6100   5352 S   0,0  0,0   0:00.00 tcpdump
31118 root      20   0   22564   6216   5328 S   0,0  0,0   0:00.00 tcpdump
31119 root      20   0   22564   6236   5344 S   0,0  0,0   0:00.00 tcpdump
31037 root      20   0  985448 118580   8912 S   2,0  0,7   0:00.36 ovs-vswitc+
30967 root      20   0  985420 118544   8912 S   1,0  0,7   0:00.29 ovs-vswitc+
30863 root      10 -10   20924   4900   4140 S   0,0  0,0   0:00.00 ovsdb-serv+
30902 root      10 -10   26456   9856   8912 S   0,0  0,1   0:00.00 ovs-vswitc+
30963 root      20   0   20912   5024   4240 S   0,0  0,0   0:00.01 ovsdb-serv+
31033 root      20   0   20912   5104   4320 S   0,0  0,0   0:00.03 ovsdb-serv+
31113 root      20   0   22564   6052   5304 S   0,0  0,0   0:00.00 tcpdump
31114 root      20   0   22564   5912   5164 S   0,0  0,0   0:00.00 tcpdump
31115 root      20   0   22564   6064   5316 S   0,0  0,0   0:00.00 tcpdump
31116 root      20   0   22564   6060   5312 S   0,0  0,0   0:00.00 tcpdump
31117 root      20   0   22564   6100   5352 S   0,0  0,0   0:00.00 tcpdump
31118 root      20   0   22564   6216   5328 S   0,0  0,0   0:00.00 tcpdump
31119 root      20   0   22564   6236   5344 S   0,0  0,0   0:00.00 tcpdump
30967 root      20   0  985420 118544   8912 S   1,0  0,7   0:00.30 ovs-vswitc+
31037 root      20   0  985448 118580   8912 S   1,0  0,7   0:00.37 ovs-vswitc+
30863 root      10 -10   20924   4900   4140 S   0,0  0,0   0:00.00 ovsdb-serv+
30902 root      10 -10   26456   9856   8912 S   0,0  0,1   0:00.00 ovs-vswitc+
30963 root      20   0   20912   5024   4240 S   0,0  0,0   0:00.01 ovsdb-serv+
31033 root      20   0   20912   5104   4320 S   0,0  0,0   0:00.03 ovsdb-serv+
31113 root      20   0   22564   6052   5304 S   0,0  0,0   0:00.00 tcpdump
31114 root      20   0   22564   5912   5164 S   0,0  0,0   0:00.00 tcpdump
31115 root      20   0   22564   6064   5316 S   0,0  0,0   0:00.00 tcpdump
31116 root      20   0   22564   6060   5312 S   0,0  0,0   0:00.00 tcpdump
31117 root      20   0   22564   6100   5352 S   0,0  0,0   0:00.00 tcpdump
31118 root      20   0   22564   6216   5328 S   0,0  0,0   0:00.00 tcpdump
31119 root      20   0   22564   6236   5344 S   0,0  0,0   0:00.00 tcpdump
30967 root      20   0  985420 118544   8912 S   2,0  0,7   0:00.32 ovs-vswitc+
30863 root      10 -10   20924   4900   4140 S   0,0  0,0   0:00.00 ovsdb-serv+
30902 root      10 -10   26456   9856   8912 S   0,0  0,1   0:00.00 ovs-vswitc+
30963 root      20   0   20912   5024   4240 S   0,0  0,0   0:00.01 ovsdb-serv+
31033 root      20   0   20912   5104   4320 S   0,0  0,0   0:00.03 ovsdb-serv+
31037 root      20   0  985448 118580   8912 S   0,0  0,7   0:00.37 ovs-vswitc+
31113 root      20   0   22564   6052   5304 S   0,0  0,0   0:00.00 tcpdump
31114 root      20   0   22564   5912   5164 S   0,0  0,0   0:00.00 tcpdump
31115 root      20   0   22564   6064   5316 S   0,0  0,0   0:00.00 tcpdump
31116 root      20   0   22564   6060   5312 S   0,0  0,0   0:00.00 tcpdump
31117 root      20   0   22564   6100   5352 S   0,0  0,0   0:00.00 tcpdump
31118 root      20   0   22564   6216   5328 S   0,0  0,0   0:00.00 tcpdump
31119 root      20   0   22564   6236   5344 S   0,0  0,0   0:00.00 tcpdump
30967 root      20   0  985420 121444   8912 R  17,6  0,7   0:00.50 ovs-vswitc+
31037 root      20   0  985448 120160   8912 R  11,8  0,7   0:00.49 ovs-vswitc+
30863 root      10 -10   20924   4900   4140 S   0,0  0,0   0:00.00 ovsdb-serv+
30902 root      10 -10   26456   9856   8912 S   0,0  0,1   0:00.00 ovs-vswitc+
30963 root      20   0   20912   5024   4240 S   0,0  0,0   0:00.01 ovsdb-serv+
31033 root      20   0   20912   5104   4320 S   0,0  0,0   0:00.03 ovsdb-serv+
31113 root      20   0   22564   6052   5304 S   0,0  0,0   0:00.00 tcpdump
31114 root      20   0   22564   5912   5164 S   0,0  0,0   0:00.00 tcpdump
31115 root      20   0   22564   6064   5316 S   0,0  0,0   0:00.00 tcpdump
31116 root      20   0   22564   6060   5312 S   0,0  0,0   0:00.00 tcpdump
31117 root      20   0   22564   6100   5352 S   0,0  0,0   0:00.00 tcpdump
31118 root      20   0   22564   6216   5328 S   0,0  0,0   0:00.00 tcpdump
31119 root      20   0   22564   6236   5344 S   0,0  0,0   0:00.00 tcpdump
30967 root      20   0  985420 138336   8912 S 161,4  0,8   0:02.13 ovs-vswitc+
31037 root      20   0  985448 139428   8912 S 153,5  0,9   0:02.04 ovs-vswitc+
30863 root      10 -10   20924   4900   4140 S   0,0  0,0   0:00.00 ovsdb-serv+
30902 root      10 -10   26456   9856   8912 S   0,0  0,1   0:00.00 ovs-vswitc+
30963 root      20   0   20912   5024   4240 S   0,0  0,0   0:00.01 ovsdb-serv+
31033 root      20   0   20912   5104   4320 S   0,0  0,0   0:00.03 ovsdb-serv+
31113 root      20   0   22564   6052   5304 S   0,0  0,0   0:00.00 tcpdump
31114 root      20   0   22564   5912   5164 S   0,0  0,0   0:00.00 tcpdump
31115 root      20   0   22564   6064   5316 S   0,0  0,0   0:00.00 tcpdump
31116 root      20   0   22564   6060   5312 S   0,0  0,0   0:00.00 tcpdump
31117 root      20   0   22564   6100   5352 S   0,0  0,0   0:00.00 tcpdump
31118 root      20   0   22564   6216   5328 S   0,0  0,0   0:00.00 tcpdump
31119 root      20   0   22564   6236   5344 S   0,0  0,0   0:00.00 tcpdump
31037 root      20   0  985448 139428   8912 S   1,9  0,9   0:02.06 ovs-vswitc+
30967 root      20   0  985420 138336   8912 S   1,0  0,8   0:02.14 ovs-vswitc+
30863 root      10 -10   20924   4900   4140 S   0,0  0,0   0:00.00 ovsdb-serv+
30902 root      10 -10   26456   9856   8912 S   0,0  0,1   0:00.00 ovs-vswitc+
30963 root      20   0   20912   5024   4240 S   0,0  0,0   0:00.01 ovsdb-serv+
31033 root      20   0   20912   5104   4320 S   0,0  0,0   0:00.03 ovsdb-serv+
31113 root      20   0   22564   6052   5304 S   0,0  0,0   0:00.00 tcpdump
31114 root      20   0   22564   5912   5164 S   0,0  0,0   0:00.00 tcpdump
31115 root      20   0   22564   6064   5316 S   0,0  0,0   0:00.00 tcpdump
31116 root      20   0   22564   6060   5312 S   0,0  0,0   0:00.00 tcpdump
31117 root      20   0   22564   6100   5352 S   0,0  0,0   0:00.00 tcpdump
31118 root      20   0   22564   6216   5328 S   0,0  0,0   0:00.00 tcpdump
31119 root      20   0   22564   6236   5344 S   0,0  0,0   0:00.00 tcpdump
30967 root      20   0  985420 138336   8912 S   2,0  0,8   0:02.16 ovs-vswitc+
31037 root      20   0  985448 139428   8912 S   2,0  0,9   0:02.08 ovs-vswitc+
30863 root      10 -10   20924   4900   4140 S   0,0  0,0   0:00.00 ovsdb-serv+
30902 root      10 -10   26456   9856   8912 S   0,0  0,1   0:00.00 ovs-vswitc+
30963 root      20   0   20912   5024   4240 S   0,0  0,0   0:00.01 ovsdb-serv+
31033 root      20   0   20912   5104   4320 S   0,0  0,0   0:00.03 ovsdb-serv+
31113 root      20   0   22564   6052   5304 S   0,0  0,0   0:00.00 tcpdump
31114 root      20   0   22564   5912   5164 S   0,0  0,0   0:00.00 tcpdump
31115 root      20   0   22564   6064   5316 S   0,0  0,0   0:00.00 tcpdump
31116 root      20   0   22564   6060   5312 S   0,0  0,0   0:00.00 tcpdump
31117 root      20   0   22564   6100   5352 S   0,0  0,0   0:00.00 tcpdump
31118 root      20   0   22564   6216   5328 S   0,0  0,0   0:00.00 tcpdump
31119 root      20   0   22564   6236   5344 S   0,0  0,0   0:00.00 tcpdump
30967 root      20   0  985420 138336   8912 S   1,0  0,8   0:02.17 ovs-vswitc+
31037 root      20   0  985448 139428   8912 S   1,0  0,9   0:02.09 ovs-vswitc+
30863 root      10 -10   20924   4900   4140 S   0,0  0,0   0:00.00 ovsdb-serv+
30902 root      10 -10   26456   9856   8912 S   0,0  0,1   0:00.00 ovs-vswitc+
30963 root      20   0   20912   5024   4240 S   0,0  0,0   0:00.01 ovsdb-serv+
31033 root      20   0   20912   5104   4320 S   0,0  0,0   0:00.03 ovsdb-serv+
31113 root      20   0   22564   6052   5304 S   0,0  0,0   0:00.00 tcpdump
31114 root      20   0   22564   5912   5164 S   0,0  0,0   0:00.00 tcpdump
31115 root      20   0   22564   6064   5316 S   0,0  0,0   0:00.00 tcpdump
31116 root      20   0   22564   6060   5312 S   0,0  0,0   0:00.00 tcpdump
31117 root      20   0   22564   6100   5352 S   0,0  0,0   0:00.00 tcpdump
31118 root      20   0   22564   6216   5328 S   0,0  0,0   0:00.00 tcpdump
31119 root      20   0   22564   6236   5344 S   0,0  0,0   0:00.00 tcpdump
30967 root      20   0  985420 138336   8912 S   1,0  0,8   0:02.18 ovs-vswitc+
31037 root      20   0  985448 139428   8912 S   1,0  0,9   0:02.10 ovs-vswitc+
30863 root      10 -10   20924   4900   4140 S   0,0  0,0   0:00.00 ovsdb-serv+
30902 root      10 -10   26456   9856   8912 S   0,0  0,1   0:00.00 ovs-vswitc+
30963 root      20   0   20912   5024   4240 S   0,0  0,0   0:00.01 ovsdb-serv+
31033 root      20   0   20912   5104   4320 S   0,0  0,0   0:00.03 ovsdb-serv+
31113 root      20   0   22564   6052   5304 S   0,0  0,0   0:00.00 tcpdump
31114 root      20   0   22564   5912   5164 S   0,0  0,0   0:00.00 tcpdump
31115 root      20   0   22564   6064   5316 S   0,0  0,0   0:00.00 tcpdump
31116 root      20   0   22564   6060   5312 S   0,0  0,0   0:00.00 tcpdump
31117 root      20   0   22564   6100   5352 S   0,0  0,0   0:00.00 tcpdump
31118 root      20   0   22564   6216   5328 S   0,0  0,0   0:00.00 tcpdump
31119 root      20   0   22564   6236   5344 S   0,0  0,0   0:00.00 tcpdump
30967 root      20   0  985420 138336   8912 S   2,0  0,8   0:02.20 ovs-vswitc+
31037 root      20   0  985448 139428   8912 S   1,0  0,9   0:02.11 ovs-vswitc+
30863 root      10 -10   20924   4900   4140 S   0,0  0,0   0:00.00 ovsdb-serv+
30902 root      10 -10   26456   9856   8912 S   0,0  0,1   0:00.00 ovs-vswitc+
30963 root      20   0   20912   5024   4240 S   0,0  0,0   0:00.01 ovsdb-serv+
31033 root      20   0   20912   5104   4320 S   0,0  0,0   0:00.03 ovsdb-serv+
31113 root      20   0   22564   6052   5304 S   0,0  0,0   0:00.00 tcpdump
31114 root      20   0   22564   5912   5164 S   0,0  0,0   0:00.00 tcpdump
31115 root      20   0   22564   6064   5316 S   0,0  0,0   0:00.00 tcpdump
31116 root      20   0   22564   6060   5312 S   0,0  0,0   0:00.00 tcpdump
31117 root      20   0   22564   6100   5352 S   0,0  0,0   0:00.00 tcpdump
31118 root      20   0   22564   6216   5328 S   0,0  0,0   0:00.00 tcpdump
31119 root      20   0   22564   6236   5344 S   0,0  0,0   0:00.00 tcpdump
31037 root      20   0  985448 139428   8912 S   2,0  0,9   0:02.13 ovs-vswitc+
30967 root      20   0  985420 138336   8912 S   1,0  0,8   0:02.21 ovs-vswitc+
30863 root      10 -10   20924   4900   4140 S   0,0  0,0   0:00.00 ovsdb-serv+
30902 root      10 -10   26456   9856   8912 S   0,0  0,1   0:00.00 ovs-vswitc+
30963 root      20   0   20912   5024   4240 S   0,0  0,0   0:00.01 ovsdb-serv+
31033 root      20   0   20912   5104   4320 S   0,0  0,0   0:00.03 ovsdb-serv+
31113 root      20   0   22564   6052   5304 S   0,0  0,0   0:00.00 tcpdump
31114 root      20   0   22564   5912   5164 S   0,0  0,0   0:00.00 tcpdump
31115 root      20   0   22564   6064   5316 S   0,0  0,0   0:00.00 tcpdump
31116 root      20   0   22564   6060   5312 S   0,0  0,0   0:00.00 tcpdump
31117 root      20   0   22564   6100   5352 S   0,0  0,0   0:00.00 tcpdump
31118 root      20   0   22564   6216   5328 S   0,0  0,0   0:00.00 tcpdump
31119 root      20   0   22564   6236   5344 S   0,0  0,0   0:00.00 tcpdump
30967 root      20   0  985420 138336   8912 S   1,0  0,8   0:02.22 ovs-vswitc+
31037 root      20   0  985448 139428   8912 S   1,0  0,9   0:02.14 ovs-vswitc+
30863 root      10 -10   20924   4900   4140 S   0,0  0,0   0:00.00 ovsdb-serv+
30902 root      10 -10   26456   9856   8912 S   0,0  0,1   0:00.00 ovs-vswitc+
30963 root      20   0   20912   5024   4240 S   0,0  0,0   0:00.01 ovsdb-serv+
31033 root      20   0   20912   5104   4320 S   0,0  0,0   0:00.03 ovsdb-serv+
31113 root      20   0   22564   6052   5304 S   0,0  0,0   0:00.00 tcpdump
31114 root      20   0   22564   5912   5164 S   0,0  0,0   0:00.00 tcpdump
31115 root      20   0   22564   6064   5316 S   0,0  0,0   0:00.00 tcpdump
31116 root      20   0   22564   6060   5312 S   0,0  0,0   0:00.00 tcpdump
31117 root      20   0   22564   6100   5352 S   0,0  0,0   0:00.00 tcpdump
31118 root      20   0   22564   6216   5328 S   0,0  0,0   0:00.00 tcpdump
31119 root      20   0   22564   6236   5344 S   0,0  0,0   0:00.00 tcpdump
30967 root      20   0  985420 138336   8912 S   2,0  0,8   0:02.24 ovs-vswitc+
31037 root      20   0  985448 139428   8912 S   1,0  0,9   0:02.15 ovs-vswitc+
30863 root      10 -10   20924   4900   4140 S   0,0  0,0   0:00.00 ovsdb-serv+
30902 root      10 -10   26456   9856   8912 S   0,0  0,1   0:00.00 ovs-vswitc+
30963 root      20   0   20912   5024   4240 S   0,0  0,0   0:00.01 ovsdb-serv+
31033 root      20   0   20912   5104   4320 S   0,0  0,0   0:00.03 ovsdb-serv+
31113 root      20   0   22564   6052   5304 S   0,0  0,0   0:00.00 tcpdump
31114 root      20   0   22564   5912   5164 S   0,0  0,0   0:00.00 tcpdump
31115 root      20   0   22564   6064   5316 S   0,0  0,0   0:00.00 tcpdump
31116 root      20   0   22564   6060   5312 S   0,0  0,0   0:00.00 tcpdump
31117 root      20   0   22564   6100   5352 S   0,0  0,0   0:00.00 tcpdump
31118 root      20   0   22564   6216   5328 S   0,0  0,0   0:00.00 tcpdump
31119 root      20   0   22564   6236   5344 S   0,0  0,0   0:00.00 tcpdump
31037 root      20   0  985448 139428   8912 S   1,0  0,9   0:02.16 ovs-vswitc+
30863 root      10 -10   20924   4900   4140 S   0,0  0,0   0:00.00 ovsdb-serv+
30902 root      10 -10   26456   9856   8912 S   0,0  0,1   0:00.00 ovs-vswitc+
30963 root      20   0   20912   5024   4240 S   0,0  0,0   0:00.01 ovsdb-serv+
30967 root      20   0  985420 138336   8912 S   0,0  0,8   0:02.24 ovs-vswitc+
31033 root      20   0   20912   5104   4320 S   0,0  0,0   0:00.03 ovsdb-serv+
31113 root      20   0   22564   6052   5304 S   0,0  0,0   0:00.00 tcpdump
31114 root      20   0   22564   5912   5164 S   0,0  0,0   0:00.00 tcpdump
31115 root      20   0   22564   6064   5316 S   0,0  0,0   0:00.00 tcpdump
31116 root      20   0   22564   6060   5312 S   0,0  0,0   0:00.00 tcpdump
31117 root      20   0   22564   6100   5352 S   0,0  0,0   0:00.00 tcpdump
31118 root      20   0   22564   6216   5328 S   0,0  0,0   0:00.00 tcpdump
31119 root      20   0   22564   6236   5344 S   0,0  0,0   0:00.00 tcpdump
30967 root      20   0  985420 138336   8912 S   2,0  0,8   0:02.26 ovs-vswitc+
31037 root      20   0  985448 139428   8912 S   1,0  0,9   0:02.17 ovs-vswitc+
30863 root      10 -10   20924   4900   4140 S   0,0  0,0   0:00.00 ovsdb-serv+
30902 root      10 -10   26456   9856   8912 S   0,0  0,1   0:00.00 ovs-vswitc+
30963 root      20   0   20912   5024   4240 S   0,0  0,0   0:00.01 ovsdb-serv+
31033 root      20   0   20912   5104   4320 S   0,0  0,0   0:00.03 ovsdb-serv+
31113 root      20   0   22564   6052   5304 S   0,0  0,0   0:00.00 tcpdump
31114 root      20   0   22564   5912   5164 S   0,0  0,0   0:00.00 tcpdump
31115 root      20   0   22564   6064   5316 S   0,0  0,0   0:00.00 tcpdump
31116 root      20   0   22564   6060   5312 S   0,0  0,0   0:00.00 tcpdump
31117 root      20   0   22564   6100   5352 S   0,0  0,0   0:00.00 tcpdump
31118 root      20   0   22564   6216   5328 S   0,0  0,0   0:00.00 tcpdump
31119 root      20   0   22564   6236   5344 S   0,0  0,0   0:00.00 tcpdump
30967 root      20   0  985420 138336   8912 S   1,0  0,8   0:02.27 ovs-vswitc+
31037 root      20   0  985448 139428   8912 S   1,0  0,9   0:02.18 ovs-vswitc+
30863 root      10 -10   20924   4900   4140 S   0,0  0,0   0:00.00 ovsdb-serv+
30902 root      10 -10   26456   9856   8912 S   0,0  0,1   0:00.00 ovs-vswitc+
30963 root      20   0   20912   5024   4240 S   0,0  0,0   0:00.01 ovsdb-serv+
31033 root      20   0   20912   5104   4320 S   0,0  0,0   0:00.03 ovsdb-serv+
31113 root      20   0   22564   6052   5304 S   0,0  0,0   0:00.00 tcpdump
31114 root      20   0   22564   5912   5164 S   0,0  0,0   0:00.00 tcpdump
31115 root      20   0   22564   6064   5316 S   0,0  0,0   0:00.00 tcpdump
31116 root      20   0   22564   6060   5312 S   0,0  0,0   0:00.00 tcpdump
31117 root      20   0   22564   6100   5352 S   0,0  0,0   0:00.00 tcpdump
31118 root      20   0   22564   6216   5328 S   0,0  0,0   0:00.00 tcpdump
31119 root      20   0   22564   6236   5344 S   0,0  0,0   0:00.00 tcpdump
31037 root      20   0  985448 139428   8912 S   1,0  0,9   0:02.19 ovs-vswitc+
30863 root      10 -10   20924   4900   4140 S   0,0  0,0   0:00.00 ovsdb-serv+
30902 root      10 -10   26456   9856   8912 S   0,0  0,1   0:00.00 ovs-vswitc+
30963 root      20   0   20912   5024   4240 S   0,0  0,0   0:00.01 ovsdb-serv+
30967 root      20   0  985420 138336   8912 S   0,0  0,8   0:02.27 ovs-vswitc+
31033 root      20   0   20912   5104   4320 S   0,0  0,0   0:00.03 ovsdb-serv+
31113 root      20   0   22564   6052   5304 S   0,0  0,0   0:00.00 tcpdump
31114 root      20   0   22564   5912   5164 S   0,0  0,0   0:00.00 tcpdump
31115 root      20   0   22564   6064   5316 S   0,0  0,0   0:00.00 tcpdump
31116 root      20   0   22564   6060   5312 S   0,0  0,0   0:00.00 tcpdump
31117 root      20   0   22564   6100   5352 S   0,0  0,0   0:00.00 tcpdump
31118 root      20   0   22564   6216   5328 S   0,0  0,0   0:00.00 tcpdump
31119 root      20   0   22564   6236   5344 S   0,0  0,0   0:00.00 tcpdump
30967 root      20   0  985420 138336   8912 S   2,0  0,8   0:02.29 ovs-vswitc+
31037 root      20   0  985448 139428   8912 S   1,0  0,9   0:02.20 ovs-vswitc+
30863 root      10 -10   20924   4900   4140 S   0,0  0,0   0:00.00 ovsdb-serv+
30902 root      10 -10   26456   9856   8912 S   0,0  0,1   0:00.00 ovs-vswitc+
30963 root      20   0   20912   5024   4240 S   0,0  0,0   0:00.01 ovsdb-serv+
31033 root      20   0   20912   5104   4320 S   0,0  0,0   0:00.03 ovsdb-serv+
31113 root      20   0   22564   6052   5304 S   0,0  0,0   0:00.00 tcpdump
31114 root      20   0   22564   5912   5164 S   0,0  0,0   0:00.00 tcpdump
31115 root      20   0   22564   6064   5316 S   0,0  0,0   0:00.00 tcpdump
31116 root      20   0   22564   6060   5312 S   0,0  0,0   0:00.00 tcpdump
31117 root      20   0   22564   6100   5352 S   0,0  0,0   0:00.00 tcpdump
31118 root      20   0   22564   6216   5328 S   0,0  0,0   0:00.00 tcpdump
31119 root      20   0   22564   6236   5344 S   0,0  0,0   0:00.00 tcpdump
30967 root      20   0  985420 138336   8912 S   1,0  0,8   0:02.30 ovs-vswitc+
31037 root      20   0  985448 139428   8912 S   1,0  0,9   0:02.21 ovs-vswitc+
30863 root      10 -10   20924   4900   4140 S   0,0  0,0   0:00.00 ovsdb-serv+
30902 root      10 -10   26456   9856   8912 S   0,0  0,1   0:00.00 ovs-vswitc+
30963 root      20   0   20912   5024   4240 S   0,0  0,0   0:00.01 ovsdb-serv+
31033 root      20   0   20912   5104   4320 S   0,0  0,0   0:00.03 ovsdb-serv+
31113 root      20   0   22564   6052   5304 S   0,0  0,0   0:00.00 tcpdump
31114 root      20   0   22564   5912   5164 S   0,0  0,0   0:00.00 tcpdump
31115 root      20   0   22564   6064   5316 S   0,0  0,0   0:00.00 tcpdump
31116 root      20   0   22564   6060   5312 S   0,0  0,0   0:00.00 tcpdump
31117 root      20   0   22564   6100   5352 S   0,0  0,0   0:00.00 tcpdump
31118 root      20   0   22564   6216   5328 S   0,0  0,0   0:00.00 tcpdump
31119 root      20   0   22564   6236   5344 S   0,0  0,0   0:00.00 tcpdump
30967 root      20   0  985420 138336   8912 S   1,0  0,8   0:02.31 ovs-vswitc+
31037 root      20   0  985448 139428   8912 S   1,0  0,9   0:02.22 ovs-vswitc+
30863 root      10 -10   20924   4900   4140 S   0,0  0,0   0:00.00 ovsdb-serv+
30902 root      10 -10   26456   9856   8912 S   0,0  0,1   0:00.00 ovs-vswitc+
30963 root      20   0   20912   5024   4240 S   0,0  0,0   0:00.01 ovsdb-serv+
31033 root      20   0   20912   5104   4320 S   0,0  0,0   0:00.03 ovsdb-serv+
31113 root      20   0   22564   6052   5304 S   0,0  0,0   0:00.00 tcpdump
31114 root      20   0   22564   5912   5164 S   0,0  0,0   0:00.00 tcpdump
31115 root      20   0   22564   6064   5316 S   0,0  0,0   0:00.00 tcpdump
31116 root      20   0   22564   6060   5312 S   0,0  0,0   0:00.00 tcpdump
31117 root      20   0   22564   6100   5352 S   0,0  0,0   0:00.00 tcpdump
31118 root      20   0   22564   6216   5328 S   0,0  0,0   0:00.00 tcpdump
31119 root      20   0   22564   6236   5344 S   0,0  0,0   0:00.00 tcpdump
30967 root      20   0  985420 138336   8912 S   1,0  0,8   0:02.32 ovs-vswitc+
31037 root      20   0  985448 139428   8912 S   1,0  0,9   0:02.23 ovs-vswitc+
30863 root      10 -10   20924   4900   4140 S   0,0  0,0   0:00.00 ovsdb-serv+
30902 root      10 -10   26456   9856   8912 S   0,0  0,1   0:00.00 ovs-vswitc+
30963 root      20   0   20912   5024   4240 S   0,0  0,0   0:00.01 ovsdb-serv+
31033 root      20   0   20912   5104   4320 S   0,0  0,0   0:00.03 ovsdb-serv+
31113 root      20   0   22564   6052   5304 S   0,0  0,0   0:00.00 tcpdump
31114 root      20   0   22564   5912   5164 S   0,0  0,0   0:00.00 tcpdump
31115 root      20   0   22564   6064   5316 S   0,0  0,0   0:00.00 tcpdump
31116 root      20   0   22564   6060   5312 S   0,0  0,0   0:00.00 tcpdump
31117 root      20   0   22564   6100   5352 S   0,0  0,0   0:00.00 tcpdump
31118 root      20   0   22564   6216   5328 S   0,0  0,0   0:00.00 tcpdump
31119 root      20   0   22564   6236   5344 S   0,0  0,0   0:00.00 tcpdump
31037 root      20   0  985448 139428   8912 S   2,0  0,9   0:02.25 ovs-vswitc+
30967 root      20   0  985420 138336   8912 S   1,0  0,8   0:02.33 ovs-vswitc+
30863 root      10 -10   20924   4900   4140 S   0,0  0,0   0:00.00 ovsdb-serv+
30902 root      10 -10   26456   9856   8912 S   0,0  0,1   0:00.00 ovs-vswitc+
30963 root      20   0   20912   5024   4240 S   0,0  0,0   0:00.01 ovsdb-serv+
31033 root      20   0   20912   5104   4320 S   0,0  0,0   0:00.03 ovsdb-serv+
31113 root      20   0   22564   6052   5304 S   0,0  0,0   0:00.00 tcpdump
31114 root      20   0   22564   5912   5164 S   0,0  0,0   0:00.00 tcpdump
31115 root      20   0   22564   6064   5316 S   0,0  0,0   0:00.00 tcpdump
31116 root      20   0   22564   6060   5312 S   0,0  0,0   0:00.00 tcpdump
31117 root      20   0   22564   6100   5352 S   0,0  0,0   0:00.00 tcpdump
31118 root      20   0   22564   6216   5328 S   0,0  0,0   0:00.00 tcpdump
31119 root      20   0   22564   6236   5344 S   0,0  0,0   0:00.00 tcpdump
30967 root      20   0  985420 138336   8912 S   2,0  0,8   0:02.35 ovs-vswitc+
30863 root      10 -10   20924   4900   4140 S   0,0  0,0   0:00.00 ovsdb-serv+
30902 root      10 -10   26456   9856   8912 S   0,0  0,1   0:00.00 ovs-vswitc+
30963 root      20   0   20912   5024   4240 S   0,0  0,0   0:00.01 ovsdb-serv+
31033 root      20   0   20912   5104   4320 S   0,0  0,0   0:00.03 ovsdb-serv+
31037 root      20   0  985448 139428   8912 S   0,0  0,9   0:02.25 ovs-vswitc+
31113 root      20   0   22564   6052   5304 S   0,0  0,0   0:00.00 tcpdump
31114 root      20   0   22564   5912   5164 S   0,0  0,0   0:00.00 tcpdump
31115 root      20   0   22564   6064   5316 S   0,0  0,0   0:00.00 tcpdump
31116 root      20   0   22564   6060   5312 S   0,0  0,0   0:00.00 tcpdump
31117 root      20   0   22564   6100   5352 S   0,0  0,0   0:00.00 tcpdump
31118 root      20   0   22564   6216   5328 S   0,0  0,0   0:00.00 tcpdump
31119 root      20   0   22564   6236   5344 S   0,0  0,0   0:00.00 tcpdump
31037 root      20   0  985448 139428   8912 S   2,0  0,9   0:02.27 ovs-vswitc+
30863 root      10 -10   20924   4900   4140 S   0,0  0,0   0:00.00 ovsdb-serv+
30902 root      10 -10   26456   9856   8912 S   0,0  0,1   0:00.00 ovs-vswitc+
30963 root      20   0   20912   5024   4240 S   0,0  0,0   0:00.01 ovsdb-serv+
30967 root      20   0  985420 138336   8912 S   0,0  0,8   0:02.35 ovs-vswitc+
31033 root      20   0   20912   5104   4320 S   0,0  0,0   0:00.03 ovsdb-serv+
31113 root      20   0   22564   6052   5304 S   0,0  0,0   0:00.00 tcpdump
31114 root      20   0   22564   5912   5164 S   0,0  0,0   0:00.00 tcpdump
31115 root      20   0   22564   6064   5316 S   0,0  0,0   0:00.00 tcpdump
31116 root      20   0   22564   6060   5312 S   0,0  0,0   0:00.00 tcpdump
31117 root      20   0   22564   6100   5352 S   0,0  0,0   0:00.00 tcpdump
31118 root      20   0   22564   6216   5328 S   0,0  0,0   0:00.00 tcpdump
31119 root      20   0   22564   6236   5344 S   0,0  0,0   0:00.00 tcpdump
30863 root      10 -10   20924   4900   4140 S   1,0  0,0   0:00.01 ovsdb-serv+
30967 root      20   0  985420 138336   8912 S   1,0  0,8   0:02.36 ovs-vswitc+
31037 root      20   0  985448 139428   8912 S   1,0  0,9   0:02.28 ovs-vswitc+
30902 root      10 -10   26456   9856   8912 S   0,0  0,1   0:00.00 ovs-vswitc+
30963 root      20   0   20912   5024   4240 S   0,0  0,0   0:00.01 ovsdb-serv+
31033 root      20   0   20912   5104   4320 S   0,0  0,0   0:00.03 ovsdb-serv+
31113 root      20   0   22564   6052   5304 S   0,0  0,0   0:00.00 tcpdump
31114 root      20   0   22564   5912   5164 S   0,0  0,0   0:00.00 tcpdump
31115 root      20   0   22564   6064   5316 S   0,0  0,0   0:00.00 tcpdump
31116 root      20   0   22564   6060   5312 S   0,0  0,0   0:00.00 tcpdump
31117 root      20   0   22564   6100   5352 S   0,0  0,0   0:00.00 tcpdump
31118 root      20   0   22564   6216   5328 S   0,0  0,0   0:00.00 tcpdump
31119 root      20   0   22564   6236   5344 S   0,0  0,0   0:00.00 tcpdump
30967 root      20   0  985420 138336   8912 S   1,0  0,8   0:02.37 ovs-vswitc+
31037 root      20   0  985448 139428   8912 S   1,0  0,9   0:02.29 ovs-vswitc+
30863 root      10 -10   20924   4900   4140 S   0,0  0,0   0:00.01 ovsdb-serv+
30902 root      10 -10   26456   9856   8912 S   0,0  0,1   0:00.00 ovs-vswitc+
30963 root      20   0   20912   5024   4240 S   0,0  0,0   0:00.01 ovsdb-serv+
31033 root      20   0   20912   5104   4320 S   0,0  0,0   0:00.03 ovsdb-serv+
31113 root      20   0   22564   6052   5304 S   0,0  0,0   0:00.00 tcpdump
31114 root      20   0   22564   5912   5164 S   0,0  0,0   0:00.00 tcpdump
31115 root      20   0   22564   6064   5316 S   0,0  0,0   0:00.00 tcpdump
31116 root      20   0   22564   6060   5312 S   0,0  0,0   0:00.00 tcpdump
31117 root      20   0   22564   6100   5352 S   0,0  0,0   0:00.00 tcpdump
31118 root      20   0   22564   6216   5328 S   0,0  0,0   0:00.00 tcpdump
31119 root      20   0   22564   6236   5344 S   0,0  0,0   0:00.00 tcpdump
30967 root      20   0  985420 138336   8912 S   1,0  0,8   0:02.38 ovs-vswitc+
31037 root      20   0  985448 139428   8912 S   1,0  0,9   0:02.30 ovs-vswitc+
30863 root      10 -10   20924   4900   4140 S   0,0  0,0   0:00.01 ovsdb-serv+
30902 root      10 -10   26456   9856   8912 S   0,0  0,1   0:00.00 ovs-vswitc+
30963 root      20   0   20912   5024   4240 S   0,0  0,0   0:00.01 ovsdb-serv+
31033 root      20   0   20912   5104   4320 S   0,0  0,0   0:00.03 ovsdb-serv+
31113 root      20   0   22564   6052   5304 S   0,0  0,0   0:00.00 tcpdump
31114 root      20   0   22564   5912   5164 S   0,0  0,0   0:00.00 tcpdump
31115 root      20   0   22564   6064   5316 S   0,0  0,0   0:00.00 tcpdump
31116 root      20   0   22564   6060   5312 S   0,0  0,0   0:00.00 tcpdump
31117 root      20   0   22564   6100   5352 S   0,0  0,0   0:00.00 tcpdump
31118 root      20   0   22564   6216   5328 S   0,0  0,0   0:00.00 tcpdump
31119 root      20   0   22564   6236   5344 S   0,0  0,0   0:00.00 tcpdump
30967 root      20   0  985420 138336   8912 S   2,0  0,8   0:02.40 ovs-vswitc+
31037 root      20   0  985448 139428   8912 S   2,0  0,9   0:02.32 ovs-vswitc+
30863 root      10 -10   20924   4900   4140 S   0,0  0,0   0:00.01 ovsdb-serv+
30902 root      10 -10   26456   9856   8912 S   0,0  0,1   0:00.00 ovs-vswitc+
30963 root      20   0   20912   5024   4240 S   0,0  0,0   0:00.01 ovsdb-serv+
31033 root      20   0   20912   5104   4320 S   0,0  0,0   0:00.03 ovsdb-serv+
31113 root      20   0   22564   6052   5304 S   0,0  0,0   0:00.00 tcpdump
31114 root      20   0   22564   5912   5164 S   0,0  0,0   0:00.00 tcpdump
31115 root      20   0   22564   6064   5316 S   0,0  0,0   0:00.00 tcpdump
31116 root      20   0   22564   6060   5312 S   0,0  0,0   0:00.00 tcpdump
31117 root      20   0   22564   6100   5352 S   0,0  0,0   0:00.00 tcpdump
31118 root      20   0   22564   6216   5328 S   0,0  0,0   0:00.00 tcpdump
31119 root      20   0   22564   6236   5344 S   0,0  0,0   0:00.00 tcpdump
30863 root      10 -10   20924   4900   4140 S   0,0  0,0   0:00.01 ovsdb-serv+
30902 root      10 -10   26456   9856   8912 S   0,0  0,1   0:00.00 ovs-vswitc+
30963 root      20   0   20912   5024   4240 S   0,0  0,0   0:00.01 ovsdb-serv+
30967 root      20   0  985420 138336   8912 S   0,0  0,8   0:02.40 ovs-vswitc+
31033 root      20   0   20912   5104   4320 S   0,0  0,0   0:00.03 ovsdb-serv+
31037 root      20   0  985448 139428   8912 S   0,0  0,9   0:02.32 ovs-vswitc+
31113 root      20   0   22564   6052   5304 S   0,0  0,0   0:00.00 tcpdump
31114 root      20   0   22564   5912   5164 S   0,0  0,0   0:00.00 tcpdump
31115 root      20   0   22564   6064   5316 S   0,0  0,0   0:00.00 tcpdump
31116 root      20   0   22564   6060   5312 S   0,0  0,0   0:00.00 tcpdump
31117 root      20   0   22564   6100   5352 S   0,0  0,0   0:00.00 tcpdump
31118 root      20   0   22564   6216   5328 S   0,0  0,0   0:00.00 tcpdump
31119 root      20   0   22564   6236   5344 S   0,0  0,0   0:00.00 tcpdump
30967 root      20   0  985420 138336   8912 S   2,0  0,8   0:02.42 ovs-vswitc+
31037 root      20   0  985480 139460   8912 S   1,0  0,9   0:02.33 ovs-vswitc+
30863 root      10 -10   20924   4900   4140 S   0,0  0,0   0:00.01 ovsdb-serv+
30902 root      10 -10   26456   9856   8912 S   0,0  0,1   0:00.00 ovs-vswitc+
30963 root      20   0   20912   5024   4240 S   0,0  0,0   0:00.01 ovsdb-serv+
31033 root      20   0   20912   5104   4320 S   0,0  0,0   0:00.03 ovsdb-serv+
31113 root      20   0   22564   6052   5304 S   0,0  0,0   0:00.00 tcpdump
31114 root      20   0   22564   5912   5164 S   0,0  0,0   0:00.00 tcpdump
31115 root      20   0   22564   6064   5316 S   0,0  0,0   0:00.00 tcpdump
31116 root      20   0   22564   6060   5312 S   0,0  0,0   0:00.00 tcpdump
31117 root      20   0   22564   6100   5352 S   0,0  0,0   0:00.00 tcpdump
31118 root      20   0   22564   6216   5328 S   0,0  0,0   0:00.00 tcpdump
31119 root      20   0   22564   6236   5344 S   0,0  0,0   0:00.00 tcpdump
31037 root      20   0  985480 139460   8912 S   1,0  0,9   0:02.34 ovs-vswitc+
30863 root      10 -10   20924   4900   4140 S   0,0  0,0   0:00.01 ovsdb-serv+
30902 root      10 -10   26456   9856   8912 S   0,0  0,1   0:00.00 ovs-vswitc+
30963 root      20   0   20912   5024   4240 S   0,0  0,0   0:00.01 ovsdb-serv+
30967 root      20   0  985420 138336   8912 S   0,0  0,8   0:02.42 ovs-vswitc+
31033 root      20   0   20912   5104   4320 S   0,0  0,0   0:00.03 ovsdb-serv+
31113 root      20   0   22564   6052   5304 S   0,0  0,0   0:00.00 tcpdump
31114 root      20   0   22564   5912   5164 S   0,0  0,0   0:00.00 tcpdump
31115 root      20   0   22564   6064   5316 S   0,0  0,0   0:00.00 tcpdump
31116 root      20   0   22564   6060   5312 S   0,0  0,0   0:00.00 tcpdump
31117 root      20   0   22564   6100   5352 S   0,0  0,0   0:00.00 tcpdump
31118 root      20   0   22564   6216   5328 S   0,0  0,0   0:00.00 tcpdump
31119 root      20   0   22564   6236   5344 S   0,0  0,0   0:00.00 tcpdump
30967 root      20   0  985452 138372   8912 S   2,0  0,8   0:02.44 ovs-vswitc+
31037 root      20   0  985480 139460   8912 S   2,0  0,9   0:02.36 ovs-vswitc+
30863 root      10 -10   20924   4900   4140 S   0,0  0,0   0:00.01 ovsdb-serv+
30902 root      10 -10   26456   9856   8912 S   0,0  0,1   0:00.00 ovs-vswitc+
30963 root      20   0   20912   5024   4240 S   0,0  0,0   0:00.01 ovsdb-serv+
31033 root      20   0   20912   5104   4320 S   0,0  0,0   0:00.03 ovsdb-serv+
31113 root      20   0   22564   6052   5304 S   0,0  0,0   0:00.00 tcpdump
31114 root      20   0   22564   5912   5164 S   0,0  0,0   0:00.00 tcpdump
31115 root      20   0   22564   6064   5316 S   0,0  0,0   0:00.00 tcpdump
31116 root      20   0   22564   6060   5312 S   0,0  0,0   0:00.00 tcpdump
31117 root      20   0   22564   6100   5352 S   0,0  0,0   0:00.00 tcpdump
31118 root      20   0   22564   6216   5328 S   0,0  0,0   0:00.00 tcpdump
31119 root      20   0   22564   6236   5344 S   0,0  0,0   0:00.00 tcpdump
30967 root      20   0  985452 138372   8912 S   1,0  0,8   0:02.45 ovs-vswitc+
30863 root      10 -10   20924   4900   4140 S   0,0  0,0   0:00.01 ovsdb-serv+
30902 root      10 -10   26456   9856   8912 S   0,0  0,1   0:00.00 ovs-vswitc+
30963 root      20   0   20912   5024   4240 S   0,0  0,0   0:00.01 ovsdb-serv+
31033 root      20   0   20912   5104   4320 S   0,0  0,0   0:00.03 ovsdb-serv+
31037 root      20   0  985480 139460   8912 S   0,0  0,9   0:02.36 ovs-vswitc+
31113 root      20   0   22564   6052   5304 S   0,0  0,0   0:00.00 tcpdump
31114 root      20   0   22564   5912   5164 S   0,0  0,0   0:00.00 