22516 root      20   0  985304 118368   8912 S   6,2  0,7   0:00.11 ovs-vswitc+
22586 root      20   0  985308 118368   8912 S   6,2  0,7   0:00.15 ovs-vswitc+
22411 root      10 -10   20924   4916   4168 S   0,0  0,0   0:00.00 ovsdb-serv+
22450 root      10 -10   26456   9856   8912 S   0,0  0,1   0:00.00 ovs-vswitc+
22512 root      20   0   20912   4928   4144 S   0,0  0,0   0:00.01 ovsdb-serv+
22582 root      20   0   20912   5104   4320 S   0,0  0,0   0:00.01 ovsdb-serv+
22661 root      20   0   22564   6128   5376 S   0,0  0,0   0:00.00 tcpdump
22662 root      20   0   22564   6088   5340 S   0,0  0,0   0:00.00 tcpdump
22663 root      20   0   22564   6024   5276 S   0,0  0,0   0:00.00 tcpdump
22664 root      20   0   22564   5984   5236 S   0,0  0,0   0:00.00 tcpdump
22665 root      20   0   22564   5984   5236 S   0,0  0,0   0:00.00 tcpdump
22666 root      20   0   22564   6200   5316 S   0,0  0,0   0:00.00 tcpdump
22667 root      20   0   22564   6264   5376 S   0,0  0,0   0:00.00 tcpdump
22586 root      20   0  985308 118368   8912 S   1,0  0,7   0:00.16 ovs-vswitc+
22411 root      10 -10   20924   4916   4168 S   0,0  0,0   0:00.00 ovsdb-serv+
22450 root      10 -10   26456   9856   8912 S   0,0  0,1   0:00.00 ovs-vswitc+
22512 root      20   0   20912   4928   4144 S   0,0  0,0   0:00.01 ovsdb-serv+
22516 root      20   0  985304 118368   8912 S   0,0  0,7   0:00.11 ovs-vswitc+
22582 root      20   0   20912   5104   4320 S   0,0  0,0   0:00.01 ovsdb-serv+
22661 root      20   0   22564   6128   5376 S   0,0  0,0   0:00.00 tcpdump
22662 root      20   0   22564   6088   5340 S   0,0  0,0   0:00.00 tcpdump
22663 root      20   0   22564   6024   5276 S   0,0  0,0   0:00.00 tcpdump
22664 root      20   0   22564   5984   5236 S   0,0  0,0   0:00.00 tcpdump
22665 root      20   0   22564   5984   5236 S   0,0  0,0   0:00.00 tcpdump
22666 root      20   0   22564   6200   5316 S   0,0  0,0   0:00.00 tcpdump
22667 root      20   0   22564   6264   5376 S   0,0  0,0   0:00.00 tcpdump
22516 root      20   0  985304 118368   8912 S   1,0  0,7   0:00.12 ovs-vswitc+
22411 root      10 -10   20924   4916   4168 S   0,0  0,0   0:00.00 ovsdb-serv+
22450 root      10 -10   26456   9856   8912 S   0,0  0,1   0:00.00 ovs-vswitc+
22512 root      20   0   20912   4928   4144 S   0,0  0,0   0:00.01 ovsdb-serv+
22582 root      20   0   20912   5104   4320 S   0,0  0,0   0:00.01 ovsdb-serv+
22586 root      20   0  985308 118368   8912 S   0,0  0,7   0:00.16 ovs-vswitc+
22661 root      20   0   22564   6128   5376 S   0,0  0,0   0:00.00 tcpdump
22662 root      20   0   22564   6088   5340 S   0,0  0,0   0:00.00 tcpdump
22663 root      20   0   22564   6024   5276 S   0,0  0,0   0:00.00 tcpdump
22664 root      20   0   22564   5984   5236 S   0,0  0,0   0:00.00 tcpdump
22665 root      20   0   22564   5984   5236 S   0,0  0,0   0:00.00 tcpdump
22666 root      20   0   22564   6200   5316 S   0,0  0,0   0:00.00 tcpdump
22667 root      20   0   22564   6264   5376 S   0,0  0,0   0:00.00 tcpdump
22586 root      20   0  985308 118368   8912 S   3,0  0,7   0:00.19 ovs-vswitc+
22516 root      20   0  985304 118368   8912 S   1,0  0,7   0:00.13 ovs-vswitc+
22411 root      10 -10   20924   4916   4168 S   0,0  0,0   0:00.00 ovsdb-serv+
22450 root      10 -10   26456   9856   8912 S   0,0  0,1   0:00.00 ovs-vswitc+
22512 root      20   0   20912   4928   4144 S   0,0  0,0   0:00.01 ovsdb-serv+
22582 root      20   0   20912   5104   4320 S   0,0  0,0   0:00.01 ovsdb-serv+
22661 root      20   0   22564   6128   5376 S   0,0  0,0   0:00.00 tcpdump
22662 root      20   0   22564   6088   5340 S   0,0  0,0   0:00.00 tcpdump
22663 root      20   0   22564   6024   5276 S   0,0  0,0   0:00.00 tcpdump
22664 root      20   0   22564   5984   5236 S   0,0  0,0   0:00.00 tcpdump
22665 root      20   0   22564   5984   5236 S   0,0  0,0   0:00.00 tcpdump
22666 root      20   0   22564   6200   5316 S   0,0  0,0   0:00.00 tcpdump
22667 root      20   0   22564   6264   5376 S   0,0  0,0   0:00.00 tcpdump
22516 root      20   0  985304 118368   8912 S   1,0  0,7   0:00.14 ovs-vswitc+
22586 root      20   0  985308 118368   8912 S   1,0  0,7   0:00.20 ovs-vswitc+
22411 root      10 -10   20924   4916   4168 S   0,0  0,0   0:00.00 ovsdb-serv+
22450 root      10 -10   26456   9856   8912 S   0,0  0,1   0:00.00 ovs-vswitc+
22512 root      20   0   20912   4928   4144 S   0,0  0,0   0:00.01 ovsdb-serv+
22582 root      20   0   20912   5104   4320 S   0,0  0,0   0:00.01 ovsdb-serv+
22661 root      20   0   22564   6128   5376 S   0,0  0,0   0:00.00 tcpdump
22662 root      20   0   22564   6088   5340 S   0,0  0,0   0:00.00 tcpdump
22663 root      20   0   22564   6024   5276 S   0,0  0,0   0:00.00 tcpdump
22664 root      20   0   22564   5984   5236 S   0,0  0,0   0:00.00 tcpdump
22665 root      20   0   22564   5984   5236 S   0,0  0,0   0:00.00 tcpdump
22666 root      20   0   22564   6200   5316 S   0,0  0,0   0:00.00 tcpdump
22667 root      20   0   22564   6264   5376 S   0,0  0,0   0:00.00 tcpdump
22411 root      10 -10   20924   4916   4168 S   0,0  0,0   0:00.00 ovsdb-serv+
22450 root      10 -10   26456   9856   8912 S   0,0  0,1   0:00.00 ovs-vswitc+
22512 root      20   0   20912   4928   4144 S   0,0  0,0   0:00.01 ovsdb-serv+
22516 root      20   0  985304 118368   8912 S   0,0  0,7   0:00.14 ovs-vswitc+
22582 root      20   0   20912   5104   4320 S   0,0  0,0   0:00.01 ovsdb-serv+
22586 root      20   0  985308 118368   8912 S   0,0  0,7   0:00.20 ovs-vswitc+
22661 root      20   0   22564   6128   5376 S   0,0  0,0   0:00.00 tcpdump
22662 root      20   0   22564   6088   5340 S   0,0  0,0   0:00.00 tcpdump
22663 root      20   0   22564   6024   5276 S   0,0  0,0   0:00.00 tcpdump
22664 root      20   0   22564   5984   5236 S   0,0  0,0   0:00.00 tcpdump
22665 root      20   0   22564   5984   5236 S   0,0  0,0   0:00.00 tcpdump
22666 root      20   0   22564   6200   5316 S   0,0  0,0   0:00.00 tcpdump
22667 root      20   0   22564   6264   5376 S   0,0  0,0   0:00.00 tcpdump
22586 root      20   0  985308 118368   8912 S   1,0  0,7   0:00.21 ovs-vswitc+
22411 root      10 -10   20924   4916   4168 S   0,0  0,0   0:00.00 ovsdb-serv+
22450 root      10 -10   26456   9856   8912 S   0,0  0,1   0:00.00 ovs-vswitc+
22512 root      20   0   20912   4928   4144 S   0,0  0,0   0:00.01 ovsdb-serv+
22516 root      20   0  985304 118368   8912 S   0,0  0,7   0:00.14 ovs-vswitc+
22582 root      20   0   20912   5104   4320 S   0,0  0,0   0:00.01 ovsdb-serv+
22661 root      20   0   22564   6128   5376 S   0,0  0,0   0:00.00 tcpdump
22662 root      20   0   22564   6088   5340 S   0,0  0,0   0:00.00 tcpdump
22663 root      20   0   22564   6024   5276 S   0,0  0,0   0:00.00 tcpdump
22664 root      20   0   22564   5984   5236 S   0,0  0,0   0:00.00 tcpdump
22665 root      20   0   22564   5984   5236 S   0,0  0,0   0:00.00 tcpdump
22666 root      20   0   22564   6200   5316 S   0,0  0,0   0:00.00 tcpdump
22667 root      20   0   22564   6264   5376 S   0,0  0,0   0:00.00 tcpdump
22516 root      20   0  985304 118368   8912 S   2,0  0,7   0:00.16 ovs-vswitc+
22586 root      20   0  985308 118368   8912 S   2,0  0,7   0:00.23 ovs-vswitc+
22411 root      10 -10   20924   4916   4168 S   0,0  0,0   0:00.00 ovsdb-serv+
22450 root      10 -10   26456   9856   8912 S   0,0  0,1   0:00.00 ovs-vswitc+
22512 root      20   0   20912   4928   4144 S   0,0  0,0   0:00.01 ovsdb-serv+
22582 root      20   0   20912   5104   4320 S   0,0  0,0   0:00.01 ovsdb-serv+
22661 root      20   0   22564   6128   5376 S   0,0  0,0   0:00.00 tcpdump
22662 root      20   0   22564   6088   5340 S   0,0  0,0   0:00.00 tcpdump
22663 root      20   0   22564   6024   5276 S   0,0  0,0   0:00.00 tcpdump
22664 root      20   0   22564   5984   5236 S   0,0  0,0   0:00.00 tcpdump
22665 root      20   0   22564   5984   5236 S   0,0  0,0   0:00.00 tcpdump
22666 root      20   0   22564   6200   5316 S   0,0  0,0   0:00.00 tcpdump
22667 root      20   0   22564   6264   5376 S   0,0  0,0   0:00.00 tcpdump
22586 root      20   0  985424 118548   8912 S   3,0  0,7   0:00.26 ovs-vswitc+
22411 root      10 -10   20924   4916   4168 S   0,0  0,0   0:00.00 ovsdb-serv+
22450 root      10 -10   26456   9856   8912 S   0,0  0,1   0:00.00 ovs-vswitc+
22512 root      20   0   20912   4928   4144 S   0,0  0,0   0:00.01 ovsdb-serv+
22516 root      20   0  985304 118368   8912 S   0,0  0,7   0:00.16 ovs-vswitc+
22582 root      20   0   20912   5104   4320 S   0,0  0,0   0:00.01 ovsdb-serv+
22661 root      20   0   22564   6128   5376 S   0,0  0,0   0:00.00 tcpdump
22662 root      20   0   22564   6088   5340 S   0,0  0,0   0:00.00 tcpdump
22663 root      20   0   22564   6024   5276 S   0,0  0,0   0:00.00 tcpdump
22664 root      20   0   22564   5984   5236 S   0,0  0,0   0:00.00 tcpdump
22665 root      20   0   22564   5984   5236 S   0,0  0,0   0:00.00 tcpdump
22666 root      20   0   22564   6200   5316 S   0,0  0,0   0:00.00 tcpdump
22667 root      20   0   22564   6264   5376 S   0,0  0,0   0:00.00 tcpdump
22516 root      20   0  985304 118368   8912 S   1,0  0,7   0:00.17 ovs-vswitc+
22411 root      10 -10   20924   4916   4168 S   0,0  0,0   0:00.00 ovsdb-serv+
22450 root      10 -10   26456   9856   8912 S   0,0  0,1   0:00.00 ovs-vswitc+
22512 root      20   0   20912   4928   4144 S   0,0  0,0   0:00.01 ovsdb-serv+
22582 root      20   0   20912   5104   4320 S   0,0  0,0   0:00.01 ovsdb-serv+
22586 root      20   0  985424 118548   8912 S   0,0  0,7   0:00.26 ovs-vswitc+
22661 root      20   0   22564   6128   5376 S   0,0  0,0   0:00.00 tcpdump
22662 root      20   0   22564   6088   5340 S   0,0  0,0   0:00.00 tcpdump
22663 root      20   0   22564   6024   5276 S   0,0  0,0   0:00.00 tcpdump
22664 root      20   0   22564   5984   5236 S   0,0  0,0   0:00.00 tcpdump
22665 root      20   0   22564   5984   5236 S   0,0  0,0   0:00.00 tcpdump
22666 root      20   0   22564   6200   5316 S   0,0  0,0   0:00.00 tcpdump
22667 root      20   0   22564   6264   5376 S   0,0  0,0   0:00.00 tcpdump
22516 root      20   0  985304 118368   8912 S   1,0  0,7   0:00.18 ovs-vswitc+
22586 root      20   0  985424 118548   8912 S   1,0  0,7   0:00.27 ovs-vswitc+
22411 root      10 -10   20924   4916   4168 S   0,0  0,0   0:00.00 ovsdb-serv+
22450 root      10 -10   26456   9856   8912 S   0,0  0,1   0:00.00 ovs-vswitc+
22512 root      20   0   20912   4928   4144 S   0,0  0,0   0:00.01 ovsdb-serv+
22582 root      20   0   20912   5104   4320 S   0,0  0,0   0:00.01 ovsdb-serv+
22661 root      20   0   22564   6128   5376 S   0,0  0,0   0:00.00 tcpdump
22662 root      20   0   22564   6088   5340 S   0,0  0,0   0:00.00 tcpdump
22663 root      20   0   22564   6024   5276 S   0,0  0,0   0:00.00 tcpdump
22664 root      20   0   22564   5984   5236 S   0,0  0,0   0:00.00 tcpdump
22665 root      20   0   22564   5984   5236 S   0,0  0,0   0:00.00 tcpdump
22666 root      20   0   22564   6200   5316 S   0,0  0,0   0:00.00 tcpdump
22667 root      20   0   22564   6264   5376 S   0,0  0,0   0:00.00 tcpdump
22586 root      20   0  985424 118548   8912 S   3,0  0,7   0:00.30 ovs-vswitc+
22516 root      20   0  985304 118368   8912 S   1,0  0,7   0:00.19 ovs-vswitc+
22411 root      10 -10   20924   4916   4168 S   0,0  0,0   0:00.00 ovsdb-serv+
22450 root      10 -10   26456   9856   8912 S   0,0  0,1   0:00.00 ovs-vswitc+
22512 root      20   0   20912   4928   4144 S   0,0  0,0   0:00.01 ovsdb-serv+
22582 root      20   0   20912   5104   4320 S   0,0  0,0   0:00.01 ovsdb-serv+
22661 root      20   0   22564   6128   5376 S   0,0  0,0   0:00.00 tcpdump
22662 root      20   0   22564   6088   5340 S   0,0  0,0   0:00.00 tcpdump
22663 root      20   0   22564   6024   5276 S   0,0  0,0   0:00.00 tcpdump
22664 root      20   0   22564   5984   5236 S   0,0  0,0   0:00.00 tcpdump
22665 root      20   0   22564   5984   5236 S   0,0  0,0   0:00.00 tcpdump
22666 root      20   0   22564   6200   5316 S   0,0  0,0   0:00.00 tcpdump
22667 root      20   0   22564   6264   5376 S   0,0  0,0   0:00.00 tcpdump
22516 root      20   0  985304 118368   8912 S   1,0  0,7   0:00.20 ovs-vswitc+
22411 root      10 -10   20924   4916   4168 S   0,0  0,0   0:00.00 ovsdb-serv+
22450 root      10 -10   26456   9856   8912 S   0,0  0,1   0:00.00 ovs-vswitc+
22512 root      20   0   20912   4928   4144 S   0,0  0,0   0:00.01 ovsdb-serv+
22582 root      20   0   20912   5104   4320 S   0,0  0,0   0:00.01 ovsdb-serv+
22586 root      20   0  985424 118548   8912 S   0,0  0,7   0:00.30 ovs-vswitc+
22661 root      20   0   22564   6128   5376 S   0,0  0,0   0:00.00 tcpdump
22662 root      20   0   22564   6088   5340 S   0,0  0,0   0:00.00 tcpdump
22663 root      20   0   22564   6024   5276 S   0,0  0,0   0:00.00 tcpdump
22664 root      20   0   22564   5984   5236 S   0,0  0,0   0:00.00 tcpdump
22665 root      20   0   22564   5984   5236 S   0,0  0,0   0:00.00 tcpdump
22666 root      20   0   22564   6200   5316 S   0,0  0,0   0:00.00 tcpdump
22667 root      20   0   22564   6264   5376 S   0,0  0,0   0:00.00 tcpdump
22516 root      20   0  985304 118368   8912 S   1,0  0,7   0:00.21 ovs-vswitc+
22586 root      20   0  985424 118548   8912 S   1,0  0,7   0:00.31 ovs-vswitc+
22411 root      10 -10   20924   4916   4168 S   0,0  0,0   0:00.00 ovsdb-serv+
22450 root      10 -10   26456   9856   8912 S   0,0  0,1   0:00.00 ovs-vswitc+
22512 root      20   0   20912   4928   4144 S   0,0  0,0   0:00.01 ovsdb-serv+
22582 root      20   0   20912   5104   4320 S   0,0  0,0   0:00.01 ovsdb-serv+
22661 root      20   0   22564   6128   5376 S   0,0  0,0   0:00.00 tcpdump
22662 root      20   0   22564   6088   5340 S   0,0  0,0   0:00.00 tcpdump
22663 root      20   0   22564   6024   5276 S   0,0  0,0   0:00.00 tcpdump
22664 root      20   0   22564   5984   5236 S   0,0  0,0   0:00.00 tcpdump
22665 root      20   0   22564   5984   5236 S   0,0  0,0   0:00.00 tcpdump
22666 root      20   0   22564   6200   5316 S   0,0  0,0   0:00.00 tcpdump
22667 root      20   0   22564   6264   5376 S   0,0  0,0   0:00.00 tcpdump
22586 root      20   0  985424 118548   8912 S   2,0  0,7   0:00.33 ovs-vswitc+
22516 root      20   0  985304 118368   8912 S   1,0  0,7   0:00.22 ovs-vswitc+
22411 root      10 -10   20924   4916   4168 S   0,0  0,0   0:00.00 ovsdb-serv+
22450 root      10 -10   26456   9856   8912 S   0,0  0,1   0:00.00 ovs-vswitc+
22512 root      20   0   20912   4928   4144 S   0,0  0,0   0:00.01 ovsdb-serv+
22582 root      20   0   20912   5104   4320 S   0,0  0,0   0:00.01 ovsdb-serv+
22661 root      20   0   22564   6128   5376 S   0,0  0,0   0:00.00 tcpdump
22662 root      20   0   22564   6088   5340 S   0,0  0,0   0:00.00 tcpdump
22663 root      20   0   22564   6024   5276 S   0,0  0,0   0:00.00 tcpdump
22664 root      20   0   22564   5984   5236 S   0,0  0,0   0:00.00 tcpdump
22665 root      20   0   22564   5984   5236 S   0,0  0,0   0:00.00 tcpdump
22666 root      20   0   22564   6200   5316 S   0,0  0,0   0:00.00 tcpdump
22667 root      20   0   22564   6264   5376 S   0,0  0,0   0:00.00 tcpdump
22516 root      20   0  985304 118368   8912 S   1,0  0,7   0:00.23 ovs-vswitc+
22586 root      20   0  985424 118548   8912 S   1,0  0,7   0:00.34 ovs-vswitc+
22411 root      10 -10   20924   4916   4168 S   0,0  0,0   0:00.00 ovsdb-serv+
22450 root      10 -10   26456   9856   8912 S   0,0  0,1   0:00.00 ovs-vswitc+
22512 root      20   0   20912   4928   4144 S   0,0  0,0   0:00.01 ovsdb-serv+
22582 root      20   0   20912   5104   4320 S   0,0  0,0   0:00.01 ovsdb-serv+
22661 root      20   0   22564   6128   5376 S   0,0  0,0   0:00.00 tcpdump
22662 root      20   0   22564   6088   5340 S   0,0  0,0   0:00.00 tcpdump
22663 root      20   0   22564   6024   5276 S   0,0  0,0   0:00.00 tcpdump
22664 root      20   0   22564   5984   5236 S   0,0  0,0   0:00.00 tcpdump
22665 root      20   0   22564   5984   5236 S   0,0  0,0   0:00.00 tcpdump
22666 root      20   0   22564   6200   5316 S   0,0  0,0   0:00.00 tcpdump
22667 root      20   0   22564   6264   5376 S   0,0  0,0   0:00.00 tcpdump
22516 root      20   0  985304 118368   8912 S   1,0  0,7   0:00.24 ovs-vswitc+
22411 root      10 -10   20924   4916   4168 S   0,0  0,0   0:00.00 ovsdb-serv+
22450 root      10 -10   26456   9856   8912 S   0,0  0,1   0:00.00 ovs-vswitc+
22512 root      20   0   20912   4928   4144 S   0,0  0,0   0:00.01 ovsdb-serv+
22582 root      20   0   20912   5104   4320 S   0,0  0,0   0:00.01 ovsdb-serv+
22586 root      20   0  985424 118548   8912 S   0,0  0,7   0:00.34 ovs-vswitc+
22661 root      20   0   22564   6128   5376 S   0,0  0,0   0:00.00 tcpdump
22662 root      20   0   22564   6088   5340 S   0,0  0,0   0:00.00 tcpdump
22663 root      20   0   22564   6024   5276 S   0,0  0,0   0:00.00 tcpdump
22664 root      20   0   22564   5984   5236 S   0,0  0,0   0:00.00 tcpdump
22665 root      20   0   22564   5984   5236 S   0,0  0,0   0:00.00 tcpdump
22666 root      20   0   22564   6200   5316 S   0,0  0,0   0:00.00 tcpdump
22667 root      20   0   22564   6264   5376 S   0,0  0,0   0:00.00 tcpdump
22586 root      20   0  985424 118548   8912 S   2,0  0,7   0:00.36 ovs-vswitc+
22516 root      20   0  985304 118368   8912 S   1,0  0,7   0:00.25 ovs-vswitc+
22411 root      10 -10   20924   4916   4168 S   0,0  0,0   0:00.00 ovsdb-serv+
22450 root      10 -10   26456   9856   8912 S   0,0  0,1   0:00.00 ovs-vswitc+
22512 root      20   0   20912   4928   4144 S   0,0  0,0   0:00.01 ovsdb-serv+
22582 root      20   0   20912   5104   4320 S   0,0  0,0   0:00.01 ovsdb-serv+
22661 root      20   0   22564   6128   5376 S   0,0  0,0   0:00.00 tcpdump
22662 root      20   0   22564   6088   5340 S   0,0  0,0   0:00.00 tcpdump
22663 root      20   0   22564   6024   5276 S   0,0  0,0   0:00.00 tcpdump
22664 root      20   0   22564   5984   5236 S   0,0  0,0   0:00.00 tcpdump
22665 root      20   0   22564   5984   5236 S   0,0  0,0   0:00.00 tcpdump
22666 root      20   0   22564   6200   5316 S   0,0  0,0   0:00.00 tcpdump
22667 root      20   0   22564   6264   5376 S   0,0  0,0   0:00.00 tcpdump
22516 root      20   0  985304 118368   8912 S   1,0  0,7   0:00.26 ovs-vswitc+
22586 root      20   0  985424 118548   8912 S   1,0  0,7   0:00.37 ovs-vswitc+
22411 root      10 -10   20924   4916   4168 S   0,0  0,0   0:00.00 ovsdb-serv+
22450 root      10 -10   26456   9856   8912 S   0,0  0,1   0:00.00 ovs-vswitc+
22512 root      20   0   20912   4928   4144 S   0,0  0,0   0:00.01 ovsdb-serv+
22582 root      20   0   20912   5104   4320 S   0,0  0,0   0:00.01 ovsdb-serv+
22661 root      20   0   22564   6128   5376 S   0,0  0,0   0:00.00 tcpdump
22662 root      20   0   22564   6088   5340 S   0,0  0,0   0:00.00 tcpdump
22663 root      20   0   22564   6024   5276 S   0,0  0,0   0:00.00 tcpdump
22664 root      20   0   22564   5984   5236 S   0,0  0,0   0:00.00 tcpdump
22665 root      20   0   22564   5984   5236 S   0,0  0,0   0:00.00 tcpdump
22666 root      20   0   22564   6200   5316 S   0,0  0,0   0:00.00 tcpdump
22667 root      20   0   22564   6264   5376 S   0,0  0,0   0:00.00 tcpdump
22516 root      20   0  985412 118544   8912 S   2,0  0,7   0:00.28 ovs-vswitc+
22586 root      20   0  985424 118548   8912 S   1,0  0,7   0:00.38 ovs-vswitc+
22411 root      10 -10   20924   4916   4168 S   0,0  0,0   0:00.00 ovsdb-serv+
22450 root      10 -10   26456   9856   8912 S   0,0  0,1   0:00.00 ovs-vswitc+
22512 root      20   0   20912   4928   4144 S   0,0  0,0   0:00.01 ovsdb-serv+
22582 root      20   0   20912   5104   4320 S   0,0  0,0   0:00.01 ovsdb-serv+
22661 root      20   0   22564   6128   5376 S   0,0  0,0   0:00.00 tcpdump
22662 root      20   0   22564   6088   5340 S   0,0  0,0   0:00.00 tcpdump
22663 root      20   0   22564   6024   5276 S   0,0  0,0   0:00.00 tcpdump
22664 root      20   0   22564   5984   5236 S   0,0  0,0   0:00.00 tcpdump
22665 root      20   0   22564   5984   5236 S   0,0  0,0   0:00.00 tcpdump
22666 root      20   0   22564   6200   5316 S   0,0  0,0   0:00.00 tcpdump
22667 root      20   0   22564   6264   5376 S   0,0  0,0   0:00.00 tcpdump
22582 root      20   0   20912   5104   4320 S   1,0  0,0   0:00.02 ovsdb-serv+
22586 root      20   0  985424 118548   8912 S   1,0  0,7   0:00.39 ovs-vswitc+
22411 root      10 -10   20924   4916   4168 S   0,0  0,0   0:00.00 ovsdb-serv+
22450 root      10 -10   26456   9856   8912 S   0,0  0,1   0:00.00 ovs-vswitc+
22512 root      20   0   20912   4928   4144 S   0,0  0,0   0:00.01 ovsdb-serv+
22516 root      20   0  985412 118544   8912 S   0,0  0,7   0:00.28 ovs-vswitc+
22661 root      20   0   22564   6128   5376 S   0,0  0,0   0:00.00 tcpdump
22662 root      20   0   22564   6088   5340 S   0,0  0,0   0:00.00 tcpdump
22663 root      20   0   22564   6024   5276 S   0,0  0,0   0:00.00 tcpdump
22664 root      20   0   22564   5984   5236 S   0,0  0,0   0:00.00 tcpdump
22665 root      20   0   22564   5984   5236 S   0,0  0,0   0:00.00 tcpdump
22666 root      20   0   22564   6200   5316 S   0,0  0,0   0:00.00 tcpdump
22667 root      20   0   22564   6264   5376 S   0,0  0,0   0:00.00 tcpdump
22516 root      20   0  985412 118544   8912 S   2,0  0,7   0:00.30 ovs-vswitc+
22586 root      20   0  985424 118548   8912 S   2,0  0,7   0:00.41 ovs-vswitc+
22411 root      10 -10   20924   4916   4168 S   0,0  0,0   0:00.00 ovsdb-serv+
22450 root      10 -10   26456   9856   8912 S   0,0  0,1   0:00.00 ovs-vswitc+
22512 root      20   0   20912   4928   4144 S   0,0  0,0   0:00.01 ovsdb-serv+
22582 root      20   0   20912   5104   4320 S   0,0  0,0   0:00.02 ovsdb-serv+
22661 root      20   0   22564   6128   5376 S   0,0  0,0   0:00.00 tcpdump
22662 root      20   0   22564   6088   5340 S   0,0  0,0   0:00.00 tcpdump
22663 root      20   0   22564   6024   5276 S   0,0  0,0   0:00.00 tcpdump
22664 root      20   0   22564   5984   5236 S   0,0  0,0   0:00.00 tcpdump
22665 root      20   0   22564   5984   5236 S   0,0  0,0   0:00.00 tcpdump
22666 root      20   0   22564   6200   5316 S   0,0  0,0   0:00.00 tcpdump
22667 root      20   0   22564   6264   5376 S   0,0  0,0   0:00.00 tcpdump
22516 root      20   0  985412 118544   8912 S   1,0  0,7   0:00.31 ovs-vswitc+
22586 root      20   0  985424 118548   8912 S   1,0  0,7   0:00.42 ovs-vswitc+
22411 root      10 -10   20924   4916   4168 S   0,0  0,0   0:00.00 ovsdb-serv+
22450 root      10 -10   26456   9856   8912 S   0,0  0,1   0:00.00 ovs-vswitc+
22512 root      20   0   20912   4928   4144 S   0,0  0,0   0:00.01 ovsdb-serv+
22582 root      20   0   20912   5104   4320 S   0,0  0,0   0:00.02 ovsdb-serv+
22661 root      20   0   22564   6128   5376 S   0,0  0,0   0:00.00 tcpdump
22662 root      20   0   22564   6088   5340 S   0,0  0,0   0:00.00 tcpdump
22663 root      20   0   22564   6024   5276 S   0,0  0,0   0:00.00 tcpdump
22664 root      20   0   22564   5984   5236 S   0,0  0,0   0:00.00 tcpdump
22665 root      20   0   22564   5984   5236 S   0,0  0,0   0:00.00 tcpdump
22666 root      20   0   22564   6200   5316 S   0,0  0,0   0:00.00 tcpdump
22667 root      20   0   22564   6264   5376 S   0,0  0,0   0:00.00 tcpdump
22516 root      20   0  985412 118544   8912 S   2,0  0,7   0:00.33 ovs-vswitc+
22586 root      20   0  985424 118548   8912 R   2,0  0,7   0:00.44 ovs-vswitc+
22411 root      10 -10   20924   4916   4168 S   0,0  0,0   0:00.00 ovsdb-serv+
22450 root      10 -10   26456   9856   8912 S   0,0  0,1   0:00.00 ovs-vswitc+
22512 root      20   0   20912   4928   4144 S   0,0  0,0   0:00.01 ovsdb-serv+
22582 root      20   0   20912   5104   4320 S   0,0  0,0   0:00.02 ovsdb-serv+
22661 root      20   0   22564   6128   5376 S   0,0  0,0   0:00.00 tcpdump
22662 root      20   0   22564   6088   5340 S   0,0  0,0   0:00.00 tcpdump
22663 root      20   0   22564   6024   5276 S   0,0  0,0   0:00.00 tcpdump
22664 root      20   0   22564   5984   5236 S   0,0  0,0   0:00.00 tcpdump
22665 root      20   0   22564   5984   5236 S   0,0  0,0   0:00.00 tcpdump
22666 root      20   0   22564   6200   5316 S   0,0  0,0   0:00.00 tcpdump
22667 root      20   0   22564   6264   5376 S   0,0  0,0   0:00.00 tcpdump
22516 root      20   0  985412 138336   8912 R 144,1  0,8   0:01.80 ovs-vswitc+
22586 root      20   0  985424 140980   8912 S 133,3  0,9   0:01.80 ovs-vswitc+
22411 root      10 -10   20924   4916   4168 S   0,0  0,0   0:00.00 ovsdb-serv+
22450 root      10 -10   26456   9856   8912 S   0,0  0,1   0:00.00 ovs-vswitc+
22512 root      20   0   20912   4928   4144 S   0,0  0,0   0:00.01 ovsdb-serv+
22582 root      20   0   20912   5104   4320 S   0,0  0,0   0:00.02 ovsdb-serv+
22661 root      20   0   22564   6128   5376 S   0,0  0,0   0:00.00 tcpdump
22662 root      20   0   22564   6088   5340 S   0,0  0,0   0:00.00 tcpdump
22663 root      20   0   22564   6024   5276 S   0,0  0,0   0:00.00 tcpdump
22664 root      20   0   22564   5984   5236 S   0,0  0,0   0:00.00 tcpdump
22665 root      20   0   22564   5984   5236 S   0,0  0,0   0:00.00 tcpdump
22666 root      20   0   22564   6200   5316 S   0,0  0,0   0:00.00 tcpdump
22667 root      20   0   22564   6264   5376 S   0,0  0,0   0:00.00 tcpdump
22516 root      20   0  985412 138336   8912 S 144,6  0,8   0:03.26 ovs-vswitc+
22586 root      20   0  985424 140980   8912 S 139,6  0,9   0:03.21 ovs-vswitc+
22411 root      10 -10   20924   4916   4168 S   0,0  0,0   0:00.00 ovsdb-serv+
22450 root      10 -10   26456   9856   8912 S   0,0  0,1   0:00.00 ovs-vswitc+
22512 root      20   0   20912   4928   4144 S   0,0  0,0   0:00.01 ovsdb-serv+
22582 root      20   0   20912   5104   4320 S   0,0  0,0   0:00.02 ovsdb-serv+
22661 root      20   0   22564   6128   5376 S   0,0  0,0   0:00.00 tcpdump
22662 root      20   0   22564   6088   5340 S   0,0  0,0   0:00.00 tcpdump
22663 root      20   0   22564   6024   5276 S   0,0  0,0   0:00.00 tcpdump
22664 root      20   0   22564   5984   5236 S   0,0  0,0   0:00.00 tcpdump
22665 root      20   0   22564   5984   5236 S   0,0  0,0   0:00.00 tcpdump
22666 root      20   0   22564   6200   5316 S   0,0  0,0   0:00.00 tcpdump
22667 root      20   0   22564   6264   5376 S   0,0  0,0   0:00.00 tcpdump
22516 root      20   0  985412 143880   8912 R 148,5  0,9   0:04.76 ovs-vswitc+
22586 root      20   0  985424 143884   8912 S 138,6  0,9   0:04.61 ovs-vswitc+
22663 root      20   0   22564   6024   5276 S   1,0  0,0   0:00.01 tcpdump
22411 root      10 -10   20924   4916   4168 S   0,0  0,0   0:00.00 ovsdb-serv+
22450 root      10 -10   26456   9856   8912 S   0,0  0,1   0:00.00 ovs-vswitc+
22512 root      20   0   20912   4928   4144 S   0,0  0,0   0:00.01 ovsdb-serv+
22582 root      20   0   20912   5104   4320 S   0,0  0,0   0:00.02 ovsdb-serv+
22661 root      20   0   22564   6128   5376 S   0,0  0,0   0:00.00 tcpdump
22662 root      20   0   22564   6088   5340 S   0,0  0,0   0:00.00 tcpdump
22664 root      20   0   22564   5984   5236 S   0,0  0,0   0:00.00 tcpdump
22665 root      20   0   22564   5984   5236 S   0,0  0,0   0:00.00 tcpdump
22666 root      20   0   22564   6200   5316 S   0,0  0,0   0:00.00 tcpdump
22667 root      20   0   22564   6264   5376 S   0,0  0,0   0:00.00 tcpdump
22516 root      20   0  985412 143880   8912 S  49,5  0,9   0:05.26 ovs-vswitc+
22586 root      20   0  985424 143884   8912 S  46,5  0,9   0:05.08 ovs-vswitc+
22665 root      20   0   22564   5984   5236 S   1,0  0,0   0:00.01 tcpdump
22411 root      10 -10   20924   4916   4168 S   0,0  0,0   0:00.00 ovsdb-serv+
22450 root      10 -10   26456   9856   8912 S   0,0  0,1   0:00.00 ovs-vswitc+
22512 root      20   0   20912   4928   4144 S   0,0  0,0   0:00.01 ovsdb-serv+
22582 root      20   0   20912   5104   4320 S   0,0  0,0   0:00.02 ovsdb-serv+
22661 root      20   0   22564   6128   5376 S   0,0  0,0   0:00.00 tcpdump
22662 root      20   0   22564   6088   5340 S   0,0  0,0   0:00.00 tcpdump
22663 root      20   0   22564   6024   5276 S   0,0  0,0   0:00.01 tcpdump
22664 root      20   0   22564   5984   5236 S   0,0  0,0   0:00.00 tcpdump
22666 root      20   0   22564   6200   5316 S   0,0  0,0   0:00.00 tcpdump
22667 root      20   0   22564   6264   5376 S   0,0  0,0   0:00.00 tcpdump
22586 root      20   0  985424 143884   8912 S   4,0  0,9   0:05.12 ovs-vswitc+
22516 root      20   0  985412 143880   8912 S   3,0  0,9   0:05.29 ovs-vswitc+
22411 root      10 -10   20924   4916   4168 S   0,0  0,0   0:00.00 ovsdb-serv+
22450 root      10 -10   26456   9856   8912 S   0,0  0,1   0:00.00 ovs-vswitc+
22512 root      20   0   20912   4928   4144 S   0,0  0,0   0:00.01 ovsdb-serv+
22582 root      20   0   20912   5104   4320 S   0,0  0,0   0:00.02 ovsdb-serv+
22661 root      20   0   22564   6128   5376 S   0,0  0,0   0:00.00 tcpdump
22662 root      20   0   22564   6088   5340 S   0,0  0,0   0:00.00 tcpdump
22663 root      20   0   22564   6024   5276 S   0,0  0,0   0:00.01 tcpdump
22664 root      20   0   22564   5984   5236 S   0,0  0,0   0:00.00 tcpdump
22665 root      20   0   22564   5984   5236 S   0,0  0,0   0:00.01 tcpdump
22666 root      20   0   22564   6200   5316 S   0,0  0,0   0:00.00 tcpdump
22667 root      20   0   22564   6264   5376 S   0,0  0,0   0:00.00 tcpdump
22516 root      20   0  985412 143880   8912 S   4,0  0,9   0:05.33 ovs-vswitc+
22586 root      20   0  985424 143884   8912 S   3,0  0,9   0:05.15 ovs-vswitc+
22411 root      10 -10   20924   4916   4168 S   0,0  0,0   0:00.00 ovsdb-serv+
22450 root      10 -10   26456   9856   8912 S   0,0  0,1   0:00.00 ovs-vswitc+
22512 root      20   0   20912   4928   4144 S   0,0  0,0   0:00.01 ovsdb-serv+
22582 root      20   0   20912   5104   4320 S   0,0  0,0   0:00.02 ovsdb-serv+
22661 root      20   0   22564   6128   5376 S   0,0  0,0   0:00.00 tcpdump
22662 root      20   0   22564   6088   5340 S   0,0  0,0   0:00.00 tcpdump
22663 root      20   0   22564   6024   5276 S   0,0  0,0   0:00.01 tcpdump
22664 root      20   0   22564   5984   5236 S   0,0  0,0   0:00.00 tcpdump
22665 root      20   0   22564   5984   5236 S   0,0  0,0   0:00.01 tcpdump
22666 root      20   0   22564   6200   5316 S   0,0  0,0   0:00.00 tcpdump
22667 root      20   0   22564   6264   5376 S   0,0  0,0   0:00.00 tcpdump
22516 root      20   0  985412 143880   8912 S   3,9  0,9   0:05.37 ovs-vswitc+
22586 root      20   0  985460 143932   8912 S   3,9  0,9   0:05.19 ovs-vswitc+
22411 root      10 -10   20924   4916   4168 S   0,0  0,0   0:00.00 ovsdb-serv+
22450 root      10 -10   26456   9856   8912 S   0,0  0,1   0:00.00 ovs-vswitc+
22512 root      20   0   20912   4928   4144 S   0,0  0,0   0:00.01 ovsdb-serv+
22582 root      20   0   20912   5104   4320 S   0,0  0,0   0:00.02 ovsdb-serv+
22661 root      20   0   22564   6128   5376 S   0,0  0,0   0:00.00 tcpdump
22662 root      20   0   22564   6088   5340 S   0,0  0,0   0:00.00 tcpdump
22663 root      20   0   22564   6024   5276 S   0,0  0,0   0:00.01 tcpdump
22664 root      20   0   22564   5984   5236 S   0,0  0,0   0:00.00 tcpdump
22665 root      20   0   22564   5984   5236 S   0,0  0,0   0:00.01 tcpdump
22666 root      20   0   22564   6200   5316 S   0,0  0,0   0:00.00 tcpdump
22667 root      20   0   22564   6264   5376 S   0,0  0,0   0:00.00 tcpdump
22516 root      20   0  985412 143880   8912 S   4,0  0,9   0:05.41 ovs-vswitc+
22586 root      20   0  985460 143932   8912 S   4,0  0,9   0:05.23 ovs-vswitc+
22411 root      10 -10   20924   4916   4168 S   0,0  0,0   0:00.00 ovsdb-serv+
22450 root      10 -10   26456   9856   8912 S   0,0  0,1   0:00.00 ovs-vswitc+
22512 root      20   0   20912   4928   4144 S   0,0  0,0   0:00.01 ovsdb-serv+
22582 root      20   0   20912   5104   4320 S   0,0  0,0   0:00.02 ovsdb-serv+
22661 root      20   0   22564   6128   5376 S   0,0  0,0   0:00.00 tcpdump
22662 root      20   0   22564   6088   5340 S   0,0  0,0   0:00.00 tcpdump
22663 root      20   0   22564   6024   5276 S   0,0  0,0   0:00.01 tcpdump
22664 root      20   0   22564   5984   5236 S   0,0  0,0   0:00.00 tcpdump
22665 root      20   0   22564   5984   5236 S   0,0  0,0   0:00.01 tcpdump
22666 root      20   0   22564   6200   5316 S   0,0  0,0   0:00.00 tcpdump
22667 root      20   0   22564   6264   5376 S   0,0  0,0   0:00.00 tcpdump
22516 root      20   0  985412 143880   8912 S   5,0  0,9   0:05.46 ovs-vswitc+
22586 root      20   0  985460 143932   8912 S   5,0  0,9   0:05.28 ovs-vswitc+
22411 root      10 -10   20924   4916   4168 S   0,0  0,0   0:00.00 ovsdb-serv+
22450 root      10 -10   26456   9856   8912 S   0,0  0,1   0:00.00 ovs-vswitc+
22512 root      20   0   20912   4928   4144 S   0,0  0,0   0:00.01 ovsdb-serv+
22582 root      20   0   20912   5104   4320 S   0,0  0,0   0:00.02 ovsdb-serv+
22661 root      20   0   22564   6128   5376 S   0,0  0,0   0:00.00 tcpdump
22662 root      20   0   22564   6088   5340 S   0,0  0,0   0:00.00 tcpdump
22663 root      20   0   22564   6024   5276 S   0,0  0,0   0:00.01 tcpdump
22664 root      20   0   22564   5984   5236 S   0,0  0,0   0:00.00 tcpdump
22665 root      20   0   22564   5984   5236 S   0,0  0,0   0:00.01 tcpdump
22666 root      20   0   22564   6200   5316 S   0,0  0,0   0:00.00 tcpdump
22667 root      20   0   22564   6264   5376 S   0,0  0,0   0:00.00 tcpdump
22516 root      20   0  985412 143880   8912 S   4,9  0,9   0:05.51 ovs-vswitc+
22586 root      20   0  985460 143932   8912 S   4,9  0,9   0:05.33 ovs-vswitc+
22411 root      10 -10   20924   4916   4168 S   0,0  0,0   0:00.00 ovsdb-serv+
22450 root      10 -10   26456   9856   8912 S   0,0  0,1   0:00.00 ovs-vswitc+
22512 root      20   0   20912   4928   4144 S   0,0  0,0   0:00.01 ovsdb-serv+
22582 root      20   0   20912   5104   4320 S   0,0  0,0   0:00.02 ovsdb-serv+
22661 root      20   0   22564   6128   5376 S   0,0  0,0   0:00.00 tcpdump
22662 root      20   0   22564   6088   5340 S   0,0  0,0   0:00.00 tcpdump
22663 root      20   0   22564   6024   5276 S   0,0  0,0   0:00.01 tcpdump
22664 root      20   0   22564   5984   5236 S   0,0  0,0   0:00.00 tcpdump
22665 root      20   0   22564   5984   5236 S   0,0  0,0   0:00.01 tcpdump
22666 root      20   0   22564   6200   5316 S   0,0  0,0   0:00.00 tcpdump
22667 root      20   0   22564   6264   5376 S   0,0  0,0   0:00.00 tcpdump
22516 root      20   0  985412 143880   8912 S   5,0  0,9   0:05.56 ovs-vswitc+
22586 root      20   0  985460 143932   8912 S   4,0  0,9   0:05.37 ovs-vswitc+
22411 root      10 -10   20924   4916   4168 S   0,0  0,0   0:00.00 ovsdb-serv+
22450 root      10 -10   26456   9856   8912 S   0,0  0,1   0:00.00 ovs-vswitc+
22512 root      20   0   20912   4928   4144 S   0,0  0,0   0:00.01 ovsdb-serv+
22582 root      20   0   20912   5104   4320 S   0,0  0,0   0:00.02 ovsdb-serv+
22661 root      20   0   22564   6128   5376 S   0,0  0,0   0:00.00 tcpdump
22662 root      20   0   22564   6088   5340 S   0,0  0,0   0:00.00 tcpdump
22663 root      20   0   22564   6024   5276 S   0,0  0,0   0:00.01 tcpdump
22664 root      20   0   22564   5984   5236 S   0,0  0,0   0:00.00 tcpdump
22665 root      20   0   22564   5984   5236 S   0,0  0,0   0:00.01 tcpdump
22666 root      20   0   22564   6200   5316 S   0,0  0,0   0:00.00 tcpdump
22667 root      20   0   22564   6264   5376 S   0,0  0,0   0:00.00 tcpdump
22586 root      20   0  985460 143932   8912 S   5,0  0,9   0:05.42 ovs-vswitc+
22516 root      20   0  985412 143880   8912 S   4,0  0,9   0:05.60 ovs-vswitc+
22411 root      10 -10   20924   4916   4168 S   0,0  0,0   0:00.00 ovsdb-serv+
22450 root      10 -10   26456   9856   8912 S   0,0  0,1   0:00.00 ovs-vswitc+
22512 root      20   0   20912   4928   4144 S   0,0  0,0   0:00.01 ovsdb-serv+
22582 root      20   0   20912   5104   4320 S   0,0  0,0   0:00.02 ovsdb-serv+
22661 root      20   0   22564   6128   5376 S   0,0  0,0   0:00.00 tcpdump
22662 root      20   0   22564   6088   5340 S   0,0  0,0   0:00.00 tcpdump
22663 root      20   0   22564   6024   5276 S   0,0  0,0   0:00.01 tcpdump
22664 root      20   0   22564   5984   5236 S   0,0  0,0   0:00.00 tcpdump
22665 root      20   0   22564   5984   5236 S   0,0  0,0   0:00.01 tcpdump
22666 root      20   0   22564   6200   5316 S   0,0  0,0   0:00.00 tcpdump
22667 root      20   0   22564   6264   5376 S   0,0  0,0   0:00.00 tcpdump
22516 root      20   0  985412 143880   8912 S   5,9  0,9   0:05.66 ovs-vswitc+
22586 root      20   0  985460 143932   8912 S   5,9  0,9   0:05.48 ovs-vswitc+
22411 root      10 -10   20924   4916   4168 S   0,0  0,0   0:00.00 ovsdb-serv+
22450 root      10 -10   26456   9856   8912 S   0,0  0,1   0:00.00 ovs-vswitc+
22512 root      20   0   20912   4928   4144 S   0,0  0,0   0:00.01 ovsdb-serv+
22582 root      20   0   20912   5104   4320 S   0,0  0,0   0:00.02 ovsdb-serv+
22661 root      20   0   22564   6128   5376 S   0,0  0,0   0:00.00 tcpdump
22662 root      20   0   22564   6088   5340 S   0,0  0,0   0:00.00 tcpdump
22663 root      20   0   22564   6024   5276 S   0,0  0,0   0:00.01 tcpdump
22664 root      20   0   22564   5984   5236 S   0,0  0,0   0:00.00 tcpdump
22665 root      20   0   22564   5984   5236 S   0,0  0,0   0:00.01 tcpdump
22666 root      20   0   22564   6200   5316 S   0,0  0,0   0:00.00 tcpdump
22667 root      20   0   22564   6264   5376 S   0,0  0,0   0:00.00 tcpdump
22516 root      20   0  985412 143880   8912 S   5,0  0,9   0:05.71 ovs-vswitc+
22586 root      20   0  985460 143932   8912 S   3,0  0,9   0:05.51 ovs-vswitc+
22512 root      20   0   20912   4928   4144 S   1,0  0,0   0:00.02 ovsdb-serv+
22411 root      10 -10   20924   4916   4168 S   0,0  0,0   0:00.00 ovsdb-serv+
22450 root      10 -10   26456   9856   8912 S   0,0  0,1   0:00.00 ovs-vswitc+
22582 root      20   0   20912   5104   4320 S   0,0  0,0   0:00.02 ovsdb-serv+
22661 root      20   0   22564   6128   5376 S   0,0  0,0   0:00.00 tcpdump
22662 root      20   0   22564   6088   5340 S   0,0  0,0   0:00.00 tcpdump
22663 root      20   0   22564   6024   5276 S   0,0  0,0   0:00.01 tcpdump
22664 root      20   0   22564   5984   5236 S   0,0  0,0   0:00.00 tcpdump
22665 root      20   0   22564   5984   5236 S   0,0  0,0   0:00.01 tcpdump
22666 root      20   0   22564   6200   5316 S   0,0  0,0   0:00.00 tcpdump
22667 root      20   0   22564   6264   5376 S   0,0  0,0   0:00.00 tcpdump
22586 root      20   0  985460 143932   8912 S   2,0  0,9   0:05.53 ovs-vswitc+
22516 root      20   0  985412 143880   8912 S   1,0  0,9   0:05.72 ovs-vswitc+
22411 root      10 -10   20924   4916   4168 S   0,0  0,0   0:00.00 ovsdb-serv+
22450 root      10 -10   26456   9856   8912 S   0,0  0,1   0:00.00 ovs-vswitc+
22512 root      20   0   20912   4928   4144 S   0,0  0,0   0:00.02 ovsdb-serv+
22582 root      20   0   20912   5104   4320 S   0,0  0,0   0:00.02 ovsdb-serv+
22661 root      20   0   22564   6128   5376 S   0,0  0,0   0:00.00 tcpdump
22662 root      20   0   22564   6088   5340 S   0,0  0,0   0:00.00 tcpdump
22663 root      20   0   22564   6024   5276 S   0,0  0,0   0:00.01 tcpdump
22664 root      20   0   22564   5984   5236 S   0,0  0,0   0:00.00 tcpdump
22665 root      20   0   22564   5984   5236 S   0,0  0,0   0:00.01 tcpdump
22666 root      20   0   22564   6200   5316 S   0,0  0,0   0:00.00 tcpdump
22667 root      20   0   22564   6264   5376 S   0,0  0,0   0:00.00 tcpdump
22516 root      20   0  985412 143880   8912 S   1,0  0,9   0:05.73 ovs-vswitc+
22586 root      20   0  985460 143932   8912 S   1,0  0,9   0:05.54 ovs-vswitc+
22411 root      10 -10   20924   4916   4168 S   0,0  0,0   0:00.00 ovsdb-serv+
22450 root      10 -10   26456   9856   8912 S   0,0  0,1   0:00.00 ovs-vswitc+
22512 root      20   0   20912   4928   4144 S   0,0  0,0   0:00.02 ovsdb-serv+
22582 root      20   0   20912   5104   4320 S   0,0  0,0   0:00.02 ovsdb-serv+
22661 root      20   0   22564   6128   5376 S   0,0  0,0   0:00.00 tcpdump
22662 root      20   0   22564   6088   5340 S   0,0  0,0   0:00.00 tcpdump
22663 root      20   0   22564   6024   5276 S   0,0  0,0   0:00.01 tcpdump
22664 root      20   0   22564   5984   5236 S   0,0  0,0   0:00.00 tcpdump
22665 root      20   0   22564   5984   5236 S   0,0  0,0   0:00.01 tcpdump
22666 root      20   0   22564   6200   5316 S   0,0  0,0   0:00.00 tcpdump
22667 root      20   0   22564   6264   5376 S   0,0  0,0   0:00.00 tcpdump
22516 root      20   0  985412 143880   8912 S   1,0  0,9   0:05.74 ovs-vswitc+
22411 root      10 -10   20924   4916   4168 S   0,0  0,0   0:00.00 ovsdb-serv+
22450 root      10 -10   26456   9856   8912 S   0,0  0,1   0:00.00 ovs-vswitc+
22512 root      20   0   20912   4928   4144 S   0,0  0,0   0:00.02 ovsdb-serv+
22582 root      20   0   20912   5104   4320 S   0,0  0,0   0:00.02 ovsdb-serv+
22586 root      20   0  985460 143932   8912 S   0,0  0,9   0:05.54 ovs-vswitc+
22661 root      20   0   22564   6128   5376 S   0,0  0,0   0:00.00 tcpdump
22662 root      20   0   22564   6088   5340 S   0,0  0,0   0:00.00 tcpdump
22663 root      20   0   22564   6024   5276 S   0,0  0,0   0:00.01 tcpdump
22664 root      20   0   22564   5984   5236 S   0,0  0,0   0:00.00 tcpdump
22665 root      20   0   22564   5984   5236 S   0,0  0,0   0:00.01 tcpdump
22666 root      20   0   22564   6200   5316 S   0,0  0,0   0:00.00 tcpdump
22667 root      20   0   22564   6264   5376 S   0,0  0,0   0:00.00 tcpdump
22586 root      20   0  985460 143932   8912 S   2,0  0,9   0:05.56 ovs-vswitc+
22516 root      20   0  985444 143912   8912 S   1,0  0,9   0:05.75 ovs-vswitc+
22411 root      10 -10   20924   4916   4168 S   0,0  0,0   0:00.00 ovsdb-serv+
22450 root      10 -10   26456   9856   8912 S   0,0  0,1   0:00.00 ovs-vswitc+
22512 root      20   0   20912   4928   4144 S   0,0  0,0   0:00.02 ovsdb-serv+
22582 root      20   0   20912   5104   4320 S   0,0  0,0   0:00.02 ovsdb-serv+
22661 root      20   0   22564   6128   5376 S   0,0  0,0   0:00.00 tcpdump
22662 root      20   0   22564   6088   5340 S   0,0  0,0   0:00.00 tcpdump
22663 root      20   0   22564   6024   5276 S   0,0  0,0   0:00.01 tcpdump
22664 root      20   0   22564   5984   5236 S   0,0  0,0   0:00.00 tcpdump
22665 root      20   0   22564   5984   5236 S   0,0  0,0   0:00.01 tcpdump
22666 root      20   0   22564   6200   5316 S   0,0  0,0   0:00.00 tcpdump
22667 root      20   0   22564   6264   5376 S   0,0  0,0   0:00.00 tcpdump
22516 root      20   0  985444 143912   8912 S   2,0  0,9   0:05.77 ovs-vswitc+
22411 root      10 -10   20924   4916   4168 S   0,0  0,0   0:00.00 ovsdb-serv+
22450 root      10 -10   26456   9856   8912 S   0,0  0,1   0:00.00 ovs-vswitc+
22512 root      20   0   20912   4928   4144 S   0,0  0,0   0:00.02 ovsdb-serv+
22582 root      20   0   20912   5104   4320 S   0,0  0,0   0:00.02 ovsdb-serv+
22586 root      20   0  985460 143932   8912 S   0,0  0,9   0:05.56 ovs-vswitc+
22661 root      20   0   22564   6128   5376 S   0,0  0,0   0:00.00 tcpdump
22662 root      20   0   22564   6088   5340 S   0,0  0,0   0:00.00 tcpdump
22663 root      20   0   22564   6024   5276 S   0,0  0,0   0:00.01 tcpdump
22664 root      20   0   22564   5984   5236 S   0,0  0,0   0:00.00 tcpdump
22665 root      20   0   22564   5984   5236 S   0,0  0,0   0:00.01 tcpdump
22666 root      20   0   22564   6200   5316 S   0,0  0,0   0:00.00 tcpdump
22667 root      20   0   22564   6264   5376 S   0,0  0,0   0:00.00 tcpdump
22586 root      20   0  985460 143932   8912 S   1,0  0,9   0:05.57 ovs-vswitc+
22411 root      10 -10   20924   4916   4168 S   0,0  0,0   0:00.00 ovsdb-serv+
22450 root      10 -10   26456   9856   8912 S   0,0  0,1   0:00.00 ovs-vswitc+
22512 root      20   0   20912   4928   4144 S   0,0  0,0   0:00.02 ovsdb-serv+
22516 root      20   0  985444 143912   8912 S   0,0  0,9   0:05.77 ovs-vswitc+
22582 root      20   0   20912   5104   4320 S   0,0  0,0   0:00.02 ovsdb-serv+
22661 root      20   0   22564   6128   5376 S   0,0  0,0   0:00.00 tcpdump
22662 root      20   0   22564   6088   5340 S   0,0  0,0   0:00.00 tcpdump
22663 root      20   0   22564   6024   5276 S   0,0  0,0   0:00.01 tcpdump
22664 root      20   0   22564   5984   5236 S   0,0  0,0   0:00.00 tcpdump
22665 root      20   0   22564   5984   5236 S   0,0  0,0   0:00.01 tcpdump
22666 root      20   0   22564   6200   5316 S   0,0  0,0   0:00.00 tcpdump
22667 root      20   0   22564   6264   5376 S   0,0  0,0   0:00.00 tcpdump
22586 root      20   0  985460 143932   8912 S   2,0  0,9   0:05.59 ovs-vswitc+
22516 root      20   0  985444 143912   8912 S   1,0  0,9   0:05.78 ovs-vswitc+
22411 root      10 -10   20924   4916   4168 S   0,0  0,0   0:00.00 ovsdb-serv+
22450 root      10 -10   26456   9856   8912 S   0,0  0,1   0:00.00 ovs-vswitc+
22512 root      20   0   20912   4928   4144 S   0,0  0,0   0:00.02 ovsdb-serv+
22582 root      20   0   20912   5104   4320 S   0,0  0,0   0:00.02 ovsdb-serv+
22661 root      20   0   22564   6128   5376 S  