20823 root      20   0  985304 118368   8912 S  12,5  0,7   0:00.15 ovs-vswitc+
20753 root      20   0  985304 118364   8912 S   6,2  0,7   0:00.18 ovs-vswitc+
20651 root      10 -10   20924   4824   4064 S   0,0  0,0   0:00.00 ovsdb-serv+
20691 root      10 -10   26456   9856   8912 S   0,0  0,1   0:00.00 ovs-vswitc+
20749 root      20   0   20912   5092   4308 S   0,0  0,0   0:00.02 ovsdb-serv+
20819 root      20   0   20912   5012   4228 S   0,0  0,0   0:00.01 ovsdb-serv+
20899 root      20   0   22564   6016   5264 S   0,0  0,0   0:00.00 tcpdump
20900 root      20   0   22564   6080   5332 S   0,0  0,0   0:00.00 tcpdump
20901 root      20   0   22564   6048   5300 S   0,0  0,0   0:00.00 tcpdump
20902 root      20   0   22564   5944   5196 S   0,0  0,0   0:00.00 tcpdump
20903 root      20   0   22564   6116   5368 S   0,0  0,0   0:00.00 tcpdump
20904 root      20   0   22564   6092   5208 S   0,0  0,0   0:00.00 tcpdump
20905 root      20   0   22564   6256   5376 S   0,0  0,0   0:00.00 tcpdump
20753 root      20   0  985304 118364   8912 S   1,0  0,7   0:00.19 ovs-vswitc+
20823 root      20   0  985304 118368   8912 S   1,0  0,7   0:00.16 ovs-vswitc+
20651 root      10 -10   20924   4824   4064 S   0,0  0,0   0:00.00 ovsdb-serv+
20691 root      10 -10   26456   9856   8912 S   0,0  0,1   0:00.00 ovs-vswitc+
20749 root      20   0   20912   5092   4308 S   0,0  0,0   0:00.02 ovsdb-serv+
20819 root      20   0   20912   5012   4228 S   0,0  0,0   0:00.01 ovsdb-serv+
20899 root      20   0   22564   6016   5264 S   0,0  0,0   0:00.00 tcpdump
20900 root      20   0   22564   6080   5332 S   0,0  0,0   0:00.00 tcpdump
20901 root      20   0   22564   6048   5300 S   0,0  0,0   0:00.00 tcpdump
20902 root      20   0   22564   5944   5196 S   0,0  0,0   0:00.00 tcpdump
20903 root      20   0   22564   6116   5368 S   0,0  0,0   0:00.00 tcpdump
20904 root      20   0   22564   6092   5208 S   0,0  0,0   0:00.00 tcpdump
20905 root      20   0   22564   6256   5376 S   0,0  0,0   0:00.00 tcpdump
20823 root      20   0  985304 118368   8912 S   1,0  0,7   0:00.17 ovs-vswitc+
20651 root      10 -10   20924   4824   4064 S   0,0  0,0   0:00.00 ovsdb-serv+
20691 root      10 -10   26456   9856   8912 S   0,0  0,1   0:00.00 ovs-vswitc+
20749 root      20   0   20912   5092   4308 S   0,0  0,0   0:00.02 ovsdb-serv+
20753 root      20   0  985304 118364   8912 S   0,0  0,7   0:00.19 ovs-vswitc+
20819 root      20   0   20912   5012   4228 S   0,0  0,0   0:00.01 ovsdb-serv+
20899 root      20   0   22564   6016   5264 S   0,0  0,0   0:00.00 tcpdump
20900 root      20   0   22564   6080   5332 S   0,0  0,0   0:00.00 tcpdump
20901 root      20   0   22564   6048   5300 S   0,0  0,0   0:00.00 tcpdump
20902 root      20   0   22564   5944   5196 S   0,0  0,0   0:00.00 tcpdump
20903 root      20   0   22564   6116   5368 S   0,0  0,0   0:00.00 tcpdump
20904 root      20   0   22564   6092   5208 S   0,0  0,0   0:00.00 tcpdump
20905 root      20   0   22564   6256   5376 S   0,0  0,0   0:00.00 tcpdump
20753 root      20   0  985304 118364   8912 S   1,0  0,7   0:00.20 ovs-vswitc+
20823 root      20   0  985304 118368   8912 S   1,0  0,7   0:00.18 ovs-vswitc+
20651 root      10 -10   20924   4824   4064 S   0,0  0,0   0:00.00 ovsdb-serv+
20691 root      10 -10   26456   9856   8912 S   0,0  0,1   0:00.00 ovs-vswitc+
20749 root      20   0   20912   5092   4308 S   0,0  0,0   0:00.02 ovsdb-serv+
20819 root      20   0   20912   5012   4228 S   0,0  0,0   0:00.01 ovsdb-serv+
20899 root      20   0   22564   6016   5264 S   0,0  0,0   0:00.00 tcpdump
20900 root      20   0   22564   6080   5332 S   0,0  0,0   0:00.00 tcpdump
20901 root      20   0   22564   6048   5300 S   0,0  0,0   0:00.00 tcpdump
20902 root      20   0   22564   5944   5196 S   0,0  0,0   0:00.00 tcpdump
20903 root      20   0   22564   6116   5368 S   0,0  0,0   0:00.00 tcpdump
20904 root      20   0   22564   6092   5208 S   0,0  0,0   0:00.00 tcpdump
20905 root      20   0   22564   6256   5376 S   0,0  0,0   0:00.00 tcpdump
20823 root      20   0  985304 118368   8912 S   1,0  0,7   0:00.19 ovs-vswitc+
20651 root      10 -10   20924   4824   4064 S   0,0  0,0   0:00.00 ovsdb-serv+
20691 root      10 -10   26456   9856   8912 S   0,0  0,1   0:00.00 ovs-vswitc+
20749 root      20   0   20912   5092   4308 S   0,0  0,0   0:00.02 ovsdb-serv+
20753 root      20   0  985304 118364   8912 S   0,0  0,7   0:00.20 ovs-vswitc+
20819 root      20   0   20912   5012   4228 S   0,0  0,0   0:00.01 ovsdb-serv+
20899 root      20   0   22564   6016   5264 S   0,0  0,0   0:00.00 tcpdump
20900 root      20   0   22564   6080   5332 S   0,0  0,0   0:00.00 tcpdump
20901 root      20   0   22564   6048   5300 S   0,0  0,0   0:00.00 tcpdump
20902 root      20   0   22564   5944   5196 S   0,0  0,0   0:00.00 tcpdump
20903 root      20   0   22564   6116   5368 S   0,0  0,0   0:00.00 tcpdump
20904 root      20   0   22564   6092   5208 S   0,0  0,0   0:00.00 tcpdump
20905 root      20   0   22564   6256   5376 S   0,0  0,0   0:00.00 tcpdump
20753 root      20   0  985304 118364   8912 S   2,0  0,7   0:00.22 ovs-vswitc+
20651 root      10 -10   20924   4824   4064 S   0,0  0,0   0:00.00 ovsdb-serv+
20691 root      10 -10   26456   9856   8912 S   0,0  0,1   0:00.00 ovs-vswitc+
20749 root      20   0   20912   5092   4308 S   0,0  0,0   0:00.02 ovsdb-serv+
20819 root      20   0   20912   5012   4228 S   0,0  0,0   0:00.01 ovsdb-serv+
20823 root      20   0  985304 118368   8912 S   0,0  0,7   0:00.19 ovs-vswitc+
20899 root      20   0   22564   6016   5264 S   0,0  0,0   0:00.00 tcpdump
20900 root      20   0   22564   6080   5332 S   0,0  0,0   0:00.00 tcpdump
20901 root      20   0   22564   6048   5300 S   0,0  0,0   0:00.00 tcpdump
20902 root      20   0   22564   5944   5196 S   0,0  0,0   0:00.00 tcpdump
20903 root      20   0   22564   6116   5368 S   0,0  0,0   0:00.00 tcpdump
20904 root      20   0   22564   6092   5208 S   0,0  0,0   0:00.00 tcpdump
20905 root      20   0   22564   6256   5376 S   0,0  0,0   0:00.00 tcpdump
20753 root      20   0  985304 118364   8912 S   1,0  0,7   0:00.23 ovs-vswitc+
20823 root      20   0  985304 118368   8912 S   1,0  0,7   0:00.20 ovs-vswitc+
20651 root      10 -10   20924   4824   4064 S   0,0  0,0   0:00.00 ovsdb-serv+
20691 root      10 -10   26456   9856   8912 S   0,0  0,1   0:00.00 ovs-vswitc+
20749 root      20   0   20912   5092   4308 S   0,0  0,0   0:00.02 ovsdb-serv+
20819 root      20   0   20912   5012   4228 S   0,0  0,0   0:00.01 ovsdb-serv+
20899 root      20   0   22564   6016   5264 S   0,0  0,0   0:00.00 tcpdump
20900 root      20   0   22564   6080   5332 S   0,0  0,0   0:00.00 tcpdump
20901 root      20   0   22564   6048   5300 S   0,0  0,0   0:00.00 tcpdump
20902 root      20   0   22564   5944   5196 S   0,0  0,0   0:00.00 tcpdump
20903 root      20   0   22564   6116   5368 S   0,0  0,0   0:00.00 tcpdump
20904 root      20   0   22564   6092   5208 S   0,0  0,0   0:00.00 tcpdump
20905 root      20   0   22564   6256   5376 S   0,0  0,0   0:00.00 tcpdump
20651 root      10 -10   20924   4824   4064 S   0,0  0,0   0:00.00 ovsdb-serv+
20691 root      10 -10   26456   9856   8912 S   0,0  0,1   0:00.00 ovs-vswitc+
20749 root      20   0   20912   5092   4308 S   0,0  0,0   0:00.02 ovsdb-serv+
20753 root      20   0  985304 118364   8912 S   0,0  0,7   0:00.23 ovs-vswitc+
20819 root      20   0   20912   5012   4228 S   0,0  0,0   0:00.01 ovsdb-serv+
20823 root      20   0  985304 118368   8912 S   0,0  0,7   0:00.20 ovs-vswitc+
20899 root      20   0   22564   6016   5264 S   0,0  0,0   0:00.00 tcpdump
20900 root      20   0   22564   6080   5332 S   0,0  0,0   0:00.00 tcpdump
20901 root      20   0   22564   6048   5300 S   0,0  0,0   0:00.00 tcpdump
20902 root      20   0   22564   5944   5196 S   0,0  0,0   0:00.00 tcpdump
20903 root      20   0   22564   6116   5368 S   0,0  0,0   0:00.00 tcpdump
20904 root      20   0   22564   6092   5208 S   0,0  0,0   0:00.00 tcpdump
20905 root      20   0   22564   6256   5376 S   0,0  0,0   0:00.00 tcpdump
20823 root      20   0  985420 118552   8912 S   2,9  0,7   0:00.23 ovs-vswitc+
20753 root      20   0  985304 118364   8912 S   1,0  0,7   0:00.24 ovs-vswitc+
20651 root      10 -10   20924   4824   4064 S   0,0  0,0   0:00.00 ovsdb-serv+
20691 root      10 -10   26456   9856   8912 S   0,0  0,1   0:00.00 ovs-vswitc+
20749 root      20   0   20912   5092   4308 S   0,0  0,0   0:00.02 ovsdb-serv+
20819 root      20   0   20912   5012   4228 S   0,0  0,0   0:00.01 ovsdb-serv+
20899 root      20   0   22564   6016   5264 S   0,0  0,0   0:00.00 tcpdump
20900 root      20   0   22564   6080   5332 S   0,0  0,0   0:00.00 tcpdump
20901 root      20   0   22564   6048   5300 S   0,0  0,0   0:00.00 tcpdump
20902 root      20   0   22564   5944   5196 S   0,0  0,0   0:00.00 tcpdump
20903 root      20   0   22564   6116   5368 S   0,0  0,0   0:00.00 tcpdump
20904 root      20   0   22564   6092   5208 S   0,0  0,0   0:00.00 tcpdump
20905 root      20   0   22564   6256   5376 S   0,0  0,0   0:00.00 tcpdump
20753 root      20   0  985404 118528   8912 S   2,0  0,7   0:00.26 ovs-vswitc+
20823 root      20   0  985420 118552   8912 S   2,0  0,7   0:00.25 ovs-vswitc+
20651 root      10 -10   20924   4824   4064 S   0,0  0,0   0:00.00 ovsdb-serv+
20691 root      10 -10   26456   9856   8912 S   0,0  0,1   0:00.00 ovs-vswitc+
20749 root      20   0   20912   5092   4308 S   0,0  0,0   0:00.02 ovsdb-serv+
20819 root      20   0   20912   5012   4228 S   0,0  0,0   0:00.01 ovsdb-serv+
20899 root      20   0   22564   6016   5264 S   0,0  0,0   0:00.00 tcpdump
20900 root      20   0   22564   6080   5332 S   0,0  0,0   0:00.00 tcpdump
20901 root      20   0   22564   6048   5300 S   0,0  0,0   0:00.00 tcpdump
20902 root      20   0   22564   5944   5196 S   0,0  0,0   0:00.00 tcpdump
20903 root      20   0   22564   6116   5368 S   0,0  0,0   0:00.00 tcpdump
20904 root      20   0   22564   6092   5208 S   0,0  0,0   0:00.00 tcpdump
20905 root      20   0   22564   6256   5376 S   0,0  0,0   0:00.00 tcpdump
20753 root      20   0  985404 118528   8912 S   1,0  0,7   0:00.27 ovs-vswitc+
20823 root      20   0  985420 118552   8912 S   1,0  0,7   0:00.26 ovs-vswitc+
20651 root      10 -10   20924   4824   4064 S   0,0  0,0   0:00.00 ovsdb-serv+
20691 root      10 -10   26456   9856   8912 S   0,0  0,1   0:00.00 ovs-vswitc+
20749 root      20   0   20912   5092   4308 S   0,0  0,0   0:00.02 ovsdb-serv+
20819 root      20   0   20912   5012   4228 S   0,0  0,0   0:00.01 ovsdb-serv+
20899 root      20   0   22564   6016   5264 S   0,0  0,0   0:00.00 tcpdump
20900 root      20   0   22564   6080   5332 S   0,0  0,0   0:00.00 tcpdump
20901 root      20   0   22564   6048   5300 S   0,0  0,0   0:00.00 tcpdump
20902 root      20   0   22564   5944   5196 S   0,0  0,0   0:00.00 tcpdump
20903 root      20   0   22564   6116   5368 S   0,0  0,0   0:00.00 tcpdump
20904 root      20   0   22564   6092   5208 S   0,0  0,0   0:00.00 tcpdump
20905 root      20   0   22564   6256   5376 S   0,0  0,0   0:00.00 tcpdump
20753 root      20   0  985404 118528   8912 S   1,0  0,7   0:00.28 ovs-vswitc+
20823 root      20   0  985420 118552   8912 S   1,0  0,7   0:00.27 ovs-vswitc+
20651 root      10 -10   20924   4824   4064 S   0,0  0,0   0:00.00 ovsdb-serv+
20691 root      10 -10   26456   9856   8912 S   0,0  0,1   0:00.00 ovs-vswitc+
20749 root      20   0   20912   5092   4308 S   0,0  0,0   0:00.02 ovsdb-serv+
20819 root      20   0   20912   5012   4228 S   0,0  0,0   0:00.01 ovsdb-serv+
20899 root      20   0   22564   6016   5264 S   0,0  0,0   0:00.00 tcpdump
20900 root      20   0   22564   6080   5332 S   0,0  0,0   0:00.00 tcpdump
20901 root      20   0   22564   6048   5300 S   0,0  0,0   0:00.00 tcpdump
20902 root      20   0   22564   5944   5196 S   0,0  0,0   0:00.00 tcpdump
20903 root      20   0   22564   6116   5368 S   0,0  0,0   0:00.00 tcpdump
20904 root      20   0   22564   6092   5208 S   0,0  0,0   0:00.00 tcpdump
20905 root      20   0   22564   6256   5376 S   0,0  0,0   0:00.00 tcpdump
20753 root      20   0  985404 118528   8912 S   2,0  0,7   0:00.30 ovs-vswitc+
20823 root      20   0  985420 118552   8912 S   1,0  0,7   0:00.28 ovs-vswitc+
20651 root      10 -10   20924   4824   4064 S   0,0  0,0   0:00.00 ovsdb-serv+
20691 root      10 -10   26456   9856   8912 S   0,0  0,1   0:00.00 ovs-vswitc+
20749 root      20   0   20912   5092   4308 S   0,0  0,0   0:00.02 ovsdb-serv+
20819 root      20   0   20912   5012   4228 S   0,0  0,0   0:00.01 ovsdb-serv+
20899 root      20   0   22564   6016   5264 S   0,0  0,0   0:00.00 tcpdump
20900 root      20   0   22564   6080   5332 S   0,0  0,0   0:00.00 tcpdump
20901 root      20   0   22564   6048   5300 S   0,0  0,0   0:00.00 tcpdump
20902 root      20   0   22564   5944   5196 S   0,0  0,0   0:00.00 tcpdump
20903 root      20   0   22564   6116   5368 S   0,0  0,0   0:00.00 tcpdump
20904 root      20   0   22564   6092   5208 S   0,0  0,0   0:00.00 tcpdump
20905 root      20   0   22564   6256   5376 S   0,0  0,0   0:00.00 tcpdump
20651 root      10 -10   20924   4824   4064 S   0,0  0,0   0:00.00 ovsdb-serv+
20691 root      10 -10   26456   9856   8912 S   0,0  0,1   0:00.00 ovs-vswitc+
20749 root      20   0   20912   5092   4308 S   0,0  0,0   0:00.02 ovsdb-serv+
20753 root      20   0  985404 118528   8912 S   0,0  0,7   0:00.30 ovs-vswitc+
20819 root      20   0   20912   5012   4228 S   0,0  0,0   0:00.01 ovsdb-serv+
20823 root      20   0  985420 118552   8912 S   0,0  0,7   0:00.28 ovs-vswitc+
20899 root      20   0   22564   6016   5264 S   0,0  0,0   0:00.00 tcpdump
20900 root      20   0   22564   6080   5332 S   0,0  0,0   0:00.00 tcpdump
20901 root      20   0   22564   6048   5300 S   0,0  0,0   0:00.00 tcpdump
20902 root      20   0   22564   5944   5196 S   0,0  0,0   0:00.00 tcpdump
20903 root      20   0   22564   6116   5368 S   0,0  0,0   0:00.00 tcpdump
20904 root      20   0   22564   6092   5208 S   0,0  0,0   0:00.00 tcpdump
20905 root      20   0   22564   6256   5376 S   0,0  0,0   0:00.00 tcpdump
20753 root      20   0  985404 118528   8912 S   1,0  0,7   0:00.31 ovs-vswitc+
20823 root      20   0  985420 118552   8912 S   1,0  0,7   0:00.29 ovs-vswitc+
20651 root      10 -10   20924   4824   4064 S   0,0  0,0   0:00.00 ovsdb-serv+
20691 root      10 -10   26456   9856   8912 S   0,0  0,1   0:00.00 ovs-vswitc+
20749 root      20   0   20912   5092   4308 S   0,0  0,0   0:00.02 ovsdb-serv+
20819 root      20   0   20912   5012   4228 S   0,0  0,0   0:00.01 ovsdb-serv+
20899 root      20   0   22564   6016   5264 S   0,0  0,0   0:00.00 tcpdump
20900 root      20   0   22564   6080   5332 S   0,0  0,0   0:00.00 tcpdump
20901 root      20   0   22564   6048   5300 S   0,0  0,0   0:00.00 tcpdump
20902 root      20   0   22564   5944   5196 S   0,0  0,0   0:00.00 tcpdump
20903 root      20   0   22564   6116   5368 S   0,0  0,0   0:00.00 tcpdump
20904 root      20   0   22564   6092   5208 S   0,0  0,0   0:00.00 tcpdump
20905 root      20   0   22564   6256   5376 S   0,0  0,0   0:00.00 tcpdump
20753 root      20   0  985404 118528   8912 S   1,0  0,7   0:00.32 ovs-vswitc+
20823 root      20   0  985420 118552   8912 S   1,0  0,7   0:00.30 ovs-vswitc+
20651 root      10 -10   20924   4824   4064 S   0,0  0,0   0:00.00 ovsdb-serv+
20691 root      10 -10   26456   9856   8912 S   0,0  0,1   0:00.00 ovs-vswitc+
20749 root      20   0   20912   5092   4308 S   0,0  0,0   0:00.02 ovsdb-serv+
20819 root      20   0   20912   5012   4228 S   0,0  0,0   0:00.01 ovsdb-serv+
20899 root      20   0   22564   6016   5264 S   0,0  0,0   0:00.00 tcpdump
20900 root      20   0   22564   6080   5332 S   0,0  0,0   0:00.00 tcpdump
20901 root      20   0   22564   6048   5300 S   0,0  0,0   0:00.00 tcpdump
20902 root      20   0   22564   5944   5196 S   0,0  0,0   0:00.00 tcpdump
20903 root      20   0   22564   6116   5368 S   0,0  0,0   0:00.00 tcpdump
20904 root      20   0   22564   6092   5208 S   0,0  0,0   0:00.00 tcpdump
20905 root      20   0   22564   6256   5376 S   0,0  0,0   0:00.00 tcpdump
20823 root      20   0  985420 118552   8912 S   1,0  0,7   0:00.31 ovs-vswitc+
20651 root      10 -10   20924   4824   4064 S   0,0  0,0   0:00.00 ovsdb-serv+
20691 root      10 -10   26456   9856   8912 S   0,0  0,1   0:00.00 ovs-vswitc+
20749 root      20   0   20912   5092   4308 S   0,0  0,0   0:00.02 ovsdb-serv+
20753 root      20   0  985404 118528   8912 S   0,0  0,7   0:00.32 ovs-vswitc+
20819 root      20   0   20912   5012   4228 S   0,0  0,0   0:00.01 ovsdb-serv+
20899 root      20   0   22564   6016   5264 S   0,0  0,0   0:00.00 tcpdump
20900 root      20   0   22564   6080   5332 S   0,0  0,0   0:00.00 tcpdump
20901 root      20   0   22564   6048   5300 S   0,0  0,0   0:00.00 tcpdump
20902 root      20   0   22564   5944   5196 S   0,0  0,0   0:00.00 tcpdump
20903 root      20   0   22564   6116   5368 S   0,0  0,0   0:00.00 tcpdump
20904 root      20   0   22564   6092   5208 S   0,0  0,0   0:00.00 tcpdump
20905 root      20   0   22564   6256   5376 S   0,0  0,0   0:00.00 tcpdump
20753 root      20   0  985404 118528   8912 S   2,0  0,7   0:00.34 ovs-vswitc+
20823 root      20   0  985420 118552   8912 S   1,0  0,7   0:00.32 ovs-vswitc+
20651 root      10 -10   20924   4824   4064 S   0,0  0,0   0:00.00 ovsdb-serv+
20691 root      10 -10   26456   9856   8912 S   0,0  0,1   0:00.00 ovs-vswitc+
20749 root      20   0   20912   5092   4308 S   0,0  0,0   0:00.02 ovsdb-serv+
20819 root      20   0   20912   5012   4228 S   0,0  0,0   0:00.01 ovsdb-serv+
20899 root      20   0   22564   6016   5264 S   0,0  0,0   0:00.00 tcpdump
20900 root      20   0   22564   6080   5332 S   0,0  0,0   0:00.00 tcpdump
20901 root      20   0   22564   6048   5300 S   0,0  0,0   0:00.00 tcpdump
20902 root      20   0   22564   5944   5196 S   0,0  0,0   0:00.00 tcpdump
20903 root      20   0   22564   6116   5368 S   0,0  0,0   0:00.00 tcpdump
20904 root      20   0   22564   6092   5208 S   0,0  0,0   0:00.00 tcpdump
20905 root      20   0   22564   6256   5376 S   0,0  0,0   0:00.00 tcpdump
20823 root      20   0  985420 118552   8912 S   2,0  0,7   0:00.34 ovs-vswitc+
20753 root      20   0  985404 118528   8912 S   1,0  0,7   0:00.35 ovs-vswitc+
20651 root      10 -10   20924   4824   4064 S   0,0  0,0   0:00.00 ovsdb-serv+
20691 root      10 -10   26456   9856   8912 S   0,0  0,1   0:00.00 ovs-vswitc+
20749 root      20   0   20912   5092   4308 S   0,0  0,0   0:00.02 ovsdb-serv+
20819 root      20   0   20912   5012   4228 S   0,0  0,0   0:00.01 ovsdb-serv+
20899 root      20   0   22564   6016   5264 S   0,0  0,0   0:00.00 tcpdump
20900 root      20   0   22564   6080   5332 S   0,0  0,0   0:00.00 tcpdump
20901 root      20   0   22564   6048   5300 S   0,0  0,0   0:00.00 tcpdump
20902 root      20   0   22564   5944   5196 S   0,0  0,0   0:00.00 tcpdump
20903 root      20   0   22564   6116   5368 S   0,0  0,0   0:00.00 tcpdump
20904 root      20   0   22564   6092   5208 S   0,0  0,0   0:00.00 tcpdump
20905 root      20   0   22564   6256   5376 S   0,0  0,0   0:00.00 tcpdump
20753 root      20   0  985404 118528   8912 S   1,0  0,7   0:00.36 ovs-vswitc+
20651 root      10 -10   20924   4824   4064 S   0,0  0,0   0:00.00 ovsdb-serv+
20691 root      10 -10   26456   9856   8912 S   0,0  0,1   0:00.00 ovs-vswitc+
20749 root      20   0   20912   5092   4308 S   0,0  0,0   0:00.02 ovsdb-serv+
20819 root      20   0   20912   5012   4228 S   0,0  0,0   0:00.01 ovsdb-serv+
20823 root      20   0  985420 118552   8912 S   0,0  0,7   0:00.34 ovs-vswitc+
20899 root      20   0   22564   6016   5264 S   0,0  0,0   0:00.00 tcpdump
20900 root      20   0   22564   6080   5332 S   0,0  0,0   0:00.00 tcpdump
20901 root      20   0   22564   6048   5300 S   0,0  0,0   0:00.00 tcpdump
20902 root      20   0   22564   5944   5196 S   0,0  0,0   0:00.00 tcpdump
20903 root      20   0   22564   6116   5368 S   0,0  0,0   0:00.00 tcpdump
20904 root      20   0   22564   6092   5208 S   0,0  0,0   0:00.00 tcpdump
20905 root      20   0   22564   6256   5376 S   0,0  0,0   0:00.00 tcpdump
20753 root      20   0  985404 118528   8912 S   1,0  0,7   0:00.37 ovs-vswitc+
20823 root      20   0  985420 118552   8912 S   1,0  0,7   0:00.35 ovs-vswitc+
20651 root      10 -10   20924   4824   4064 S   0,0  0,0   0:00.00 ovsdb-serv+
20691 root      10 -10   26456   9856   8912 S   0,0  0,1   0:00.00 ovs-vswitc+
20749 root      20   0   20912   5092   4308 S   0,0  0,0   0:00.02 ovsdb-serv+
20819 root      20   0   20912   5012   4228 S   0,0  0,0   0:00.01 ovsdb-serv+
20899 root      20   0   22564   6016   5264 S   0,0  0,0   0:00.00 tcpdump
20900 root      20   0   22564   6080   5332 S   0,0  0,0   0:00.00 tcpdump
20901 root      20   0   22564   6048   5300 S   0,0  0,0   0:00.00 tcpdump
20902 root      20   0   22564   5944   5196 S   0,0  0,0   0:00.00 tcpdump
20903 root      20   0   22564   6116   5368 S   0,0  0,0   0:00.00 tcpdump
20904 root      20   0   22564   6092   5208 S   0,0  0,0   0:00.00 tcpdump
20905 root      20   0   22564   6256   5376 S   0,0  0,0   0:00.00 tcpdump
20823 root      20   0  985420 118552   8912 S   1,0  0,7   0:00.36 ovs-vswitc+
20651 root      10 -10   20924   4824   4064 S   0,0  0,0   0:00.00 ovsdb-serv+
20691 root      10 -10   26456   9856   8912 S   0,0  0,1   0:00.00 ovs-vswitc+
20749 root      20   0   20912   5092   4308 S   0,0  0,0   0:00.02 ovsdb-serv+
20753 root      20   0  985404 118528   8912 S   0,0  0,7   0:00.37 ovs-vswitc+
20819 root      20   0   20912   5012   4228 S   0,0  0,0   0:00.01 ovsdb-serv+
20899 root      20   0   22564   6016   5264 S   0,0  0,0   0:00.00 tcpdump
20900 root      20   0   22564   6080   5332 S   0,0  0,0   0:00.00 tcpdump
20901 root      20   0   22564   6048   5300 S   0,0  0,0   0:00.00 tcpdump
20902 root      20   0   22564   5944   5196 S   0,0  0,0   0:00.00 tcpdump
20903 root      20   0   22564   6116   5368 S   0,0  0,0   0:00.00 tcpdump
20904 root      20   0   22564   6092   5208 S   0,0  0,0   0:00.00 tcpdump
20905 root      20   0   22564   6256   5376 S   0,0  0,0   0:00.00 tcpdump
20753 root      20   0  985404 118528   8912 S   1,0  0,7   0:00.38 ovs-vswitc+
20823 root      20   0  985420 118552   8912 S   1,0  0,7   0:00.37 ovs-vswitc+
20651 root      10 -10   20924   4824   4064 S   0,0  0,0   0:00.00 ovsdb-serv+
20691 root      10 -10   26456   9856   8912 S   0,0  0,1   0:00.00 ovs-vswitc+
20749 root      20   0   20912   5092   4308 S   0,0  0,0   0:00.02 ovsdb-serv+
20819 root      20   0   20912   5012   4228 S   0,0  0,0   0:00.01 ovsdb-serv+
20899 root      20   0   22564   6016   5264 S   0,0  0,0   0:00.00 tcpdump
20900 root      20   0   22564   6080   5332 S   0,0  0,0   0:00.00 tcpdump
20901 root      20   0   22564   6048   5300 S   0,0  0,0   0:00.00 tcpdump
20902 root      20   0   22564   5944   5196 S   0,0  0,0   0:00.00 tcpdump
20903 root      20   0   22564   6116   5368 S   0,0  0,0   0:00.00 tcpdump
20904 root      20   0   22564   6092   5208 S   0,0  0,0   0:00.00 tcpdump
20905 root      20   0   22564   6256   5376 S   0,0  0,0   0:00.00 tcpdump
20753 root      20   0  985404 120636   8912 R  12,9  0,7   0:00.51 ovs-vswitc+
20823 root      20   0  985420 118812   8912 R   4,0  0,7   0:00.41 ovs-vswitc+
20651 root      10 -10   20924   4824   4064 S   0,0  0,0   0:00.00 ovsdb-serv+
20691 root      10 -10   26456   9856   8912 S   0,0  0,1   0:00.00 ovs-vswitc+
20749 root      20   0   20912   5092   4308 S   0,0  0,0   0:00.02 ovsdb-serv+
20819 root      20   0   20912   5012   4228 S   0,0  0,0   0:00.01 ovsdb-serv+
20899 root      20   0   22564   6016   5264 S   0,0  0,0   0:00.00 tcpdump
20900 root      20   0   22564   6080   5332 S   0,0  0,0   0:00.00 tcpdump
20901 root      20   0   22564   6048   5300 S   0,0  0,0   0:00.00 tcpdump
20902 root      20   0   22564   5944   5196 S   0,0  0,0   0:00.00 tcpdump
20903 root      20   0   22564   6116   5368 S   0,0  0,0   0:00.00 tcpdump
20904 root      20   0   22564   6092   5208 S   0,0  0,0   0:00.00 tcpdump
20905 root      20   0   22564   6256   5376 S   0,0  0,0   0:00.00 tcpdump
20753 root      20   0  985404 138584   8912 R 252,5  0,9   0:03.06 ovs-vswitc+
20823 root      20   0  985420 134648   8912 S  95,0  0,8   0:01.37 ovs-vswitc+
20651 root      10 -10   20924   4824   4064 S   0,0  0,0   0:00.00 ovsdb-serv+
20691 root      10 -10   26456   9856   8912 S   0,0  0,1   0:00.00 ovs-vswitc+
20749 root      20   0   20912   5092   4308 S   0,0  0,0   0:00.02 ovsdb-serv+
20819 root      20   0   20912   5012   4228 S   0,0  0,0   0:00.01 ovsdb-serv+
20899 root      20   0   22564   6016   5264 S   0,0  0,0   0:00.00 tcpdump
20900 root      20   0   22564   6080   5332 S   0,0  0,0   0:00.00 tcpdump
20901 root      20   0   22564   6048   5300 S   0,0  0,0   0:00.00 tcpdump
20902 root      20   0   22564   5944   5196 S   0,0  0,0   0:00.00 tcpdump
20903 root      20   0   22564   6116   5368 S   0,0  0,0   0:00.00 tcpdump
20904 root      20   0   22564   6092   5208 S   0,0  0,0   0:00.00 tcpdump
20905 root      20   0   22564   6256   5376 S   0,0  0,0   0:00.00 tcpdump
20753 root      20   0  985448 139688   8912 S 160,4  0,9   0:04.68 ovs-vswitc+
20823 root      20   0  985420 137288   8912 S  21,8  0,8   0:01.59 ovs-vswitc+
20904 root      20   0   22564   6092   5208 S   1,0  0,0   0:00.01 tcpdump
20651 root      10 -10   20924   4824   4064 S   0,0  0,0   0:00.00 ovsdb-serv+
20691 root      10 -10   26456   9856   8912 S   0,0  0,1   0:00.00 ovs-vswitc+
20749 root      20   0   20912   5092   4308 S   0,0  0,0   0:00.02 ovsdb-serv+
20819 root      20   0   20912   5012   4228 S   0,0  0,0   0:00.01 ovsdb-serv+
20899 root      20   0   22564   6016   5264 S   0,0  0,0   0:00.00 tcpdump
20900 root      20   0   22564   6080   5332 S   0,0  0,0   0:00.00 tcpdump
20901 root      20   0   22564   6048   5300 S   0,0  0,0   0:00.00 tcpdump
20902 root      20   0   22564   5944   5196 S   0,0  0,0   0:00.00 tcpdump
20903 root      20   0   22564   6116   5368 S   0,0  0,0   0:00.00 tcpdump
20905 root      20   0   22564   6256   5376 S   0,0  0,0   0:00.00 tcpdump
20753 root      20   0  985448 139688   8912 S   3,9  0,9   0:04.72 ovs-vswitc+
20823 root      20   0  985420 137288   8912 S   3,9  0,8   0:01.63 ovs-vswitc+
20651 root      10 -10   20924   4824   4064 S   0,0  0,0   0:00.00 ovsdb-serv+
20691 root      10 -10   26456   9856   8912 S   0,0  0,1   0:00.00 ovs-vswitc+
20749 root      20   0   20912   5092   4308 S   0,0  0,0   0:00.02 ovsdb-serv+
20819 root      20   0   20912   5012   4228 S   0,0  0,0   0:00.01 ovsdb-serv+
20899 root      20   0   22564   6016   5264 S   0,0  0,0   0:00.00 tcpdump
20900 root      20   0   22564   6080   5332 S   0,0  0,0   0:00.00 tcpdump
20901 root      20   0   22564   6048   5300 S   0,0  0,0   0:00.00 tcpdump
20902 root      20   0   22564   5944   5196 S   0,0  0,0   0:00.00 tcpdump
20903 root      20   0   22564   6116   5368 S   0,0  0,0   0:00.00 tcpdump
20904 root      20   0   22564   6092   5208 S   0,0  0,0   0:00.01 tcpdump
20905 root      20   0   22564   6256   5376 S   0,0  0,0   0:00.00 tcpdump
20823 root      20   0  985420 137288   8912 S   5,0  0,8   0:01.68 ovs-vswitc+
20753 root      20   0  985448 139688   8912 S   4,0  0,9   0:04.76 ovs-vswitc+
20651 root      10 -10   20924   4824   4064 S   0,0  0,0   0:00.00 ovsdb-serv+
20691 root      10 -10   26456   9856   8912 S   0,0  0,1   0:00.00 ovs-vswitc+
20749 root      20   0   20912   5092   4308 S   0,0  0,0   0:00.02 ovsdb-serv+
20819 root      20   0   20912   5012   4228 S   0,0  0,0   0:00.01 ovsdb-serv+
20899 root      20   0   22564   6016   5264 S   0,0  0,0   0:00.00 tcpdump
20900 root      20   0   22564   6080   5332 S   0,0  0,0   0:00.00 tcpdump
20901 root      20   0   22564   6048   5300 S   0,0  0,0   0:00.00 tcpdump
20902 root      20   0   22564   5944   5196 S   0,0  0,0   0:00.00 tcpdump
20903 root      20   0   22564   6116   5368 S   0,0  0,0   0:00.00 tcpdump
20904 root      20   0   22564   6092   5208 S   0,0  0,0   0:00.01 tcpdump
20905 root      20   0   22564   6256   5376 S   0,0  0,0   0:00.00 tcpdump
20753 root      20   0  985448 139688   8912 S   5,0  0,9   0:04.81 ovs-vswitc+
20823 root      20   0  985420 137288   8912 S   5,0  0,8   0:01.73 ovs-vswitc+
20651 root      10 -10   20924   4824   4064 S   0,0  0,0   0:00.00 ovsdb-serv+
20691 root      10 -10   26456   9856   8912 S   0,0  0,1   0:00.00 ovs-vswitc+
20749 root      20   0   20912   5092   4308 S   0,0  0,0   0:00.02 ovsdb-serv+
20819 root      20   0   20912   5012   4228 S   0,0  0,0   0:00.01 ovsdb-serv+
20899 root      20   0   22564   6016   5264 S   0,0  0,0   0:00.00 tcpdump
20900 root      20   0   22564   6080   5332 S   0,0  0,0   0:00.00 tcpdump
20901 root      20   0   22564   6048   5300 S   0,0  0,0   0:00.00 tcpdump
20902 root      20   0   22564   5944   5196 S   0,0  0,0   0:00.00 tcpdump
20903 root      20   0   22564   6116   5368 S   0,0  0,0   0:00.00 tcpdump
20904 root      20   0   22564   6092   5208 S   0,0  0,0   0:00.01 tcpdump
20905 root      20   0   22564   6256   5376 S   0,0  0,0   0:00.00 tcpdump
20753 root      20   0  985448 139688   8912 S   4,9  0,9   0:04.86 ovs-vswitc+
20823 root      20   0  985420 137288   8912 S   2,9  0,8   0:01.76 ovs-vswitc+
20651 root      10 -10   20924   4824   4064 S   0,0  0,0   0:00.00 ovsdb-serv+
20691 root      10 -10   26456   9856   8912 S   0,0  0,1   0:00.00 ovs-vswitc+
20749 root      20   0   20912   5092   4308 S   0,0  0,0   0:00.02 ovsdb-serv+
20819 root      20   0   20912   5012   4228 S   0,0  0,0   0:00.01 ovsdb-serv+
20899 root      20   0   22564   6016   5264 S   0,0  0,0   0:00.00 tcpdump
20900 root      20   0   22564   6080   5332 S   0,0  0,0   0:00.00 tcpdump
20901 root      20   0   22564   6048   5300 S   0,0  0,0   0:00.00 tcpdump
20902 root      20   0   22564   5944   5196 S   0,0  0,0   0:00.00 tcpdump
20903 root      20   0   22564   6116   5368 S   0,0  0,0   0:00.00 tcpdump
20904 root      20   0   22564   6092   5208 S   0,0  0,0   0:00.01 tcpdump
20905 root      20   0   22564   6256   5376 S   0,0  0,0   0:00.00 tcpdump
20753 root      20   0  985448 139688   8912 S   6,9  0,9   0:04.93 ovs-vswitc+
20823 root      20   0  985420 137288   8912 S   4,0  0,8   0:01.80 ovs-vswitc+
20819 root      20   0   20912   5012   4228 S   1,0  0,0   0:00.02 ovsdb-serv+
20651 root      10 -10   20924   4824   4064 S   0,0  0,0   0:00.00 ovsdb-serv+
20691 root      10 -10   26456   9856   8912 S   0,0  0,1   0:00.00 ovs-vswitc+
20749 root      20   0   20912   5092   4308 S   0,0  0,0   0:00.02 ovsdb-serv+
20899 root      20   0   22564   6016   5264 S   0,0  0,0   0:00.00 tcpdump
20900 root      20   0   22564   6080   5332 S   0,0  0,0   0:00.00 tcpdump
20901 root      20   0   22564   6048   5300 S   0,0  0,0   0:00.00 tcpdump
20902 root      20   0   22564   5944   5196 S   0,0  0,0   0:00.00 tcpdump
20903 root      20   0   22564   6116   5368 S   0,0  0,0   0:00.00 tcpdump
20904 root      20   0   22564   6092   5208 S   0,0  0,0   0:00.01 tcpdump
20905 root      20   0   22564   6256   5376 S   0,0  0,0   0:00.00 tcpdump
20823 root      20   0  985420 137288   8912 S   5,9  0,8   0:01.86 ovs-vswitc+
20753 root      20   0  985448 139688   8912 S   4,9  0,9   0:04.98 ovs-vswitc+
20651 root      10 -10   20924   4824   4064 S   0,0  0,0   0:00.00 ovsdb-serv+
20691 root      10 -10   26456   9856   8912 S   0,0  0,1   0:00.00 ovs-vswitc+
20749 root      20   0   20912   5092   4308 S   0,0  0,0   0:00.02 ovsdb-serv+
20819 root      20   0   20912   5012   4228 S   0,0  0,0   0:00.02 ovsdb-serv+
20899 root      20   0   22564   6016   5264 S   0,0  0,0   0:00.00 tcpdump
20900 root      20   0   22564   6080   5332 S   0,0  0,0   0:00.00 tcpdump
20901 root      20   0   22564   6048   5300 S   0,0  0,0   0:00.00 tcpdump
20902 root      20   0   22564   5944   5196 S   0,0  0,0   0:00.00 tcpdump
20903 root      20   0   22564   6116   5368 S   0,0  0,0   0:00.00 tcpdump
20904 root      20   0   22564   6092   5208 S   0,0  0,0   0:00.01 tcpdump
20905 root      20   0   22564   6256   5376 S   0,0  0,0   0:00.00 tcpdump
20753 root      20   0  985448 139688   8912 S   5,9  0,9   0:05.04 ovs-vswitc+
20823 root      20   0  985420 137288   8912 S   4,0  0,8   0:01.90 ovs-vswitc+
20651 root      10 -10   20924   4824   4064 S   0,0  0,0   0:00.00 ovsdb-serv+
20691 root      10 -10   26456   9856   8912 S   0,0  0,1   0:00.00 ovs-vswitc+
20749 root      20   0   20912   5092   4308 S   0,0  0,0   0:00.02 ovsdb-serv+
20819 root      20   0   20912   5012   4228 S   0,0  0,0   0:00.02 ovsdb-serv+
20899 root      20   0   22564   6016   5264 S   0,0  0,0   0:00.00 tcpdump
20900 root      20   0   22564   6080   5332 S   0,0  0,0   0:00.00 tcpdump
20901 root      20   0   22564   6048   5300 S   0,0  0,0   0:00.00 tcpdump
20902 root      20   0   22564   5944   5196 S   0,0  0,0   0:00.00 tcpdump
20903 root      20   0   22564   6116   5368 S   0,0  0,0   0:00.00 tcpdump
20904 root      20   0   22564   6092   5208 S   0,0  0,0   0:00.01 tcpdump
20905 root      20   0   22564   6256   5376 S   0,0  0,0   0:00.00 tcpdump
20753 root      20   0  985448 139688   8912 S   6,9  0,9   0:05.11 ovs-vswitc+
20823 root      20   0  985420 137288   8912 S   5,9  0,8   0:01.96 ovs-vswitc+
20651 root      10 -10   20924   4824   4064 S   0,0  0,0   0:00.00 ovsdb-serv+
20691 root      10 -10   26456   9856   8912 S   0,0  0,1   0:00.00 ovs-vswitc+
20749 root      20   0   20912   5092   4308 S   0,0  0,0   0:00.02 ovsdb-serv+
20819 root      20   0   20912   5012   4228 S   0,0  0,0   0:00.02 ovsdb-serv+
20899 root      20   0   22564   6016   5264 S   0,0  0,0   0:00.00 tcpdump
20900 root      20   0   22564   6080   5332 S   0,0  0,0   0:00.00 tcpdump
20901 root      20   0   22564   6048   5300 S   0,0  0,0   0:00.00 tcpdump
20902 root      20   0   22564   5944   5196 S   0,0  0,0   0:00.00 tcpdump
20903 root      20   0   22564   6116   5368 S   0,0  0,0   0:00.00 tcpdump
20904 root      20   0   22564   6092   5208 S   0,0  0,0   0:00.01 tcpdump
20905 root      20   0   22564   6256   5376 S   0,0  0,0   0:00.00 tcpdump
20753 root      20   0  985444 139684   8912 S   4,9  0,9   0:05.16 ovs-vswitc+
20823 root      20   0  985420 137288   8912 S   4,9  0,8   0:02.01 ovs-vswitc+
20651 root      10 -10   20924   4824   4064 S   0,0  0,0   0:00.00 ovsdb-serv+
20691 root      10 -10   26456   9856   8912 S   0,0  0,1   0:00.00 ovs-vswitc+
20749 root      20   0   20912   5092   4308 S   0,0  0,0   0:00.02 ovsdb-serv+
20819 root      20   0   20912   5012   4228 S   0,0  0,0   0:00.02 ovsdb-serv+
20899 root      20   0   22564   6016   5264 S   0,0  0,0   0:00.00 tcpdump
20900 root      20   0   22564   6080   5332 S   0,0  0,0   0:00.00 tcpdump
20901 root      20   0   22564   6048   5300 S   0,0  0,0   0:00.00 tcpdump
20902 root      20   0   22564   5944   5196 S   0,0  0,0   0:00.00 tcpdump
20903 root      20   0   22564   6116   5368 S   0,0  0,0   0:00.00 tcpdump
20904 root      20   0   22564   6092   5208 S   0,0  0,0   0:00.01 tcpdump
20905 root      20   0   22564   6256   5376 S   0,0  0,0   0:00.00 tcpdump
20753 root      20   0  985444 139684   8912 S   6,9  0,9   0:05.23 ovs-vswitc+
20823 root      20   0  985420 137288   8912 S   2,0  0,8   0:02.03 ovs-vswitc+
20651 root      10 -10   20924   4824   4064 S   0,0  0,0   0:00.00 ovsdb-serv+
20691 root      10 -10   26456   9856   8912 S   0,0  0,1   0:00.00 ovs-vswitc+
20749 root      20   0   20912   5092   4308 S   0,0  0,0   0:00.02 ovsdb-serv+
20819 root      20   0   20912   5012   4228 S   0,0  0,0   0:00.02 ovsdb-serv+
20899 root      20   0   22564   6016   5264 S   0,0  0,0   0:00.00 tcpdump
20900 root      20   0   22564   6080   5332 S   0,0  0,0   0:00.00 tcpdump
20901 root      20   0   22564   6048   5300 S   0,0  0,0   0:00.00 tcpdump
20902 root      20   0   22564   5944   5196 S   0,0  0,0   0:00.00 tcpdump
20903 root      20   0   22564   6116   5368 S   0,0  0,0   0:00.00 tcpdump
20904 root      20   0   22564   6092   5208 S   0,0  0,0   0:00.01 tcpdump
20905 root      20   0   22564   6256   5376 S   0,0  0,0   0:00.00 tcpdump
20753 root      20   0  985444 139684   8912 S   1,0  0,9   0:05.24 ovs-vswitc+
20823 root      20   0  985420 137288   8912 S   1,0  0,8   0:02.04 ovs-vswitc+
20651 root      10 -10   20924   4824   4064 S   0,0  0,0   0:00.00 ovsdb-serv+
20691 root      10 -10   26456   9856   8912 S   0,0  0,1   0:00.00 ovs-vswitc+
20749 root      20   0   20912   5092   4308 S   0,0  0,0   0:00.02 ovsdb-serv+
20819 root      20   0   20912   5012   4228 S   0,0  0,0   0:00.02 ovsdb-serv+
20899 root      20   0   22564   6016   5264 S   0,0  0,0   0:00.00 tcpdump
20900 root      20   0   22564   6080   5332 S   0,0  0,0   0:00.00 tcpdump
20901 root      20   0   22564   6048   5300 S   0,0  0,0   0:00.00 tcpdump
20902 root      20   0   22564   5944   5196 S   0,0  0,0   0:00.00 tcpdump
20903 root      20   0   22564   6116   5368 S   0,0  0,0   0:00.00 tcpdump
20904 root      20   0   22564   6092   5208 S   0,0  0,0   0:00.01 tcpdump
20905 root      20   0   22564   6256   5376 S   0,0  0,0   0:00.00 tcpdump
20823 root      20   0  985420 137288   8912 S   1,0  0,8   0:02.05 ovs-vswitc+
20651 root      10 -10   20924   4824   4064 S   0,0  0,0   0:00.00 ovsdb-serv+
20691 root      10 -10   26456   9856   8912 S   0,0  0,1   0:00.00 ovs-vswitc+
20749 root      20   0   20912   5092   4308 S   0,0  0,0   0:00.02 ovsdb-serv+
20753 root      20   0  985444 139684   8912 S   0,0  0,9   0:05.24 ovs-vswitc+
20819 root      20   0   20912   5012   4228 S   0,0  0,0   0:00.02 ovsdb-serv+
20899 root      20   0   22564   6016   5264 S   0,0  0,0   0:00.00 tcpdump
20900 root      20   0   22564   6080   5332 S   0,0  0,0   0:00.00 tcpdump
20901 root      20   0   22564   6048   5300 S   0,0  0,0   0:00.00 tcpdump
20902 root      20   0   22564   5944   5196 S   0,0  0,0   0:00.00 tcpdump
20903 root      20   0   22564   6116   5368 S   0,0  0,0   0:00.00 tcpdump
20904 root      20   0   22564   6092   5208 S   0,0  0,0   0:00.01 tcpdump
20905 root      20   0   22564   6256   5376 S   0,0  0,0   0:00.00 tcpdump
20753 root      20   0  985444 139684   8912 S   2,0  0,9   0:05.26 ovs-vswitc+
20823 root      20   0  985420 137288   8912 S   1,0  0,8   0:02.06 ovs-vswitc+
20651 root      10 -10   20924   4824   4064 S   0,0  0,0   0:00.00 ovsdb-serv+
20691 root      10 -10   26456   9856   8912 S   0,0  0,1   0:00.00 ovs-vswitc+
20749 root      20   0   20912   5092   4308 S   0,0  0,0   0:00.02 ovsdb-serv+
20819 root      20   0   20912   5012   4228 S   0,0  0,0   0:00.02 ovsdb-serv+
20899 root      20   0   22564   6016   5264 S   0,0  0,0   0:00.00 tcpdump
20900 root      20   0   22564   6080   5332 S   0,0  0,0   0:00.00 tcpdump
20901 root      20   0   22564   6048   5300 S   0,0  0,0   0:00.00 tcpdump
20902 root      20   0   22564   5944   5196 S   0,0  0,0   0:00.00 tcpdump
20903 root      20   0   22564   6116   5368 S   0,0  0,0   0:00.00 tcpdump
20904 root      20   0   22564   6092   5208 S   0,0  0,0   0:00.01 tcpdump
20905 root      20   0   22564   6256   5376 S   0,0  0,0   0:00.00 tcpdump
20753 root      20   0  985444 139684   8912 S   1,0  0,9   0:05.27 ovs-vswitc+
20823 root      20   0  985420 137288   8912 S   1,0  0,8   0:02.07 ovs-vswitc+
20651 root      10 -10   20924   4824   4064 S   0,0  0,0   0:00.00 ovsdb-serv+
20691 root      10 -10   26456   9856   8912 S   0,0  0,1   0:00.00 ovs-vswitc+
20749 root      20   0   20912   5092   4308 S   0,0  0,0   0:00.02 ovsdb-serv+
20819 root      20   0   20912   5012   4228 S   0,0  0,0   0:00.02 ovsdb-serv+
20899 root      20   0   22564   6016   5264 S   0,0  0,0   0:00.00 tcpdump
20900 root      20   0   22564   6080   5332 S   0,0  0,0   0:00.00 tcpdump
20901 root      20   0   22564   6048   5300 S   0,0  0,0   0:00.00 tcpdump
20902 root      20   0   22564   5944   5196 S   0,0  0,0   0:00.00 tcpdump
20903 root      20   0   22564   6116   5368 S   0,0  0,0   0:00.00 tcpdump
20904 root      20   0   22564   6092   5208 S   0,0  0,0   0:00.01 tcpdump
20905 root      20   0   22564   6256   5376 S   0,0  0,0   0:00.00 tcpdump
20753 root      20   0  985444 139684   8912 S   1,0  0,9   0:05.28 ovs-vswitc+
20823 root      20   0  985420 137288   8912 S   1,0  0,8   0:02.08 ovs-vswitc+
20651 root      10 -10   20924   4824   4064 S   0,0  0,0   0:00.00 ovsdb-serv+
20691 root      10 -10   26456   9856   8912 S   0,0  0,1   0:00.00 ovs-vswitc+
20749 root      20   0   20912   5092   4308 S   0,0  0,0   0:00.02 ovsdb-serv+
20819 root      20   0   20912   5012   4228 S   0,0  0,0   0:00.02 ovsdb-serv+
20899 root      20   0   22564   6016   5264 S   0,0  0,0   0:00.00 tcpdump
20900 root      20   0   22564   6080   5332 S   0,0  0,0   0:00.00 tcpdump
20901 root      20   0   22564   6048   5300 S   0,0  0,0   0:00.00 tcpdump
20902 root      20   0   22564   5944   5196 S   0,0  0,0   0:00.00 tcpdump
20903 root      20   0   22564   6116   5368 S   0,0  0,0   0:00.00 tcpdump
20904 root      20   0   22564   6092   5208 S   0,0  0,0   0:00.01 tcpdump
20905 root      20   0   22564   6256   5376 S   0,0  0,0   0:00.00 tcpdump
20823 root      20   0  985420 137288   8912 S   2,0  0,8   0:02.10 ovs-vswitc+
20753 root      20   0  985444 139684   8912 S   1,0  0,9   0:05.29 ovs-vswitc+
20651 root      10 -10   20924   4824   4064 S   0,0  0,0   0:00.00 ovsdb-serv+
20691 root      10 -10   26456   9856   8912 S   0,0  0,1   0:00.00 ovs-vswitc+
20749 root      20   0   20912   5092   4308 S   0,0  0,0   0:00.02 ovsdb-serv+
20819 root      20   0   20912   5012   4228 S   0,0  0,0   0:00.02 ovsdb-serv+
20899 root      20   0   22564   6016   5264 S   0,0  0,0   0:00.00 tcpdump
20900 root      20   0   22564   6080   5332 S   0,0  0,0   0:00.00 tcpdump
20901 root      20   0   22564   6048   5300 S   0,0  0,0   0:00.00 tcpdump
20902 root      20   0   22564   5944   5196 S   0,0  0,0   0:00.00 tcpdump
20903 root      20   0   22564   6116   5368 S   0,0  0,0   0:00.00 tcpdump
20904 root      20   0   22564   6092   5208 S   0,0  0,0   0:00.01 tcpdump
20905 root      20   0   22564   6256   5376 S   0,0  0,0   0:00.00 tcpdump
20753 root      20   0  985444 139684   8912 S   3,0  0,9   0:05.32 ovs-vswitc+
20823 root      20   0  985420 137288   8912 S   1,0  0,8   0:02.11 ovs-vswitc+
20651 root      10 -10   20924   4824   4064 S   0,0  0,0   0:00.00 ovsdb-serv+
20691 root      10 -10   26456   9856   8912 S   0,0  0,1   0:00.00 ovs-vswitc+
20749 root      20   0   20912   5092   4308 S   0,0  0,0   0:00.02 ovsdb-serv+
20819 root      20   0   20912   5012   4228 S   0,0  0,0   0:00.02 ovsdb-serv+
20899 root      20   0   22564   6016   5264 S   0,0  0,0   0:00.00 tcpdump
20900 root      20   0   22564   6080   5332 S   0,0  0,0   0:00.00 tcpdump
20901 root      20   0   22564   6048   5300 S   0,0  0,0   0:00.00 tcpdump
20902 root      20   0   22564   5944   5196 S   0,0  0,0   0:00.00 tcpdump
20903 root      20   0   22564   6116   5368 S   0,0  0,0   0:00.00 tcpdump
20904 root      20   0   22564   6092   5208 S   0,0  0,0   0:00.01 tcpdump
20905 root      20   0   22564   6256   5376 S   0,0  0,0   0:00.00 tcpdump
20823 root      20   0  985420 137288   8912 S   1,0  0,8   0:02.12 ovs-vswitc+
20651 root      10 -10   20924   4824   4064 S   0,0  0,0   0:00.00 ovsdb-serv+
20691 root      10 -10   26456   9856   8912 S   0,0  0,1   0:00.00 ovs-vswitc+
20749 root      20   0   20912   5092   4308 S   0,0  0,0   0:00.02 ovsdb-serv+
20753 root      20   0  985444 139684   8912 S   0,0  0,9   0:05.32 ovs-vswitc+
20819 root      20   0   20912   5012   4228 S   0,0  0,0   0:00.02 ovsdb-serv+
20899 root      20   0   22564   6016   5264 S   0,0  0,0   0:00.00 tcpdump
20900 root      20   0   22564   6080   5332 S   0,0  0,0   0:00.00 tcpdump
20901 root      20   0   22564   6048   5300 S   0,0  0,0   0:00.00 tcpdump
20902 root      20   0   22564   5944   5196 S   0,0  0,0   0:00.00 tcpdump
20903 root      20   0   22564   6116   5368 S   0,0  0,0   0:00.00 tcpdump
20904 root      20   0   22564   6092   5208 S   0,0  0,0   0:00.01 tcpdump
20905 root      20   0   22564   6256   5376 S   0,0  0,0   0:00.00 tcpdump
20749 root      20   0   20912   5092   4308 S   1,0  0,0   0:00.03 ovsdb-serv+
20753 root      20   0  985444 139684   8912 S   1,0  0,9   0:05.33 ovs-vswitc+
20823 root      20   0  985460 137340   8912 S   1,0  0,8   0:02.13 ovs-vswitc+
20651 root      10 -10   20924   4824   4064 S   0,0  0,0   0:00.00 ovsdb-serv+
20691 root      10 -10   26456   9856   8912 S   0,0  0,1   0:00.00 ovs-vswitc+
20819 root      20   0   20912   5012   4228 S   0,0  0,0   0:00.02 ovsdb-serv+
20899 root      20   0   22564   6016   5264 S  