31844 root      20   0  985300 118360   8912 S  18,8  0,7   0:00.16 ovs-vswitc+
31914 root      20   0  985304 118368   8912 S   6,2  0,7   0:00.12 ovs-vswitc+
31738 root      10 -10   20924   4956   4204 S   0,0  0,0   0:00.00 ovsdb-serv+
31777 root      10 -10   26456   9856   8912 S   0,0  0,1   0:00.00 ovs-vswitc+
31840 root      20   0   20912   4964   4184 S   0,0  0,0   0:00.01 ovsdb-serv+
31910 root      20   0   20912   4892   4112 S   0,0  0,0   0:00.01 ovsdb-serv+
31991 root      20   0   22564   5956   5212 S   0,0  0,0   0:00.00 tcpdump
31993 root      20   0   22564   6024   5276 S   0,0  0,0   0:00.00 tcpdump
31994 root      20   0   22564   5968   5220 S   0,0  0,0   0:00.00 tcpdump
31995 root      20   0   22564   6060   5308 S   0,0  0,0   0:00.00 tcpdump
31996 root      20   0   22564   5992   5244 S   0,0  0,0   0:00.00 tcpdump
31997 root      20   0   22564   6160   5276 S   0,0  0,0   0:00.00 tcpdump
31998 root      20   0   22564   6132   5244 S   0,0  0,0   0:00.00 tcpdump
31914 root      20   0  985304 118368   8912 S   1,0  0,7   0:00.13 ovs-vswitc+
31738 root      10 -10   20924   4956   4204 S   0,0  0,0   0:00.00 ovsdb-serv+
31777 root      10 -10   26456   9856   8912 S   0,0  0,1   0:00.00 ovs-vswitc+
31840 root      20   0   20912   4964   4184 S   0,0  0,0   0:00.01 ovsdb-serv+
31844 root      20   0  985300 118360   8912 S   0,0  0,7   0:00.16 ovs-vswitc+
31910 root      20   0   20912   4892   4112 S   0,0  0,0   0:00.01 ovsdb-serv+
31991 root      20   0   22564   5956   5212 S   0,0  0,0   0:00.00 tcpdump
31993 root      20   0   22564   6024   5276 S   0,0  0,0   0:00.00 tcpdump
31994 root      20   0   22564   5968   5220 S   0,0  0,0   0:00.00 tcpdump
31995 root      20   0   22564   6060   5308 S   0,0  0,0   0:00.00 tcpdump
31996 root      20   0   22564   5992   5244 S   0,0  0,0   0:00.00 tcpdump
31997 root      20   0   22564   6160   5276 S   0,0  0,0   0:00.00 tcpdump
31998 root      20   0   22564   6132   5244 S   0,0  0,0   0:00.00 tcpdump
31844 root      20   0  985300 118360   8912 S   1,0  0,7   0:00.17 ovs-vswitc+
31914 root      20   0  985304 118368   8912 S   1,0  0,7   0:00.14 ovs-vswitc+
31738 root      10 -10   20924   4956   4204 S   0,0  0,0   0:00.00 ovsdb-serv+
31777 root      10 -10   26456   9856   8912 S   0,0  0,1   0:00.00 ovs-vswitc+
31840 root      20   0   20912   4964   4184 S   0,0  0,0   0:00.01 ovsdb-serv+
31910 root      20   0   20912   4892   4112 S   0,0  0,0   0:00.01 ovsdb-serv+
31991 root      20   0   22564   5956   5212 S   0,0  0,0   0:00.00 tcpdump
31993 root      20   0   22564   6024   5276 S   0,0  0,0   0:00.00 tcpdump
31994 root      20   0   22564   5968   5220 S   0,0  0,0   0:00.00 tcpdump
31995 root      20   0   22564   6060   5308 S   0,0  0,0   0:00.00 tcpdump
31996 root      20   0   22564   5992   5244 S   0,0  0,0   0:00.00 tcpdump
31997 root      20   0   22564   6160   5276 S   0,0  0,0   0:00.00 tcpdump
31998 root      20   0   22564   6132   5244 S   0,0  0,0   0:00.00 tcpdump
31914 root      20   0  985304 118368   8912 S   1,0  0,7   0:00.15 ovs-vswitc+
31738 root      10 -10   20924   4956   4204 S   0,0  0,0   0:00.00 ovsdb-serv+
31777 root      10 -10   26456   9856   8912 S   0,0  0,1   0:00.00 ovs-vswitc+
31840 root      20   0   20912   4964   4184 S   0,0  0,0   0:00.01 ovsdb-serv+
31844 root      20   0  985300 118360   8912 S   0,0  0,7   0:00.17 ovs-vswitc+
31910 root      20   0   20912   4892   4112 S   0,0  0,0   0:00.01 ovsdb-serv+
31991 root      20   0   22564   5956   5212 S   0,0  0,0   0:00.00 tcpdump
31993 root      20   0   22564   6024   5276 S   0,0  0,0   0:00.00 tcpdump
31994 root      20   0   22564   5968   5220 S   0,0  0,0   0:00.00 tcpdump
31995 root      20   0   22564   6060   5308 S   0,0  0,0   0:00.00 tcpdump
31996 root      20   0   22564   5992   5244 S   0,0  0,0   0:00.00 tcpdump
31997 root      20   0   22564   6160   5276 S   0,0  0,0   0:00.00 tcpdump
31998 root      20   0   22564   6132   5244 S   0,0  0,0   0:00.00 tcpdump
31844 root      20   0  985300 118360   8912 S   2,0  0,7   0:00.19 ovs-vswitc+
31914 root      20   0  985304 118368   8912 S   2,0  0,7   0:00.17 ovs-vswitc+
31738 root      10 -10   20924   4956   4204 S   0,0  0,0   0:00.00 ovsdb-serv+
31777 root      10 -10   26456   9856   8912 S   0,0  0,1   0:00.00 ovs-vswitc+
31840 root      20   0   20912   4964   4184 S   0,0  0,0   0:00.01 ovsdb-serv+
31910 root      20   0   20912   4892   4112 S   0,0  0,0   0:00.01 ovsdb-serv+
31991 root      20   0   22564   5956   5212 S   0,0  0,0   0:00.00 tcpdump
31993 root      20   0   22564   6024   5276 S   0,0  0,0   0:00.00 tcpdump
31994 root      20   0   22564   5968   5220 S   0,0  0,0   0:00.00 tcpdump
31995 root      20   0   22564   6060   5308 S   0,0  0,0   0:00.00 tcpdump
31996 root      20   0   22564   5992   5244 S   0,0  0,0   0:00.00 tcpdump
31997 root      20   0   22564   6160   5276 S   0,0  0,0   0:00.00 tcpdump
31998 root      20   0   22564   6132   5244 S   0,0  0,0   0:00.00 tcpdump
31738 root      10 -10   20924   4956   4204 S   0,0  0,0   0:00.00 ovsdb-serv+
31777 root      10 -10   26456   9856   8912 S   0,0  0,1   0:00.00 ovs-vswitc+
31840 root      20   0   20912   4964   4184 S   0,0  0,0   0:00.01 ovsdb-serv+
31844 root      20   0  985300 118360   8912 S   0,0  0,7   0:00.19 ovs-vswitc+
31910 root      20   0   20912   4892   4112 S   0,0  0,0   0:00.01 ovsdb-serv+
31914 root      20   0  985304 118368   8912 S   0,0  0,7   0:00.17 ovs-vswitc+
31991 root      20   0   22564   5956   5212 S   0,0  0,0   0:00.00 tcpdump
31993 root      20   0   22564   6024   5276 S   0,0  0,0   0:00.00 tcpdump
31994 root      20   0   22564   5968   5220 S   0,0  0,0   0:00.00 tcpdump
31995 root      20   0   22564   6060   5308 S   0,0  0,0   0:00.00 tcpdump
31996 root      20   0   22564   5992   5244 S   0,0  0,0   0:00.00 tcpdump
31997 root      20   0   22564   6160   5276 S   0,0  0,0   0:00.00 tcpdump
31998 root      20   0   22564   6132   5244 S   0,0  0,0   0:00.00 tcpdump
31844 root      20   0  985300 118360   8912 S   1,0  0,7   0:00.20 ovs-vswitc+
31738 root      10 -10   20924   4956   4204 S   0,0  0,0   0:00.00 ovsdb-serv+
31777 root      10 -10   26456   9856   8912 S   0,0  0,1   0:00.00 ovs-vswitc+
31840 root      20   0   20912   4964   4184 S   0,0  0,0   0:00.01 ovsdb-serv+
31910 root      20   0   20912   4892   4112 S   0,0  0,0   0:00.01 ovsdb-serv+
31914 root      20   0  985304 118368   8912 S   0,0  0,7   0:00.17 ovs-vswitc+
31991 root      20   0   22564   5956   5212 S   0,0  0,0   0:00.00 tcpdump
31993 root      20   0   22564   6024   5276 S   0,0  0,0   0:00.00 tcpdump
31994 root      20   0   22564   5968   5220 S   0,0  0,0   0:00.00 tcpdump
31995 root      20   0   22564   6060   5308 S   0,0  0,0   0:00.00 tcpdump
31996 root      20   0   22564   5992   5244 S   0,0  0,0   0:00.00 tcpdump
31997 root      20   0   22564   6160   5276 S   0,0  0,0   0:00.00 tcpdump
31998 root      20   0   22564   6132   5244 S   0,0  0,0   0:00.00 tcpdump
31844 root      20   0  985300 118360   8912 S   1,0  0,7   0:00.21 ovs-vswitc+
31914 root      20   0  985304 118368   8912 S   1,0  0,7   0:00.18 ovs-vswitc+
31738 root      10 -10   20924   4956   4204 S   0,0  0,0   0:00.00 ovsdb-serv+
31777 root      10 -10   26456   9856   8912 S   0,0  0,1   0:00.00 ovs-vswitc+
31840 root      20   0   20912   4964   4184 S   0,0  0,0   0:00.01 ovsdb-serv+
31910 root      20   0   20912   4892   4112 S   0,0  0,0   0:00.01 ovsdb-serv+
31991 root      20   0   22564   5956   5212 S   0,0  0,0   0:00.00 tcpdump
31993 root      20   0   22564   6024   5276 S   0,0  0,0   0:00.00 tcpdump
31994 root      20   0   22564   5968   5220 S   0,0  0,0   0:00.00 tcpdump
31995 root      20   0   22564   6060   5308 S   0,0  0,0   0:00.00 tcpdump
31996 root      20   0   22564   5992   5244 S   0,0  0,0   0:00.00 tcpdump
31997 root      20   0   22564   6160   5276 S   0,0  0,0   0:00.00 tcpdump
31998 root      20   0   22564   6132   5244 S   0,0  0,0   0:00.00 tcpdump
31914 root      20   0  985416 118548   8912 S   3,0  0,7   0:00.21 ovs-vswitc+
31844 root      20   0  985300 118360   8912 S   1,0  0,7   0:00.22 ovs-vswitc+
31738 root      10 -10   20924   4956   4204 S   0,0  0,0   0:00.00 ovsdb-serv+
31777 root      10 -10   26456   9856   8912 S   0,0  0,1   0:00.00 ovs-vswitc+
31840 root      20   0   20912   4964   4184 S   0,0  0,0   0:00.01 ovsdb-serv+
31910 root      20   0   20912   4892   4112 S   0,0  0,0   0:00.01 ovsdb-serv+
31991 root      20   0   22564   5956   5212 S   0,0  0,0   0:00.00 tcpdump
31993 root      20   0   22564   6024   5276 S   0,0  0,0   0:00.00 tcpdump
31994 root      20   0   22564   5968   5220 S   0,0  0,0   0:00.00 tcpdump
31995 root      20   0   22564   6060   5308 S   0,0  0,0   0:00.00 tcpdump
31996 root      20   0   22564   5992   5244 S   0,0  0,0   0:00.00 tcpdump
31997 root      20   0   22564   6160   5276 S   0,0  0,0   0:00.00 tcpdump
31998 root      20   0   22564   6132   5244 S   0,0  0,0   0:00.00 tcpdump
31738 root      10 -10   20924   4956   4204 S   0,0  0,0   0:00.00 ovsdb-serv+
31777 root      10 -10   26456   9856   8912 S   0,0  0,1   0:00.00 ovs-vswitc+
31840 root      20   0   20912   4964   4184 S   0,0  0,0   0:00.01 ovsdb-serv+
31844 root      20   0  985300 118360   8912 S   0,0  0,7   0:00.22 ovs-vswitc+
31910 root      20   0   20912   4892   4112 S   0,0  0,0   0:00.01 ovsdb-serv+
31914 root      20   0  985416 118548   8912 S   0,0  0,7   0:00.21 ovs-vswitc+
31991 root      20   0   22564   5956   5212 S   0,0  0,0   0:00.00 tcpdump
31993 root      20   0   22564   6024   5276 S   0,0  0,0   0:00.00 tcpdump
31994 root      20   0   22564   5968   5220 S   0,0  0,0   0:00.00 tcpdump
31995 root      20   0   22564   6060   5308 S   0,0  0,0   0:00.00 tcpdump
31996 root      20   0   22564   5992   5244 S   0,0  0,0   0:00.00 tcpdump
31997 root      20   0   22564   6160   5276 S   0,0  0,0   0:00.00 tcpdump
31998 root      20   0   22564   6132   5244 S   0,0  0,0   0:00.00 tcpdump
31844 root      20   0  985300 118360   8912 S   2,0  0,7   0:00.24 ovs-vswitc+
31914 root      20   0  985416 118548   8912 S   1,0  0,7   0:00.22 ovs-vswitc+
31738 root      10 -10   20924   4956   4204 S   0,0  0,0   0:00.00 ovsdb-serv+
31777 root      10 -10   26456   9856   8912 S   0,0  0,1   0:00.00 ovs-vswitc+
31840 root      20   0   20912   4964   4184 S   0,0  0,0   0:00.01 ovsdb-serv+
31910 root      20   0   20912   4892   4112 S   0,0  0,0   0:00.01 ovsdb-serv+
31991 root      20   0   22564   5956   5212 S   0,0  0,0   0:00.00 tcpdump
31993 root      20   0   22564   6024   5276 S   0,0  0,0   0:00.00 tcpdump
31994 root      20   0   22564   5968   5220 S   0,0  0,0   0:00.00 tcpdump
31995 root      20   0   22564   6060   5308 S   0,0  0,0   0:00.00 tcpdump
31996 root      20   0   22564   5992   5244 S   0,0  0,0   0:00.00 tcpdump
31997 root      20   0   22564   6160   5276 S   0,0  0,0   0:00.00 tcpdump
31998 root      20   0   22564   6132   5244 S   0,0  0,0   0:00.00 tcpdump
31914 root      20   0  985416 118548   8912 S   2,0  0,7   0:00.24 ovs-vswitc+
31844 root      20   0  985300 118360   8912 S   1,0  0,7   0:00.25 ovs-vswitc+
31738 root      10 -10   20924   4956   4204 S   0,0  0,0   0:00.00 ovsdb-serv+
31777 root      10 -10   26456   9856   8912 S   0,0  0,1   0:00.00 ovs-vswitc+
31840 root      20   0   20912   4964   4184 S   0,0  0,0   0:00.01 ovsdb-serv+
31910 root      20   0   20912   4892   4112 S   0,0  0,0   0:00.01 ovsdb-serv+
31991 root      20   0   22564   5956   5212 S   0,0  0,0   0:00.00 tcpdump
31993 root      20   0   22564   6024   5276 S   0,0  0,0   0:00.00 tcpdump
31994 root      20   0   22564   5968   5220 S   0,0  0,0   0:00.00 tcpdump
31995 root      20   0   22564   6060   5308 S   0,0  0,0   0:00.00 tcpdump
31996 root      20   0   22564   5992   5244 S   0,0  0,0   0:00.00 tcpdump
31997 root      20   0   22564   6160   5276 S   0,0  0,0   0:00.00 tcpdump
31998 root      20   0   22564   6132   5244 S   0,0  0,0   0:00.00 tcpdump
31914 root      20   0  985416 118548   8912 S   1,0  0,7   0:00.25 ovs-vswitc+
31738 root      10 -10   20924   4956   4204 S   0,0  0,0   0:00.00 ovsdb-serv+
31777 root      10 -10   26456   9856   8912 S   0,0  0,1   0:00.00 ovs-vswitc+
31840 root      20   0   20912   4964   4184 S   0,0  0,0   0:00.01 ovsdb-serv+
31844 root      20   0  985300 118360   8912 S   0,0  0,7   0:00.25 ovs-vswitc+
31910 root      20   0   20912   4892   4112 S   0,0  0,0   0:00.01 ovsdb-serv+
31991 root      20   0   22564   5956   5212 S   0,0  0,0   0:00.00 tcpdump
31993 root      20   0   22564   6024   5276 S   0,0  0,0   0:00.00 tcpdump
31994 root      20   0   22564   5968   5220 S   0,0  0,0   0:00.00 tcpdump
31995 root      20   0   22564   6060   5308 S   0,0  0,0   0:00.00 tcpdump
31996 root      20   0   22564   5992   5244 S   0,0  0,0   0:00.00 tcpdump
31997 root      20   0   22564   6160   5276 S   0,0  0,0   0:00.00 tcpdump
31998 root      20   0   22564   6132   5244 S   0,0  0,0   0:00.00 tcpdump
31844 root      20   0  985300 118360   8912 S   1,0  0,7   0:00.26 ovs-vswitc+
31914 root      20   0  985416 118548   8912 S   1,0  0,7   0:00.26 ovs-vswitc+
31738 root      10 -10   20924   4956   4204 S   0,0  0,0   0:00.00 ovsdb-serv+
31777 root      10 -10   26456   9856   8912 S   0,0  0,1   0:00.00 ovs-vswitc+
31840 root      20   0   20912   4964   4184 S   0,0  0,0   0:00.01 ovsdb-serv+
31910 root      20   0   20912   4892   4112 S   0,0  0,0   0:00.01 ovsdb-serv+
31991 root      20   0   22564   5956   5212 S   0,0  0,0   0:00.00 tcpdump
31993 root      20   0   22564   6024   5276 S   0,0  0,0   0:00.00 tcpdump
31994 root      20   0   22564   5968   5220 S   0,0  0,0   0:00.00 tcpdump
31995 root      20   0   22564   6060   5308 S   0,0  0,0   0:00.00 tcpdump
31996 root      20   0   22564   5992   5244 S   0,0  0,0   0:00.00 tcpdump
31997 root      20   0   22564   6160   5276 S   0,0  0,0   0:00.00 tcpdump
31998 root      20   0   22564   6132   5244 S   0,0  0,0   0:00.00 tcpdump
31914 root      20   0  985416 118548   8912 S   2,0  0,7   0:00.28 ovs-vswitc+
31844 root      20   0  985300 118360   8912 S   1,0  0,7   0:00.27 ovs-vswitc+
31738 root      10 -10   20924   4956   4204 S   0,0  0,0   0:00.00 ovsdb-serv+
31777 root      10 -10   26456   9856   8912 S   0,0  0,1   0:00.00 ovs-vswitc+
31840 root      20   0   20912   4964   4184 S   0,0  0,0   0:00.01 ovsdb-serv+
31910 root      20   0   20912   4892   4112 S   0,0  0,0   0:00.01 ovsdb-serv+
31991 root      20   0   22564   5956   5212 S   0,0  0,0   0:00.00 tcpdump
31993 root      20   0   22564   6024   5276 S   0,0  0,0   0:00.00 tcpdump
31994 root      20   0   22564   5968   5220 S   0,0  0,0   0:00.00 tcpdump
31995 root      20   0   22564   6060   5308 S   0,0  0,0   0:00.00 tcpdump
31996 root      20   0   22564   5992   5244 S   0,0  0,0   0:00.00 tcpdump
31997 root      20   0   22564   6160   5276 S   0,0  0,0   0:00.00 tcpdump
31998 root      20   0   22564   6132   5244 S   0,0  0,0   0:00.00 tcpdump
31844 root      20   0  985300 118360   8912 S   1,0  0,7   0:00.28 ovs-vswitc+
31914 root      20   0  985416 118548   8912 S   1,0  0,7   0:00.29 ovs-vswitc+
31738 root      10 -10   20924   4956   4204 S   0,0  0,0   0:00.00 ovsdb-serv+
31777 root      10 -10   26456   9856   8912 S   0,0  0,1   0:00.00 ovs-vswitc+
31840 root      20   0   20912   4964   4184 S   0,0  0,0   0:00.01 ovsdb-serv+
31910 root      20   0   20912   4892   4112 S   0,0  0,0   0:00.01 ovsdb-serv+
31991 root      20   0   22564   5956   5212 S   0,0  0,0   0:00.00 tcpdump
31993 root      20   0   22564   6024   5276 S   0,0  0,0   0:00.00 tcpdump
31994 root      20   0   22564   5968   5220 S   0,0  0,0   0:00.00 tcpdump
31995 root      20   0   22564   6060   5308 S   0,0  0,0   0:00.00 tcpdump
31996 root      20   0   22564   5992   5244 S   0,0  0,0   0:00.00 tcpdump
31997 root      20   0   22564   6160   5276 S   0,0  0,0   0:00.00 tcpdump
31998 root      20   0   22564   6132   5244 S   0,0  0,0   0:00.00 tcpdump
31844 root      20   0  985300 118360   8912 S   1,0  0,7   0:00.29 ovs-vswitc+
31914 root      20   0  985416 118548   8912 S   1,0  0,7   0:00.30 ovs-vswitc+
31738 root      10 -10   20924   4956   4204 S   0,0  0,0   0:00.00 ovsdb-serv+
31777 root      10 -10   26456   9856   8912 S   0,0  0,1   0:00.00 ovs-vswitc+
31840 root      20   0   20912   4964   4184 S   0,0  0,0   0:00.01 ovsdb-serv+
31910 root      20   0   20912   4892   4112 S   0,0  0,0   0:00.01 ovsdb-serv+
31991 root      20   0   22564   5956   5212 S   0,0  0,0   0:00.00 tcpdump
31993 root      20   0   22564   6024   5276 S   0,0  0,0   0:00.00 tcpdump
31994 root      20   0   22564   5968   5220 S   0,0  0,0   0:00.00 tcpdump
31995 root      20   0   22564   6060   5308 S   0,0  0,0   0:00.00 tcpdump
31996 root      20   0   22564   5992   5244 S   0,0  0,0   0:00.00 tcpdump
31997 root      20   0   22564   6160   5276 S   0,0  0,0   0:00.00 tcpdump
31998 root      20   0   22564   6132   5244 S   0,0  0,0   0:00.00 tcpdump
31844 root      20   0  985300 118360   8912 S   1,0  0,7   0:00.30 ovs-vswitc+
31914 root      20   0  985416 118548   8912 S   1,0  0,7   0:00.31 ovs-vswitc+
31738 root      10 -10   20924   4956   4204 S   0,0  0,0   0:00.00 ovsdb-serv+
31777 root      10 -10   26456   9856   8912 S   0,0  0,1   0:00.00 ovs-vswitc+
31840 root      20   0   20912   4964   4184 S   0,0  0,0   0:00.01 ovsdb-serv+
31910 root      20   0   20912   4892   4112 S   0,0  0,0   0:00.01 ovsdb-serv+
31991 root      20   0   22564   5956   5212 S   0,0  0,0   0:00.00 tcpdump
31993 root      20   0   22564   6024   5276 S   0,0  0,0   0:00.00 tcpdump
31994 root      20   0   22564   5968   5220 S   0,0  0,0   0:00.00 tcpdump
31995 root      20   0   22564   6060   5308 S   0,0  0,0   0:00.00 tcpdump
31996 root      20   0   22564   5992   5244 S   0,0  0,0   0:00.00 tcpdump
31997 root      20   0   22564   6160   5276 S   0,0  0,0   0:00.00 tcpdump
31998 root      20   0   22564   6132   5244 S   0,0  0,0   0:00.00 tcpdump
31738 root      10 -10   20924   4956   4204 S   0,0  0,0   0:00.00 ovsdb-serv+
31777 root      10 -10   26456   9856   8912 S   0,0  0,1   0:00.00 ovs-vswitc+
31840 root      20   0   20912   4964   4184 S   0,0  0,0   0:00.01 ovsdb-serv+
31844 root      20   0  985300 118360   8912 S   0,0  0,7   0:00.30 ovs-vswitc+
31910 root      20   0   20912   4892   4112 S   0,0  0,0   0:00.01 ovsdb-serv+
31914 root      20   0  985416 118548   8912 S   0,0  0,7   0:00.31 ovs-vswitc+
31991 root      20   0   22564   5956   5212 S   0,0  0,0   0:00.00 tcpdump
31993 root      20   0   22564   6024   5276 S   0,0  0,0   0:00.00 tcpdump
31994 root      20   0   22564   5968   5220 S   0,0  0,0   0:00.00 tcpdump
31995 root      20   0   22564   6060   5308 S   0,0  0,0   0:00.00 tcpdump
31996 root      20   0   22564   5992   5244 S   0,0  0,0   0:00.00 tcpdump
31997 root      20   0   22564   6160   5276 S   0,0  0,0   0:00.00 tcpdump
31998 root      20   0   22564   6132   5244 S   0,0  0,0   0:00.00 tcpdump
31844 root      20   0  985420 118544   8912 S   2,9  0,7   0:00.33 ovs-vswitc+
31914 root      20   0  985416 118548   8912 S   2,0  0,7   0:00.33 ovs-vswitc+
31738 root      10 -10   20924   4956   4204 S   0,0  0,0   0:00.00 ovsdb-serv+
31777 root      10 -10   26456   9856   8912 S   0,0  0,1   0:00.00 ovs-vswitc+
31840 root      20   0   20912   4964   4184 S   0,0  0,0   0:00.01 ovsdb-serv+
31910 root      20   0   20912   4892   4112 S   0,0  0,0   0:00.01 ovsdb-serv+
31991 root      20   0   22564   5956   5212 S   0,0  0,0   0:00.00 tcpdump
31993 root      20   0   22564   6024   5276 S   0,0  0,0   0:00.00 tcpdump
31994 root      20   0   22564   5968   5220 S   0,0  0,0   0:00.00 tcpdump
31995 root      20   0   22564   6060   5308 S   0,0  0,0   0:00.00 tcpdump
31996 root      20   0   22564   5992   5244 S   0,0  0,0   0:00.00 tcpdump
31997 root      20   0   22564   6160   5276 S   0,0  0,0   0:00.00 tcpdump
31998 root      20   0   22564   6132   5244 S   0,0  0,0   0:00.00 tcpdump
31738 root      10 -10   20924   4956   4204 S   0,0  0,0   0:00.00 ovsdb-serv+
31777 root      10 -10   26456   9856   8912 S   0,0  0,1   0:00.00 ovs-vswitc+
31840 root      20   0   20912   4964   4184 S   0,0  0,0   0:00.01 ovsdb-serv+
31844 root      20   0  985420 118544   8912 S   0,0  0,7   0:00.33 ovs-vswitc+
31910 root      20   0   20912   4892   4112 S   0,0  0,0   0:00.01 ovsdb-serv+
31914 root      20   0  985416 118548   8912 S   0,0  0,7   0:00.33 ovs-vswitc+
31991 root      20   0   22564   5956   5212 S   0,0  0,0   0:00.00 tcpdump
31993 root      20   0   22564   6024   5276 S   0,0  0,0   0:00.00 tcpdump
31994 root      20   0   22564   5968   5220 S   0,0  0,0   0:00.00 tcpdump
31995 root      20   0   22564   6060   5308 S   0,0  0,0   0:00.00 tcpdump
31996 root      20   0   22564   5992   5244 S   0,0  0,0   0:00.00 tcpdump
31997 root      20   0   22564   6160   5276 S   0,0  0,0   0:00.00 tcpdump
31998 root      20   0   22564   6132   5244 S   0,0  0,0   0:00.00 tcpdump
31914 root      20   0  985416 118548   8912 S   2,0  0,7   0:00.35 ovs-vswitc+
31844 root      20   0  985420 118544   8912 S   1,0  0,7   0:00.34 ovs-vswitc+
31738 root      10 -10   20924   4956   4204 S   0,0  0,0   0:00.00 ovsdb-serv+
31777 root      10 -10   26456   9856   8912 S   0,0  0,1   0:00.00 ovs-vswitc+
31840 root      20   0   20912   4964   4184 S   0,0  0,0   0:00.01 ovsdb-serv+
31910 root      20   0   20912   4892   4112 S   0,0  0,0   0:00.01 ovsdb-serv+
31991 root      20   0   22564   5956   5212 S   0,0  0,0   0:00.00 tcpdump
31993 root      20   0   22564   6024   5276 S   0,0  0,0   0:00.00 tcpdump
31994 root      20   0   22564   5968   5220 S   0,0  0,0   0:00.00 tcpdump
31995 root      20   0   22564   6060   5308 S   0,0  0,0   0:00.00 tcpdump
31996 root      20   0   22564   5992   5244 S   0,0  0,0   0:00.00 tcpdump
31997 root      20   0   22564   6160   5276 S   0,0  0,0   0:00.00 tcpdump
31998 root      20   0   22564   6132   5244 S   0,0  0,0   0:00.00 tcpdump
31844 root      20   0  985420 118544   8912 S   2,0  0,7   0:00.36 ovs-vswitc+
31914 root      20   0  985416 118548   8912 S   1,0  0,7   0:00.36 ovs-vswitc+
31738 root      10 -10   20924   4956   4204 S   0,0  0,0   0:00.00 ovsdb-serv+
31777 root      10 -10   26456   9856   8912 S   0,0  0,1   0:00.00 ovs-vswitc+
31840 root      20   0   20912   4964   4184 S   0,0  0,0   0:00.01 ovsdb-serv+
31910 root      20   0   20912   4892   4112 S   0,0  0,0   0:00.01 ovsdb-serv+
31991 root      20   0   22564   5956   5212 S   0,0  0,0   0:00.00 tcpdump
31993 root      20   0   22564   6024   5276 S   0,0  0,0   0:00.00 tcpdump
31994 root      20   0   22564   5968   5220 S   0,0  0,0   0:00.00 tcpdump
31995 root      20   0   22564   6060   5308 S   0,0  0,0   0:00.00 tcpdump
31996 root      20   0   22564   5992   5244 S   0,0  0,0   0:00.00 tcpdump
31997 root      20   0   22564   6160   5276 S   0,0  0,0   0:00.00 tcpdump
31998 root      20   0   22564   6132   5244 S   0,0  0,0   0:00.00 tcpdump
31844 root      20   0  985420 119068   8912 R   5,0  0,7   0:00.41 ovs-vswitc+
31914 root      20   0  985448 118840   8912 R   4,0  0,7   0:00.40 ovs-vswitc+
31738 root      10 -10   20924   4956   4204 S   0,0  0,0   0:00.00 ovsdb-serv+
31777 root      10 -10   26456   9856   8912 S   0,0  0,1   0:00.00 ovs-vswitc+
31840 root      20   0   20912   4964   4184 S   0,0  0,0   0:00.01 ovsdb-serv+
31910 root      20   0   20912   4892   4112 S   0,0  0,0   0:00.01 ovsdb-serv+
31991 root      20   0   22564   5956   5212 S   0,0  0,0   0:00.00 tcpdump
31993 root      20   0   22564   6024   5276 S   0,0  0,0   0:00.00 tcpdump
31994 root      20   0   22564   5968   5220 S   0,0  0,0   0:00.00 tcpdump
31995 root      20   0   22564   6060   5308 S   0,0  0,0   0:00.00 tcpdump
31996 root      20   0   22564   5992   5244 S   0,0  0,0   0:00.00 tcpdump
31997 root      20   0   22564   6160   5276 S   0,0  0,0   0:00.00 tcpdump
31998 root      20   0   22564   6132   5244 S   0,0  0,0   0:00.00 tcpdump
31844 root      20   0  985420 138076   8912 S 144,6  0,8   0:01.87 ovs-vswitc+
31914 root      20   0  985448 138636   8912 R 133,7  0,9   0:01.75 ovs-vswitc+
31738 root      10 -10   20924   4956   4204 S   0,0  0,0   0:00.00 ovsdb-serv+
31777 root      10 -10   26456   9856   8912 S   0,0  0,1   0:00.00 ovs-vswitc+
31840 root      20   0   20912   4964   4184 S   0,0  0,0   0:00.01 ovsdb-serv+
31910 root      20   0   20912   4892   4112 S   0,0  0,0   0:00.01 ovsdb-serv+
31991 root      20   0   22564   5956   5212 S   0,0  0,0   0:00.00 tcpdump
31993 root      20   0   22564   6024   5276 S   0,0  0,0   0:00.00 tcpdump
31994 root      20   0   22564   5968   5220 S   0,0  0,0   0:00.00 tcpdump
31995 root      20   0   22564   6060   5308 S   0,0  0,0   0:00.00 tcpdump
31996 root      20   0   22564   5992   5244 S   0,0  0,0   0:00.00 tcpdump
31997 root      20   0   22564   6160   5276 S   0,0  0,0   0:00.00 tcpdump
31998 root      20   0   22564   6132   5244 S   0,0  0,0   0:00.00 tcpdump
31844 root      20   0  985420 138076   8912 S  47,5  0,8   0:02.35 ovs-vswitc+
31914 root      20   0  985448 138636   8912 S  45,5  0,9   0:02.21 ovs-vswitc+
31996 root      20   0   22564   5992   5244 S   1,0  0,0   0:00.01 tcpdump
31738 root      10 -10   20924   4956   4204 S   0,0  0,0   0:00.00 ovsdb-serv+
31777 root      10 -10   26456   9856   8912 S   0,0  0,1   0:00.00 ovs-vswitc+
31840 root      20   0   20912   4964   4184 S   0,0  0,0   0:00.01 ovsdb-serv+
31910 root      20   0   20912   4892   4112 S   0,0  0,0   0:00.01 ovsdb-serv+
31991 root      20   0   22564   5956   5212 S   0,0  0,0   0:00.00 tcpdump
31993 root      20   0   22564   6024   5276 S   0,0  0,0   0:00.00 tcpdump
31994 root      20   0   22564   5968   5220 S   0,0  0,0   0:00.00 tcpdump
31995 root      20   0   22564   6060   5308 S   0,0  0,0   0:00.00 tcpdump
31997 root      20   0   22564   6160   5276 S   0,0  0,0   0:00.00 tcpdump
31998 root      20   0   22564   6132   5244 S   0,0  0,0   0:00.00 tcpdump
31914 root      20   0  985448 138636   8912 S   4,0  0,9   0:02.25 ovs-vswitc+
31844 root      20   0  985420 138076   8912 S   2,0  0,8   0:02.37 ovs-vswitc+
31738 root      10 -10   20924   4956   4204 S   0,0  0,0   0:00.00 ovsdb-serv+
31777 root      10 -10   26456   9856   8912 S   0,0  0,1   0:00.00 ovs-vswitc+
31840 root      20   0   20912   4964   4184 S   0,0  0,0   0:00.01 ovsdb-serv+
31910 root      20   0   20912   4892   4112 S   0,0  0,0   0:00.01 ovsdb-serv+
31991 root      20   0   22564   5956   5212 S   0,0  0,0   0:00.00 tcpdump
31993 root      20   0   22564   6024   5276 S   0,0  0,0   0:00.00 tcpdump
31994 root      20   0   22564   5968   5220 S   0,0  0,0   0:00.00 tcpdump
31995 root      20   0   22564   6060   5308 S   0,0  0,0   0:00.00 tcpdump
31996 root      20   0   22564   5992   5244 S   0,0  0,0   0:00.01 tcpdump
31997 root      20   0   22564   6160   5276 S   0,0  0,0   0:00.00 tcpdump
31998 root      20   0   22564   6132   5244 S   0,0  0,0   0:00.00 tcpdump
31844 root      20   0  985420 138076   8912 S   2,0  0,8   0:02.39 ovs-vswitc+
31914 root      20   0  985448 138636   8912 S   1,0  0,9   0:02.26 ovs-vswitc+
31738 root      10 -10   20924   4956   4204 S   0,0  0,0   0:00.00 ovsdb-serv+
31777 root      10 -10   26456   9856   8912 S   0,0  0,1   0:00.00 ovs-vswitc+
31840 root      20   0   20912   4964   4184 S   0,0  0,0   0:00.01 ovsdb-serv+
31910 root      20   0   20912   4892   4112 S   0,0  0,0   0:00.01 ovsdb-serv+
31991 root      20   0   22564   5956   5212 S   0,0  0,0   0:00.00 tcpdump
31993 root      20   0   22564   6024   5276 S   0,0  0,0   0:00.00 tcpdump
31994 root      20   0   22564   5968   5220 S   0,0  0,0   0:00.00 tcpdump
31995 root      20   0   22564   6060   5308 S   0,0  0,0   0:00.00 tcpdump
31996 root      20   0   22564   5992   5244 S   0,0  0,0   0:00.01 tcpdump
31997 root      20   0   22564   6160   5276 S   0,0  0,0   0:00.00 tcpdump
31998 root      20   0   22564   6132   5244 S   0,0  0,0   0:00.00 tcpdump
31914 root      20   0  985448 138636   8912 S   2,9  0,9   0:02.29 ovs-vswitc+
31844 root      20   0  985420 138076   8912 S   2,0  0,8   0:02.41 ovs-vswitc+
31738 root      10 -10   20924   4956   4204 S   0,0  0,0   0:00.00 ovsdb-serv+
31777 root      10 -10   26456   9856   8912 S   0,0  0,1   0:00.00 ovs-vswitc+
31840 root      20   0   20912   4964   4184 S   0,0  0,0   0:00.01 ovsdb-serv+
31910 root      20   0   20912   4892   4112 S   0,0  0,0   0:00.01 ovsdb-serv+
31991 root      20   0   22564   5956   5212 S   0,0  0,0   0:00.00 tcpdump
31993 root      20   0   22564   6024   5276 S   0,0  0,0   0:00.00 tcpdump
31994 root      20   0   22564   5968   5220 S   0,0  0,0   0:00.00 tcpdump
31995 root      20   0   22564   6060   5308 S   0,0  0,0   0:00.00 tcpdump
31996 root      20   0   22564   5992   5244 S   0,0  0,0   0:00.01 tcpdump
31997 root      20   0   22564   6160   5276 S   0,0  0,0   0:00.00 tcpdump
31998 root      20   0   22564   6132   5244 S   0,0  0,0   0:00.00 tcpdump
31844 root      20   0  985420 138076   8912 S   3,0  0,8   0:02.44 ovs-vswitc+
31914 root      20   0  985448 138636   8912 S   3,0  0,9   0:02.32 ovs-vswitc+
31738 root      10 -10   20924   4956   4204 S   0,0  0,0   0:00.00 ovsdb-serv+
31777 root      10 -10   26456   9856   8912 S   0,0  0,1   0:00.00 ovs-vswitc+
31840 root      20   0   20912   4964   4184 S   0,0  0,0   0:00.01 ovsdb-serv+
31910 root      20   0   20912   4892   4112 S   0,0  0,0   0:00.01 ovsdb-serv+
31991 root      20   0   22564   5956   5212 S   0,0  0,0   0:00.00 tcpdump
31993 root      20   0   22564   6024   5276 S   0,0  0,0   0:00.00 tcpdump
31994 root      20   0   22564   5968   5220 S   0,0  0,0   0:00.00 tcpdump
31995 root      20   0   22564   6060   5308 S   0,0  0,0   0:00.00 tcpdump
31996 root      20   0   22564   5992   5244 S   0,0  0,0   0:00.01 tcpdump
31997 root      20   0   22564   6160   5276 S   0,0  0,0   0:00.00 tcpdump
31998 root      20   0   22564   6132   5244 S   0,0  0,0   0:00.00 tcpdump
31914 root      20   0  985448 138636   8912 S   2,0  0,9   0:02.34 ovs-vswitc+
31844 root      20   0  985420 138076   8912 S   1,0  0,8   0:02.45 ovs-vswitc+
31738 root      10 -10   20924   4956   4204 S   0,0  0,0   0:00.00 ovsdb-serv+
31777 root      10 -10   26456   9856   8912 S   0,0  0,1   0:00.00 ovs-vswitc+
31840 root      20   0   20912   4964   4184 S   0,0  0,0   0:00.01 ovsdb-serv+
31910 root      20   0   20912   4892   4112 S   0,0  0,0   0:00.01 ovsdb-serv+
31991 root      20   0   22564   5956   5212 S   0,0  0,0   0:00.00 tcpdump
31993 root      20   0   22564   6024   5276 S   0,0  0,0   0:00.00 tcpdump
31994 root      20   0   22564   5968   5220 S   0,0  0,0   0:00.00 tcpdump
31995 root      20   0   22564   6060   5308 S   0,0  0,0   0:00.00 tcpdump
31996 root      20   0   22564   5992   5244 S   0,0  0,0   0:00.01 tcpdump
31997 root      20   0   22564   6160   5276 S   0,0  0,0   0:00.00 tcpdump
31998 root      20   0   22564   6132   5244 S   0,0  0,0   0:00.00 tcpdump
31844 root      20   0  985420 138076   8912 S   2,0  0,8   0:02.47 ovs-vswitc+
31914 root      20   0  985448 138636   8912 S   1,0  0,9   0:02.35 ovs-vswitc+
31738 root      10 -10   20924   4956   4204 S   0,0  0,0   0:00.00 ovsdb-serv+
31777 root      10 -10   26456   9856   8912 S   0,0  0,1   0:00.00 ovs-vswitc+
31840 root      20   0   20912   4964   4184 S   0,0  0,0   0:00.01 ovsdb-serv+
31910 root      20   0   20912   4892   4112 S   0,0  0,0   0:00.01 ovsdb-serv+
31991 root      20   0   22564   5956   5212 S   0,0  0,0   0:00.00 tcpdump
31993 root      20   0   22564   6024   5276 S   0,0  0,0   0:00.00 tcpdump
31994 root      20   0   22564   5968   5220 S   0,0  0,0   0:00.00 tcpdump
31995 root      20   0   22564   6060   5308 S   0,0  0,0   0:00.00 tcpdump
31996 root      20   0   22564   5992   5244 S   0,0  0,0   0:00.01 tcpdump
31997 root      20   0   22564   6160   5276 S   0,0  0,0   0:00.00 tcpdump
31998 root      20   0   22564   6132   5244 S   0,0  0,0   0:00.00 tcpdump
31914 root      20   0  985448 138636   8912 S   4,0  0,9   0:02.39 ovs-vswitc+
31844 root      20   0  985420 138076   8912 S   1,0  0,8   0:02.48 ovs-vswitc+
31738 root      10 -10   20924   4956   4204 S   0,0  0,0   0:00.00 ovsdb-serv+
31777 root      10 -10   26456   9856   8912 S   0,0  0,1   0:00.00 ovs-vswitc+
31840 root      20   0   20912   4964   4184 S   0,0  0,0   0:00.01 ovsdb-serv+
31910 root      20   0   20912   4892   4112 S   0,0  0,0   0:00.01 ovsdb-serv+
31991 root      20   0   22564   5956   5212 S   0,0  0,0   0:00.00 tcpdump
31993 root      20   0   22564   6024   5276 S   0,0  0,0   0:00.00 tcpdump
31994 root      20   0   22564   5968   5220 S   0,0  0,0   0:00.00 tcpdump
31995 root      20   0   22564   6060   5308 S   0,0  0,0   0:00.00 tcpdump
31996 root      20   0   22564   5992   5244 S   0,0  0,0   0:00.01 tcpdump
31997 root      20   0   22564   6160   5276 S   0,0  0,0   0:00.00 tcpdump
31998 root      20   0   22564   6132   5244 S   0,0  0,0   0:00.00 tcpdump
31844 root      20   0  985420 138076   8912 S   2,0  0,8   0:02.50 ovs-vswitc+
31914 root      20   0  985448 138636   8912 S   2,0  0,9   0:02.41 ovs-vswitc+
31738 root      10 -10   20924   4956   4204 S   0,0  0,0   0:00.00 ovsdb-serv+
31777 root      10 -10   26456   9856   8912 S   0,0  0,1   0:00.00 ovs-vswitc+
31840 root      20   0   20912   4964   4184 S   0,0  0,0   0:00.01 ovsdb-serv+
31910 root      20   0   20912   4892   4112 S   0,0  0,0   0:00.01 ovsdb-serv+
31991 root      20   0   22564   5956   5212 S   0,0  0,0   0:00.00 tcpdump
31993 root      20   0   22564   6024   5276 S   0,0  0,0   0:00.00 tcpdump
31994 root      20   0   22564   5968   5220 S   0,0  0,0   0:00.00 tcpdump
31995 root      20   0   22564   6060   5308 S   0,0  0,0   0:00.00 tcpdump
31996 root      20   0   22564   5992   5244 S   0,0  0,0   0:00.01 tcpdump
31997 root      20   0   22564   6160   5276 S   0,0  0,0   0:00.00 tcpdump
31998 root      20   0   22564   6132   5244 S   0,0  0,0   0:00.00 tcpdump
31844 root      20   0  985420 138076   8912 S   2,9  0,8   0:02.53 ovs-vswitc+
31914 root      20   0  985448 138636   8912 S   2,9  0,9   0:02.44 ovs-vswitc+
31738 root      10 -10   20924   4956   4204 S   0,0  0,0   0:00.00 ovsdb-serv+
31777 root      10 -10   26456   9856   8912 S   0,0  0,1   0:00.00 ovs-vswitc+
31840 root      20   0   20912   4964   4184 S   0,0  0,0   0:00.01 ovsdb-serv+
31910 root      20   0   20912   4892   4112 S   0,0  0,0   0:00.01 ovsdb-serv+
31991 root      20   0   22564   5956   5212 S   0,0  0,0   0:00.00 tcpdump
31993 root      20   0   22564   6024   5276 S   0,0  0,0   0:00.00 tcpdump
31994 root      20   0   22564   5968   5220 S   0,0  0,0   0:00.00 tcpdump
31995 root      20   0   22564   6060   5308 S   0,0  0,0   0:00.00 tcpdump
31996 root      20   0   22564   5992   5244 S   0,0  0,0   0:00.01 tcpdump
31997 root      20   0   22564   6160   5276 S   0,0  0,0   0:00.00 tcpdump
31998 root      20   0   22564   6132   5244 S   0,0  0,0   0:00.00 tcpdump
31914 root      20   0  985448 138636   8912 S   3,0  0,9   0:02.47 ovs-vswitc+
31844 root      20   0  985420 138076   8912 S   1,0  0,8   0:02.54 ovs-vswitc+
31738 root      10 -10   20924   4956   4204 S   0,0  0,0   0:00.00 ovsdb-serv+
31777 root      10 -10   26456   9856   8912 S   0,0  0,1   0:00.00 ovs-vswitc+
31840 root      20   0   20912   4964   4184 S   0,0  0,0   0:00.01 ovsdb-serv+
31910 root      20   0   20912   4892   4112 S   0,0  0,0   0:00.01 ovsdb-serv+
31991 root      20   0   22564   5956   5212 S   0,0  0,0   0:00.00 tcpdump
31993 root      20   0   22564   6024   5276 S   0,0  0,0   0:00.00 tcpdump
31994 root      20   0   22564   5968   5220 S   0,0  0,0   0:00.00 tcpdump
31995 root      20   0   22564   6060   5308 S   0,0  0,0   0:00.00 tcpdump
31996 root      20   0   22564   5992   5244 S   0,0  0,0   0:00.01 tcpdump
31997 root      20   0   22564   6160   5276 S   0,0  0,0   0:00.00 tcpdump
31998 root      20   0   22564   6132   5244 S   0,0  0,0   0:00.00 tcpdump
31914 root      20   0  985448 138636   8912 S   2,0  0,9   0:02.49 ovs-vswitc+
31844 root      20   0  985420 138076   8912 S   1,0  0,8   0:02.55 ovs-vswitc+
31738 root      10 -10   20924   4956   4204 S   0,0  0,0   0:00.00 ovsdb-serv+
31777 root      10 -10   26456   9856   8912 S   0,0  0,1   0:00.00 ovs-vswitc+
31840 root      20   0   20912   4964   4184 S   0,0  0,0   0:00.01 ovsdb-serv+
31910 root      20   0   20912   4892   4112 S   0,0  0,0   0:00.01 ovsdb-serv+
31991 root      20   0   22564   5956   5212 S   0,0  0,0   0:00.00 tcpdump
31993 root      20   0   22564   6024   5276 S   0,0  0,0   0:00.00 tcpdump
31994 root      20   0   22564   5968   5220 S   0,0  0,0   0:00.00 tcpdump
31995 root      20   0   22564   6060   5308 S   0,0  0,0   0:00.00 tcpdump
31996 root      20   0   22564   5992   5244 S   0,0  0,0   0:00.01 tcpdump
31997 root      20   0   22564   6160   5276 S   0,0  0,0   0:00.00 tcpdump
31998 root      20   0   22564   6132   5244 S   0,0  0,0   0:00.00 tcpdump
31844 root      20   0  985420 138076   8912 S   1,0  0,8   0:02.56 ovs-vswitc+
31914 root      20   0  985448 138636   8912 S   1,0  0,9   0:02.50 ovs-vswitc+
31738 root      10 -10   20924   4956   4204 S   0,0  0,0   0:00.00 ovsdb-serv+
31777 root      10 -10   26456   9856   8912 S   0,0  0,1   0:00.00 ovs-vswitc+
31840 root      20   0   20912   4964   4184 S   0,0  0,0   0:00.01 ovsdb-serv+
31910 root      20   0   20912   4892   4112 S   0,0  0,0   0:00.01 ovsdb-serv+
31991 root      20   0   22564   5956   5212 S   0,0  0,0   0:00.00 tcpdump
31993 root      20   0   22564   6024   5276 S   0,0  0,0   0:00.00 tcpdump
31994 root      20   0   22564   5968   5220 S   0,0  0,0   0:00.00 tcpdump
31995 root      20   0   22564   6060   5308 S   0,0  0,0   0:00.00 tcpdump
31996 root      20   0   22564   5992   5244 S   0,0  0,0   0:00.01 tcpdump
31997 root      20   0   22564   6160   5276 S   0,0  0,0   0:00.00 tcpdump
31998 root      20   0   22564   6132   5244 S   0,0  0,0   0:00.00 tcpdump
31844 root      20   0  985460 138120   8912 S   2,0  0,8   0:02.58 ovs-vswitc+
31914 root      20   0  985448 138636   8912 S   1,0  0,9   0:02.51 ovs-vswitc+
31738 root      10 -10   20924   4956   4204 S   0,0  0,0   0:00.00 ovsdb-serv+
31777 root      10 -10   26456   9856   8912 S   0,0  0,1   0:00.00 ovs-vswitc+
31840 root      20   0   20912   4964   4184 S   0,0  0,0   0:00.01 ovsdb-serv+
31910 root      20   0   20912   4892   4112 S   0,0  0,0   0:00.01 ovsdb-serv+
31991 root      20   0   22564   5956   5212 S   0,0  0,0   0:00.00 tcpdump
31993 root      20   0   22564   6024   5276 S   0,0  0,0   0:00.00 tcpdump
31994 root      20   0   22564   5968   5220 S   0,0  0,0   0:00.00 tcpdump
31995 root      20   0   22564   6060   5308 S   0,0  0,0   0:00.00 tcpdump
31996 root      20   0   22564   5992   5244 S   0,0  0,0   0:00.01 tcpdump
31997 root      20   0   22564   6160   5276 S   0,0  0,0   0:00.00 tcpdump
31998 root      20   0   22564   6132   5244 S   0,0  0,0   0:00.00 tcpdump
31738 root      10 -10   20924   4956   4204 S   1,0  0,0   0:00.01 ovsdb-serv+
31844 root      20   0  985460 138120   8912 S   1,0  0,8   0:02.59 ovs-vswitc+
31914 root      20   0  985448 138636   8912 S   1,0  0,9   0:02.52 ovs-vswitc+
31777 root      10 -10   26456   9856   8912 S   0,0  0,1   0:00.00 ovs-vswitc+
31840 root      20   0   20912   4964   4184 S   0,0  0,0   0:00.01 ovsdb-serv+
31910 root      20   0   20912   4892   4112 S   0,0  0,0   0:00.01 ovsdb-serv+
31991 root      20   0   22564   5956   5212 S   0,0  0,0   0:00.00 tcpdump
31993 root      20   0   22564   6024   5276 S   0,0  0,0   0:00.00 tcpdump
31994 root      20   0   22564   5968   5220 S   0,0  0,0   0:00.00 tcpdump
31995 root      20   0   22564   6060   5308 S   0,0  0,0   0:00.00 tcpdump
31996 root      20   0   22564   5992   5244 S   0,0  0,0   0:00.01 tcpdump
31997 root      20   0   22564   6160   5276 S   0,0  0,0   0:00.00 tcpdump
31998 root      20   0   22564   6132   5244 S   0,0  0,0   0:00.00 tcpdump
31844 root      20   0  985460 138120   8912 S   1,0  0,8   0:02.60 ovs-vswitc+
31914 root      20   0  985448 138636   8912 S   1,0  0,9   0:02.53 ovs-vswitc+
31738 root      10 -10   20924   4956   4204 S   0,0  0,0   0:00.01 ovsdb-serv+
31777 root      10 -10   26456   9856   8912 S   0,0  0,1   0:00.00 ovs-vswitc+
31840 root      20   0   20912   4964   4184 S   0,0  0,0   0:00.01 ovsdb-serv+
31910 root      20   0   20912   4892   4112 S   0,0  0,0   0:00.01 ovsdb-serv+
31991 root      20   0   22564   5956   5212 S   0,0  0,0   0:00.00 tcpdump
31993 root      20   0   22564   6024   5276 S   0,0  0,0   0:00.00 tcpdump
31994 root      20   0   22564   5968   5220 S   0,0  0,0   0:00.00 tcpdump
31995 root      20   0   22564   6060   5308 S   0,0  0,0   0:00.00 tcpdump
31996 root      20   0   22564   5992   5244 S   0,0  0,0   0:00.01 tcpdump
31997 root      20   0   22564   6160   5276 S   0,0  0,0   0:00.00 tcpdump
31998 root      20   0   22564   6132   5244 S   0,0  0,0   0:00.00 tcpdump
31844 root      20   0  985460 138120   8912 S   1,0  0,8   0:02.61 ovs-vswitc+
31914 root      20   0  985448 138636   8912 S   1,0  0,9   0:02.54 ovs-vswitc+
31738 root      10 -10   20924   4956   4204 S   0,0  0,0   0:00.01 ovsdb-serv+
31777 root      10 -10   26456   9856   8912 S   0,0  0,1   0:00.00 ovs-vswitc+
31840 root      20   0   20912   4964   4184 S   0,0  0,0   0:00.01 ovsdb-serv+
31910 root      20   0   20912   4892   4112 S   0,0  0,0   0:00.01 ovsdb-serv+
31991 root      20   0   22564   5956   5212 S   0,0  0,0   0:00.00 tcpdump
31993 root      20   0   22564   6024   5276 S   0,0  0,0   0:00.00 tcpdump
31994 root      20   0   22564   5968   5220 S   0,0  0,0   0:00.00 tcpdump
31995 root      20   0   22564   6060   5308 S   0,0  0,0   0:00.00 tcpdump
31996 root      20   0   22564   5992   5244 S   0,0  0,0   0:00.01 tcpdump
31997 root      20   0   22564   6160   5276 S   0,0  0,0   0:00.00 tcpdump
31998 root      20   0   22564   6132   5244 S   0,0  0,0   0:00.00 tcpdump
31844 root      20   0  985460 138120   8912 S   1,0  0,8   0:02.62 ovs-vswitc+
31914 root      20   0  985448 138636   8912 S   1,0  0,9   0:02.55 ovs-vswitc+
31738 root      10 -10   20924   4956   4204 S   0,0  0,0   0:00.01 ovsdb-serv+
31777 root      10 -10   26456   9856   8912 S   0,0  0,1   0:00.00 ovs-vswitc+
31840 root      20   0   20912   4964   4184 S   0,0  0,0   0:00.01 ovsdb-serv+
31910 root      20   0   20912   4892   4112 S   0,0  0,0   0:00.01 ovsdb-serv+
31991 root      20   0   22564   5956   5212 S   0,0  0,0   0:00.00 tcpdump
31993 root      20   0   22564   6024   5276 S   0,0  0,0   0:00.00 tcpdump
31994 root      20   0   22564   5968   5220 S   0,0  0,0   0:00.00 tcpdump
31995 root      20   0   22564   6060   5308 S   0,0  0,0   0:00.00 tcpdump
31996 root      20   0   22564   5992   5244 S   0,0  0,0   0:00.01 tcpdump
31997 root      20   0   22564   6160   5276 S   0,0  0,0   0:00.00 tcpdump
31998 root      20   0   22564   6132   5244 S   0,0  0,0   0:00.00 tcpdump
31914 root      20   0  985448 138636   8912 S   1,0  0,9   0:02.56 ovs-vswitc+
31738 root      10 -10   20924   4956   4204 S   0,0  0,0   0:00.01 ovsdb-serv+
31777 root      10 -10   26456   9856   8912 S   0,0  0,1   0:00.00 ovs-vswitc+
31840 root      20   0   20912   4964   4184 S   0,0  0,0   0:00.01 ovsdb-serv+
31844 root      20   0  985460 138120   8912 S   0,0  0,8   0:02.62 ovs-vswitc+
31910 root      20   0   20912   4892   4112 S   0,0  0,0   0:00.01 ovsdb-serv+
31991 root      20   0   22564   5956   5212 S   0,0  0,0   0:00.00 tcpdump
31993 root      20   0   22564   6024   5276 S   0,0  0,0   0:00.00 tcpdump
31994 root      20   0   22564   5968   5220 S   0,0  0,0   0:00.00 tcpdump
31995 root      20   0   22564   6060   5308 S   0,0  0,0   0:00.00 tcpdump
31996 root      20   0   22564   5992   5244 S   0,0  0,0   0:00.01 tcpdump
31997 root      20   0   22564   6160   5276 S   0,0  0,0   0:00.00 tcpdump
31998 root      20   0   22564   6132   5244 S   0,0  0,0   0:00.00 tcpdump
31844 root      20   0  985460 138120   8912 S   2,0  0,8   0:02.64 ovs-vswitc+
31914 root      20   0  985448 138636   8912 S   1,0  0,9   0:02.57 ovs-vswitc+
31738 root      10 -10   20924   4956   4204 S   0,0  0,0   0:00.01 ovsdb-serv+
31777 root      10 -10   26456   9856   8912 S   0,0  0,1   0:00.00 ovs-vswitc+
31840 root      20   0   20912   4964   4184 S   0,0  0,0   0:00.01 ovsdb-serv+
31910 root      20   0   20912   4892   4112 S   0,0  0,0   0:00.01 ovsdb-serv+
31991 root      20   0   22564   5956   5212 S   0,0  0,0   0:00.00 tcpdump
31993 root      20   0   22564   6024   5276 S   0,0  0,0   0:00.00 tcpdump
31994 root      20   0   22564   5968   5220 S   0,0  0,0   0:00.00 tcpdump
31995 root      20   0   22564   6060   5308 S   0,0  0,0   0:00.00 tcpdump
31996 root      20   0   22564   5992   5244 S   0,0  0,0   0:00.01 tcpdump
31997 root      20   0   22564   6160   5276 S   0,0  0,0   0:00.00 tcpdump
31998 root      20   0   22564   6132   5244 S   0,0  0,0   0:00.00 tcpdump
31914 root      20   0  985448 138636   8912 S   2,0  0,9   0:02.59 ovs-vswitc+
31844 root      20   0  985460 138120   8912 S   1,0  0,8   0:02.65 ovs-vswitc+
31738 root      10 -10   20924   4956   4204 S   0,0  0,0   0:00.01 ovsdb-serv+
31777 root      10 -10   26456   9856   8912 S   0,0  0,1   0:00.00 ovs-vswitc+
31840 root      20   0   20912   4964   4184 S   0,0  0,0   0:00.01 ovsdb-serv+
31910 root      20   0   20912   4892   4112 S   0,0  0,0   0:00.01 ovsdb-serv+
31991 root      20   0   22564   5956   5212 S   0,0  0,0   0:00.00 tcpdump
31993 root      20   0   22564   6024   5276 S   0,0  0,0   0:00.00 tcpdump
31994 root      20   0   22564   5968   5220 S   0,0  0,0   0:00.00 tcpdump
31995 root      20   0   22564   6060   5308 S   0,0  0,0   0:00.00 tcpdump
31996 root      20   0   22564   5992   5244 S   0,0  0,0   0:00.01 tcpdump
31997 root      20   0   22564   6160   5276 S   0,0  0,0   0:00.00 tcpdump
31998 root      20   0   22564   6132   5244 S   0,0  0,0   0:00.00 tcpdump
31844 root      20   0  985460 138120   8912 S   2,0  0,8   0:02.67 ovs-vswitc+
31914 root      20   0  985448 138636   8912 S   1,0  0,9   0:02.60 ovs-vswitc+
31738 root      10 -10   20924   4956   4204 S   0,0  0,0   0:00.01 ovsdb-serv+
31777 root      10 -10   26456   9856   8912 S   0,0  0,1   0:00.00 ovs-vswitc+
31840 root      20   0   20912   4964   4184 S   0,0  0,0   0:00.01 ovsdb-serv+
31910 root      20   0   20912   4892   4112 S   0,0  0,0   0:00.01 ovsdb-serv+
31991 root      20   0   22564   5956   5212 S   0,0  0,0   0:00.00 tcpdump
31993 root      20   0   22564   6024   5276 S   0,0  0,0   0:00.00 tcpdump
31994 root      20   0   22564   5968   5220 S   0,0  0,0   0:00.00 tcpdump
31995 root      20   0   22564   6060   5308 S   0,0  0,0   0:00.00 tcpdump
31996 root      20   0   22564   5992   5244 S   0,0  0,0   0:00.01 tcpdump
31997 root      20   0   22564   6160   5276 S   0,0  0,0   0:00.00 tcpdump
31998 root      20   0   22564   6132   5244 S   0,0  0,0   0:00.00 tcpdump
31914 root      20   0  985448 138636   8912 S   1,0  0,9   0:02.61 ovs-vswitc+
31738 root      10 -10   20924   4956   4204 S   0,0  0,0   0:00.01 ovsdb-serv+
31777 root      10 -10   26456   9856   8912 S   0,0  0,1   0:00.00 ovs-vswitc+
31840 root      20   0   20912   4964   4184 S   0,0  0,0   0:00.01 ovsdb-serv+
31844 root      20   0  985460 138120   8912 S   0,0  0,8   0:02.67 ovs-vswitc+
31910 root      20   0   20912   4892   4112 S   0,0  0,0   0:00.01 ovsdb-serv+
31991 root      20   0   22564   5956   5212 S   0,0  0,0   0:00.00 tcpdump
31993 root      20   0   22564   6024   5276 S   0,0  0,0   0:00.00 tcpdump
31994 root      20   0   22564   5968   5220 S   0,0  0,0   0:00.00 tcpdump
31995 root      20   0   22564   6060   5308 S   0,0  0,0   0:00.00 tcpdump
31996 root      20   0   22564   5992   5244 S   0,0  0,0   0:00.01 tcpdump
31997 root      20   0   22564   6160   5276 S   0,0  0,0   0:00.00 tcpdump
31998 root      20   0   22564   6132   5244 S   0,0  0,0   0:00.00 tcpdump
31844 root      20   0  985460 138120   8912 S   1,0  0,8   0:02.68 ovs-vswitc+
31738 root      10 -10   20924   4956   4204 S   0,0  0,0   0:00.01 ovsdb-serv+
31777 root      10 -10   26456   9856   8912 S   0,0  0,1   0:00.00 ovs-vswitc+
31840 root      20   0   20912   4964   4184 S   0,0  0,0   0:00.01 ovsdb-serv+
31910 root      20   0   20912   4892   4112 S   0,0  0,0   0:00.01 ovsdb-serv+
31914 root      20   0  985448 138636   8912 S   0,0  0,9   0:02.61 ovs-vswitc+
31991 root      20   0   22564   5956   5212 S   0,0  0,0   0:00.00 tcpdump
31993 root      20   0   22564   6024   5276 S   0,0  0,0   0:00.00 tcpdump
31994 root      20   0   22564   5968   5220 S   0,0  0,0   0:00.00 tcpdump
31995 root      20   0   22564   6060   5308 S   0,0  0,0   0:00.00 tcpdump
31996 root      20   0   22564   5992   5244 S   0,0  0,0   0:00.01 tcpdump
31997 root      20   0   22564   6160   5276 S   0,0  0,0   0:00.00 tcpdump
31998 root      20   0   22564   6132   5244 S   0,0  0,0   0:00.00 tcpdump
31844 root      20   0  985460 138120   8912 S   2,0  0,8   0:02.70 ovs-vswitc+
31840 root      20   0   20912   4964   4184 S   1,0  0,0   0:00.02 ovsdb-serv+
31914 root      20   0  985448 138636   8912 S   1,0  0,9   0:02.62 ovs-vswitc+
31738 root      10 -10   20924   4956   4204 S   0,0  0,0   0:00.01 ovsdb-serv+
31777 root      10 -10   26456   9856   8912 S   0,0  0,1   0:00.00 ovs-vswitc+
31910 root      20   0   20912   4892   4112 S   0,0  0,0   0:00.01 ovsdb-serv+
31991 root      20   0   22564   5956   5212 S   0,0  0,0   0:00.00 tcpdump
31993 root      20   0   22564   6024   5276 S   0,0  0,0   0:00.00 tcpdump
31994 root      20   0   22564   5968   5220 S   0,0  0,0   0:00.00 tcpdump
31995 root      20   0   22564   6060   5308 S   0,0  0,0   0:00.00 tcpdump
31996 root      20   0   22564   5992   5244 S   0,0  0,0   0:00.01 tcpdump
31997 root      20   0   22564   6160   5276 S   0,0  0,0   0:00.00 tcpdump
31998 root      20   0   22564   6132   5244 S   0,0  0,0   0:00.00 tcpdump
31914 root      20   0  985448 138636   8912 S   2,0  0,9   0:02.64 ovs-vswitc+
31910 root      20   0   20912   4892   4112 S   1,0  0,0   0:00.02 ovsdb-serv+
31738 root      10 -10   20924   4956   4204 S   0,0  0,0   0:00.01 ovsdb-serv+
31777 root      10 -10   26456   9856   8912 S   0,0  0,1   0:00.00 ovs-vswitc+
31840 root      20   0   20912   4964   4184 S   0,0  0,0   0:00.02 ovsdb-serv+
31844 root      20   0  985460 138120   8912 S   0,0  0,8   0:02.70 ovs-vswitc+
31991 root      20   0   22564   5956   5212 S   0,0  0,0   0:00.00 tcpdump
31993 root      20   0   22564   6024   5276 S   0,0  0,0   0:00.00 tcpdump
31994 root      20   0   22564   5968   5220 S   0,0  0,0   0:00.00 tcpdump
31995 root      20   0   22564   6060   5308 S   0,0  0,0   0:00.00 tcpdump
31996 root      20   0   22564   5992   5244 S   0,0  0,0   0:00.01 tcpdump
31997 root      20   0   22564   6160   5276 S   0,0  0,0   0:00.00 tcpdump
31998 root      20   0   22564   6132   5244 S   0,0  0,0   0:00.00 tcpdump
31844 root      20   0  985460 138120   8912 S   2,0  0,8   0:02.72 ovs-vswitc+
31914 root      20   0  985448 138636   8912 S   1,0  0,9   0:02.65 ovs-vswitc+
31738 root      10 -10   20924   4956   4204 S   0,0  0,0   0:00.01 ovsdb-serv+
31777 root      10 -10   26456   9856   8912 S   0,0  0,1   0:00.00 ovs-vswitc+
31840 root      20   0   20912   4964   4184 S   0,0  0,0   0:00.02 ovsdb-serv+
31910 root      20   0   20912   4892   4112 S   0,0  0,0   0:00.02 ovsdb-serv+
31991 root      20   0   22564   5956   5212 S   0,0  0,0   0:00.00 tcpdump
31993 root      20   0   22564   6024   5276 S   0,0  0,0   0:00.00 tcpdump
31994 root      20   0   22564   5968   5220 S   0,0  0,0   0:00.00 tcpdump
31995 root      20   0   22564   6060   5308 S   0,0  0,0   0:00.00 tcpdump
31996 root      20   0   22564   5992   5244 S   0,0  0,0   0:00.01 tcpdump
31997 root      20   0   22564   6160   5276 S   0,0  0,0   0:00.00 tcpdump
31998 root      20   0   22564   6132   5244 S   0,0  0,0   0:00.00 tcpdump
31844 root      20   0  985460 138120   8912 S   1,0  0,8   0:02.73 ovs-vswitc+
31914 root      20   0  985448 138636   8912 S   1,0  0,9   0:02.66 ovs-vswitc+
31738 root      10 -10   20924   4956   4204 S   0,0  0,0   0:00.01 ovsdb-serv+
31777 root      10 -10   26456   9856   8912 S   0,0  0,1   0:00.00 ovs-vswitc+
31840 root      20   0   20912   4964   4184 S   0,0  0,0   0:00.02 ovsdb-serv+
31910 root      20   0   20912   4892   4112 S   0,0  0,0   0:00.02 ovsdb-serv+
31991 root      20   0   22564   5956   5212 S   0,0  0,0   0:00.00 tcpdump
31993 root      20   0   22564   6024   5276 S   0,0  0,0   0:00.00 