25050 root      20   0  985304 118368   8912 S  25,0  0,7   0:00.14 ovs-vswitc+
25121 root      20   0  985304 118372   8912 S  25,0  0,7   0:00.13 ovs-vswitc+
24944 root      10 -10   20924   4872   4116 S   0,0  0,0   0:00.00 ovsdb-serv+
24983 root      10 -10   26456   9856   8912 S   0,0  0,1   0:00.00 ovs-vswitc+
25046 root      20   0   20912   5080   4300 S   0,0  0,0   0:00.00 ovsdb-serv+
25117 root      20   0   20912   4900   4116 S   0,0  0,0   0:00.01 ovsdb-serv+
25197 root      20   0   22564   6084   5332 S   0,0  0,0   0:00.00 tcpdump
25198 root      20   0   22564   6016   5264 S   0,0  0,0   0:00.00 tcpdump
25199 root      20   0   22564   6096   5348 S   0,0  0,0   0:00.00 tcpdump
25200 root      20   0   22564   6000   5248 S   0,0  0,0   0:00.00 tcpdump
25201 root      20   0   22564   5984   5236 S   0,0  0,0   0:00.00 tcpdump
25202 root      20   0   22564   6192   5304 S   0,0  0,0   0:00.00 tcpdump
25203 root      20   0   22564   6208   5320 S   0,0  0,0   0:00.00 tcpdump
25050 root      20   0  985304 118368   8912 S   1,0  0,7   0:00.15 ovs-vswitc+
24944 root      10 -10   20924   4872   4116 S   0,0  0,0   0:00.00 ovsdb-serv+
24983 root      10 -10   26456   9856   8912 S   0,0  0,1   0:00.00 ovs-vswitc+
25046 root      20   0   20912   5080   4300 S   0,0  0,0   0:00.00 ovsdb-serv+
25117 root      20   0   20912   4900   4116 S   0,0  0,0   0:00.01 ovsdb-serv+
25121 root      20   0  985304 118372   8912 S   0,0  0,7   0:00.13 ovs-vswitc+
25197 root      20   0   22564   6084   5332 S   0,0  0,0   0:00.00 tcpdump
25198 root      20   0   22564   6016   5264 S   0,0  0,0   0:00.00 tcpdump
25199 root      20   0   22564   6096   5348 S   0,0  0,0   0:00.00 tcpdump
25200 root      20   0   22564   6000   5248 S   0,0  0,0   0:00.00 tcpdump
25201 root      20   0   22564   5984   5236 S   0,0  0,0   0:00.00 tcpdump
25202 root      20   0   22564   6192   5304 S   0,0  0,0   0:00.00 tcpdump
25203 root      20   0   22564   6208   5320 S   0,0  0,0   0:00.00 tcpdump
25121 root      20   0  985304 118372   8912 S   1,0  0,7   0:00.14 ovs-vswitc+
24944 root      10 -10   20924   4872   4116 S   0,0  0,0   0:00.00 ovsdb-serv+
24983 root      10 -10   26456   9856   8912 S   0,0  0,1   0:00.00 ovs-vswitc+
25046 root      20   0   20912   5080   4300 S   0,0  0,0   0:00.00 ovsdb-serv+
25050 root      20   0  985304 118368   8912 S   0,0  0,7   0:00.15 ovs-vswitc+
25117 root      20   0   20912   4900   4116 S   0,0  0,0   0:00.01 ovsdb-serv+
25197 root      20   0   22564   6084   5332 S   0,0  0,0   0:00.00 tcpdump
25198 root      20   0   22564   6016   5264 S   0,0  0,0   0:00.00 tcpdump
25199 root      20   0   22564   6096   5348 S   0,0  0,0   0:00.00 tcpdump
25200 root      20   0   22564   6000   5248 S   0,0  0,0   0:00.00 tcpdump
25201 root      20   0   22564   5984   5236 S   0,0  0,0   0:00.00 tcpdump
25202 root      20   0   22564   6192   5304 S   0,0  0,0   0:00.00 tcpdump
25203 root      20   0   22564   6208   5320 S   0,0  0,0   0:00.00 tcpdump
25121 root      20   0  985304 118372   8912 S   1,9  0,7   0:00.16 ovs-vswitc+
25050 root      20   0  985304 118368   8912 S   1,0  0,7   0:00.16 ovs-vswitc+
24944 root      10 -10   20924   4872   4116 S   0,0  0,0   0:00.00 ovsdb-serv+
24983 root      10 -10   26456   9856   8912 S   0,0  0,1   0:00.00 ovs-vswitc+
25046 root      20   0   20912   5080   4300 S   0,0  0,0   0:00.00 ovsdb-serv+
25117 root      20   0   20912   4900   4116 S   0,0  0,0   0:00.01 ovsdb-serv+
25197 root      20   0   22564   6084   5332 S   0,0  0,0   0:00.00 tcpdump
25198 root      20   0   22564   6016   5264 S   0,0  0,0   0:00.00 tcpdump
25199 root      20   0   22564   6096   5348 S   0,0  0,0   0:00.00 tcpdump
25200 root      20   0   22564   6000   5248 S   0,0  0,0   0:00.00 tcpdump
25201 root      20   0   22564   5984   5236 S   0,0  0,0   0:00.00 tcpdump
25202 root      20   0   22564   6192   5304 S   0,0  0,0   0:00.00 tcpdump
25203 root      20   0   22564   6208   5320 S   0,0  0,0   0:00.00 tcpdump
25121 root      20   0  985304 118372   8912 S   1,0  0,7   0:00.17 ovs-vswitc+
24944 root      10 -10   20924   4872   4116 S   0,0  0,0   0:00.00 ovsdb-serv+
24983 root      10 -10   26456   9856   8912 S   0,0  0,1   0:00.00 ovs-vswitc+
25046 root      20   0   20912   5080   4300 S   0,0  0,0   0:00.00 ovsdb-serv+
25050 root      20   0  985304 118368   8912 S   0,0  0,7   0:00.16 ovs-vswitc+
25117 root      20   0   20912   4900   4116 S   0,0  0,0   0:00.01 ovsdb-serv+
25197 root      20   0   22564   6084   5332 S   0,0  0,0   0:00.00 tcpdump
25198 root      20   0   22564   6016   5264 S   0,0  0,0   0:00.00 tcpdump
25199 root      20   0   22564   6096   5348 S   0,0  0,0   0:00.00 tcpdump
25200 root      20   0   22564   6000   5248 S   0,0  0,0   0:00.00 tcpdump
25201 root      20   0   22564   5984   5236 S   0,0  0,0   0:00.00 tcpdump
25202 root      20   0   22564   6192   5304 S   0,0  0,0   0:00.00 tcpdump
25203 root      20   0   22564   6208   5320 S   0,0  0,0   0:00.00 tcpdump
25050 root      20   0  985304 118368   8912 S   1,0  0,7   0:00.17 ovs-vswitc+
25121 root      20   0  985304 118372   8912 S   1,0  0,7   0:00.18 ovs-vswitc+
24944 root      10 -10   20924   4872   4116 S   0,0  0,0   0:00.00 ovsdb-serv+
24983 root      10 -10   26456   9856   8912 S   0,0  0,1   0:00.00 ovs-vswitc+
25046 root      20   0   20912   5080   4300 S   0,0  0,0   0:00.00 ovsdb-serv+
25117 root      20   0   20912   4900   4116 S   0,0  0,0   0:00.01 ovsdb-serv+
25197 root      20   0   22564   6084   5332 S   0,0  0,0   0:00.00 tcpdump
25198 root      20   0   22564   6016   5264 S   0,0  0,0   0:00.00 tcpdump
25199 root      20   0   22564   6096   5348 S   0,0  0,0   0:00.00 tcpdump
25200 root      20   0   22564   6000   5248 S   0,0  0,0   0:00.00 tcpdump
25201 root      20   0   22564   5984   5236 S   0,0  0,0   0:00.00 tcpdump
25202 root      20   0   22564   6192   5304 S   0,0  0,0   0:00.00 tcpdump
25203 root      20   0   22564   6208   5320 S   0,0  0,0   0:00.00 tcpdump
25050 root      20   0  985304 118368   8912 S   1,0  0,7   0:00.18 ovs-vswitc+
25121 root      20   0  985304 118372   8912 S   1,0  0,7   0:00.19 ovs-vswitc+
24944 root      10 -10   20924   4872   4116 S   0,0  0,0   0:00.00 ovsdb-serv+
24983 root      10 -10   26456   9856   8912 S   0,0  0,1   0:00.00 ovs-vswitc+
25046 root      20   0   20912   5080   4300 S   0,0  0,0   0:00.00 ovsdb-serv+
25117 root      20   0   20912   4900   4116 S   0,0  0,0   0:00.01 ovsdb-serv+
25197 root      20   0   22564   6084   5332 S   0,0  0,0   0:00.00 tcpdump
25198 root      20   0   22564   6016   5264 S   0,0  0,0   0:00.00 tcpdump
25199 root      20   0   22564   6096   5348 S   0,0  0,0   0:00.00 tcpdump
25200 root      20   0   22564   6000   5248 S   0,0  0,0   0:00.00 tcpdump
25201 root      20   0   22564   5984   5236 S   0,0  0,0   0:00.00 tcpdump
25202 root      20   0   22564   6192   5304 S   0,0  0,0   0:00.00 tcpdump
25203 root      20   0   22564   6208   5320 S   0,0  0,0   0:00.00 tcpdump
25050 root      20   0  985304 118368   8912 S   1,0  0,7   0:00.19 ovs-vswitc+
25121 root      20   0  985420 118556   8912 R   1,0  0,7   0:00.20 ovs-vswitc+
24944 root      10 -10   20924   4872   4116 S   0,0  0,0   0:00.00 ovsdb-serv+
24983 root      10 -10   26456   9856   8912 S   0,0  0,1   0:00.00 ovs-vswitc+
25046 root      20   0   20912   5080   4300 S   0,0  0,0   0:00.00 ovsdb-serv+
25117 root      20   0   20912   4900   4116 S   0,0  0,0   0:00.01 ovsdb-serv+
25197 root      20   0   22564   6084   5332 S   0,0  0,0   0:00.00 tcpdump
25198 root      20   0   22564   6016   5264 S   0,0  0,0   0:00.00 tcpdump
25199 root      20   0   22564   6096   5348 S   0,0  0,0   0:00.00 tcpdump
25200 root      20   0   22564   6000   5248 S   0,0  0,0   0:00.00 tcpdump
25201 root      20   0   22564   5984   5236 S   0,0  0,0   0:00.00 tcpdump
25202 root      20   0   22564   6192   5304 S   0,0  0,0   0:00.00 tcpdump
25203 root      20   0   22564   6208   5320 S   0,0  0,0   0:00.00 tcpdump
25050 root      20   0  985400 118532   8912 S   1,0  0,7   0:00.20 ovs-vswitc+
25121 root      20   0  985420 118556   8912 S   1,0  0,7   0:00.21 ovs-vswitc+
24944 root      10 -10   20924   4872   4116 S   0,0  0,0   0:00.00 ovsdb-serv+
24983 root      10 -10   26456   9856   8912 S   0,0  0,1   0:00.00 ovs-vswitc+
25046 root      20   0   20912   5080   4300 S   0,0  0,0   0:00.00 ovsdb-serv+
25117 root      20   0   20912   4900   4116 S   0,0  0,0   0:00.01 ovsdb-serv+
25197 root      20   0   22564   6084   5332 S   0,0  0,0   0:00.00 tcpdump
25198 root      20   0   22564   6016   5264 S   0,0  0,0   0:00.00 tcpdump
25199 root      20   0   22564   6096   5348 S   0,0  0,0   0:00.00 tcpdump
25200 root      20   0   22564   6000   5248 S   0,0  0,0   0:00.00 tcpdump
25201 root      20   0   22564   5984   5236 S   0,0  0,0   0:00.00 tcpdump
25202 root      20   0   22564   6192   5304 S   0,0  0,0   0:00.00 tcpdump
25203 root      20   0   22564   6208   5320 S   0,0  0,0   0:00.00 tcpdump
25121 root      20   0  985420 118556   8912 S   2,0  0,7   0:00.23 ovs-vswitc+
25050 root      20   0  985400 118532   8912 S   1,0  0,7   0:00.21 ovs-vswitc+
24944 root      10 -10   20924   4872   4116 S   0,0  0,0   0:00.00 ovsdb-serv+
24983 root      10 -10   26456   9856   8912 S   0,0  0,1   0:00.00 ovs-vswitc+
25046 root      20   0   20912   5080   4300 S   0,0  0,0   0:00.00 ovsdb-serv+
25117 root      20   0   20912   4900   4116 S   0,0  0,0   0:00.01 ovsdb-serv+
25197 root      20   0   22564   6084   5332 S   0,0  0,0   0:00.00 tcpdump
25198 root      20   0   22564   6016   5264 S   0,0  0,0   0:00.00 tcpdump
25199 root      20   0   22564   6096   5348 S   0,0  0,0   0:00.00 tcpdump
25200 root      20   0   22564   6000   5248 S   0,0  0,0   0:00.00 tcpdump
25201 root      20   0   22564   5984   5236 S   0,0  0,0   0:00.00 tcpdump
25202 root      20   0   22564   6192   5304 S   0,0  0,0   0:00.00 tcpdump
25203 root      20   0   22564   6208   5320 S   0,0  0,0   0:00.00 tcpdump
25046 root      20   0   20912   5080   4300 S   1,0  0,0   0:00.01 ovsdb-serv+
25121 root      20   0  985420 118556   8912 S   1,0  0,7   0:00.24 ovs-vswitc+
24944 root      10 -10   20924   4872   4116 S   0,0  0,0   0:00.00 ovsdb-serv+
24983 root      10 -10   26456   9856   8912 S   0,0  0,1   0:00.00 ovs-vswitc+
25050 root      20   0  985400 118532   8912 S   0,0  0,7   0:00.21 ovs-vswitc+
25117 root      20   0   20912   4900   4116 S   0,0  0,0   0:00.01 ovsdb-serv+
25197 root      20   0   22564   6084   5332 S   0,0  0,0   0:00.00 tcpdump
25198 root      20   0   22564   6016   5264 S   0,0  0,0   0:00.00 tcpdump
25199 root      20   0   22564   6096   5348 S   0,0  0,0   0:00.00 tcpdump
25200 root      20   0   22564   6000   5248 S   0,0  0,0   0:00.00 tcpdump
25201 root      20   0   22564   5984   5236 S   0,0  0,0   0:00.00 tcpdump
25202 root      20   0   22564   6192   5304 S   0,0  0,0   0:00.00 tcpdump
25203 root      20   0   22564   6208   5320 S   0,0  0,0   0:00.00 tcpdump
25050 root      20   0  985400 118532   8912 S   2,0  0,7   0:00.23 ovs-vswitc+
24944 root      10 -10   20924   4872   4116 S   0,0  0,0   0:00.00 ovsdb-serv+
24983 root      10 -10   26456   9856   8912 S   0,0  0,1   0:00.00 ovs-vswitc+
25046 root      20   0   20912   5080   4300 S   0,0  0,0   0:00.01 ovsdb-serv+
25117 root      20   0   20912   4900   4116 S   0,0  0,0   0:00.01 ovsdb-serv+
25121 root      20   0  985420 118556   8912 S   0,0  0,7   0:00.24 ovs-vswitc+
25197 root      20   0   22564   6084   5332 S   0,0  0,0   0:00.00 tcpdump
25198 root      20   0   22564   6016   5264 S   0,0  0,0   0:00.00 tcpdump
25199 root      20   0   22564   6096   5348 S   0,0  0,0   0:00.00 tcpdump
25200 root      20   0   22564   6000   5248 S   0,0  0,0   0:00.00 tcpdump
25201 root      20   0   22564   5984   5236 S   0,0  0,0   0:00.00 tcpdump
25202 root      20   0   22564   6192   5304 S   0,0  0,0   0:00.00 tcpdump
25203 root      20   0   22564   6208   5320 S   0,0  0,0   0:00.00 tcpdump
25121 root      20   0  985420 118556   8912 S   1,0  0,7   0:00.25 ovs-vswitc+
24944 root      10 -10   20924   4872   4116 S   0,0  0,0   0:00.00 ovsdb-serv+
24983 root      10 -10   26456   9856   8912 S   0,0  0,1   0:00.00 ovs-vswitc+
25046 root      20   0   20912   5080   4300 S   0,0  0,0   0:00.01 ovsdb-serv+
25050 root      20   0  985400 118532   8912 S   0,0  0,7   0:00.23 ovs-vswitc+
25117 root      20   0   20912   4900   4116 S   0,0  0,0   0:00.01 ovsdb-serv+
25197 root      20   0   22564   6084   5332 S   0,0  0,0   0:00.00 tcpdump
25198 root      20   0   22564   6016   5264 S   0,0  0,0   0:00.00 tcpdump
25199 root      20   0   22564   6096   5348 S   0,0  0,0   0:00.00 tcpdump
25200 root      20   0   22564   6000   5248 S   0,0  0,0   0:00.00 tcpdump
25201 root      20   0   22564   5984   5236 S   0,0  0,0   0:00.00 tcpdump
25202 root      20   0   22564   6192   5304 S   0,0  0,0   0:00.00 tcpdump
25203 root      20   0   22564   6208   5320 S   0,0  0,0   0:00.00 tcpdump
25050 root      20   0  985400 118532   8912 S   1,0  0,7   0:00.24 ovs-vswitc+
24944 root      10 -10   20924   4872   4116 S   0,0  0,0   0:00.00 ovsdb-serv+
24983 root      10 -10   26456   9856   8912 S   0,0  0,1   0:00.00 ovs-vswitc+
25046 root      20   0   20912   5080   4300 S   0,0  0,0   0:00.01 ovsdb-serv+
25117 root      20   0   20912   4900   4116 S   0,0  0,0   0:00.01 ovsdb-serv+
25121 root      20   0  985420 118556   8912 S   0,0  0,7   0:00.25 ovs-vswitc+
25197 root      20   0   22564   6084   5332 S   0,0  0,0   0:00.00 tcpdump
25198 root      20   0   22564   6016   5264 S   0,0  0,0   0:00.00 tcpdump
25199 root      20   0   22564   6096   5348 S   0,0  0,0   0:00.00 tcpdump
25200 root      20   0   22564   6000   5248 S   0,0  0,0   0:00.00 tcpdump
25201 root      20   0   22564   5984   5236 S   0,0  0,0   0:00.00 tcpdump
25202 root      20   0   22564   6192   5304 S   0,0  0,0   0:00.00 tcpdump
25203 root      20   0   22564   6208   5320 S   0,0  0,0   0:00.00 tcpdump
25050 root      20   0  985400 118532   8912 S   1,0  0,7   0:00.25 ovs-vswitc+
25121 root      20   0  985420 118556   8912 S   1,0  0,7   0:00.26 ovs-vswitc+
24944 root      10 -10   20924   4872   4116 S   0,0  0,0   0:00.00 ovsdb-serv+
24983 root      10 -10   26456   9856   8912 S   0,0  0,1   0:00.00 ovs-vswitc+
25046 root      20   0   20912   5080   4300 S   0,0  0,0   0:00.01 ovsdb-serv+
25117 root      20   0   20912   4900   4116 S   0,0  0,0   0:00.01 ovsdb-serv+
25197 root      20   0   22564   6084   5332 S   0,0  0,0   0:00.00 tcpdump
25198 root      20   0   22564   6016   5264 S   0,0  0,0   0:00.00 tcpdump
25199 root      20   0   22564   6096   5348 S   0,0  0,0   0:00.00 tcpdump
25200 root      20   0   22564   6000   5248 S   0,0  0,0   0:00.00 tcpdump
25201 root      20   0   22564   5984   5236 S   0,0  0,0   0:00.00 tcpdump
25202 root      20   0   22564   6192   5304 S   0,0  0,0   0:00.00 tcpdump
25203 root      20   0   22564   6208   5320 S   0,0  0,0   0:00.00 tcpdump
25121 root      20   0  985420 118556   8912 S   2,0  0,7   0:00.28 ovs-vswitc+
25050 root      20   0  985400 118532   8912 S   1,0  0,7   0:00.26 ovs-vswitc+
24944 root      10 -10   20924   4872   4116 S   0,0  0,0   0:00.00 ovsdb-serv+
24983 root      10 -10   26456   9856   8912 S   0,0  0,1   0:00.00 ovs-vswitc+
25046 root      20   0   20912   5080   4300 S   0,0  0,0   0:00.01 ovsdb-serv+
25117 root      20   0   20912   4900   4116 S   0,0  0,0   0:00.01 ovsdb-serv+
25197 root      20   0   22564   6084   5332 S   0,0  0,0   0:00.00 tcpdump
25198 root      20   0   22564   6016   5264 S   0,0  0,0   0:00.00 tcpdump
25199 root      20   0   22564   6096   5348 S   0,0  0,0   0:00.00 tcpdump
25200 root      20   0   22564   6000   5248 S   0,0  0,0   0:00.00 tcpdump
25201 root      20   0   22564   5984   5236 S   0,0  0,0   0:00.00 tcpdump
25202 root      20   0   22564   6192   5304 S   0,0  0,0   0:00.00 tcpdump
25203 root      20   0   22564   6208   5320 S   0,0  0,0   0:00.00 tcpdump
25050 root      20   0  985400 118532   8912 S   1,0  0,7   0:00.27 ovs-vswitc+
24944 root      10 -10   20924   4872   4116 S   0,0  0,0   0:00.00 ovsdb-serv+
24983 root      10 -10   26456   9856   8912 S   0,0  0,1   0:00.00 ovs-vswitc+
25046 root      20   0   20912   5080   4300 S   0,0  0,0   0:00.01 ovsdb-serv+
25117 root      20   0   20912   4900   4116 S   0,0  0,0   0:00.01 ovsdb-serv+
25121 root      20   0  985420 118556   8912 S   0,0  0,7   0:00.28 ovs-vswitc+
25197 root      20   0   22564   6084   5332 S   0,0  0,0   0:00.00 tcpdump
25198 root      20   0   22564   6016   5264 S   0,0  0,0   0:00.00 tcpdump
25199 root      20   0   22564   6096   5348 S   0,0  0,0   0:00.00 tcpdump
25200 root      20   0   22564   6000   5248 S   0,0  0,0   0:00.00 tcpdump
25201 root      20   0   22564   5984   5236 S   0,0  0,0   0:00.00 tcpdump
25202 root      20   0   22564   6192   5304 S   0,0  0,0   0:00.00 tcpdump
25203 root      20   0   22564   6208   5320 S   0,0  0,0   0:00.00 tcpdump
25121 root      20   0  985420 118556   8912 S   1,0  0,7   0:00.29 ovs-vswitc+
24944 root      10 -10   20924   4872   4116 S   0,0  0,0   0:00.00 ovsdb-serv+
24983 root      10 -10   26456   9856   8912 S   0,0  0,1   0:00.00 ovs-vswitc+
25046 root      20   0   20912   5080   4300 S   0,0  0,0   0:00.01 ovsdb-serv+
25050 root      20   0  985400 118532   8912 S   0,0  0,7   0:00.27 ovs-vswitc+
25117 root      20   0   20912   4900   4116 S   0,0  0,0   0:00.01 ovsdb-serv+
25197 root      20   0   22564   6084   5332 S   0,0  0,0   0:00.00 tcpdump
25198 root      20   0   22564   6016   5264 S   0,0  0,0   0:00.00 tcpdump
25199 root      20   0   22564   6096   5348 S   0,0  0,0   0:00.00 tcpdump
25200 root      20   0   22564   6000   5248 S   0,0  0,0   0:00.00 tcpdump
25201 root      20   0   22564   5984   5236 S   0,0  0,0   0:00.00 tcpdump
25202 root      20   0   22564   6192   5304 S   0,0  0,0   0:00.00 tcpdump
25203 root      20   0   22564   6208   5320 S   0,0  0,0   0:00.00 tcpdump
25050 root      20   0  985400 118532   8912 S   1,9  0,7   0:00.29 ovs-vswitc+
25121 root      20   0  985420 118556   8912 S   1,0  0,7   0:00.30 ovs-vswitc+
24944 root      10 -10   20924   4872   4116 S   0,0  0,0   0:00.00 ovsdb-serv+
24983 root      10 -10   26456   9856   8912 S   0,0  0,1   0:00.00 ovs-vswitc+
25046 root      20   0   20912   5080   4300 S   0,0  0,0   0:00.01 ovsdb-serv+
25117 root      20   0   20912   4900   4116 S   0,0  0,0   0:00.01 ovsdb-serv+
25197 root      20   0   22564   6084   5332 S   0,0  0,0   0:00.00 tcpdump
25198 root      20   0   22564   6016   5264 S   0,0  0,0   0:00.00 tcpdump
25199 root      20   0   22564   6096   5348 S   0,0  0,0   0:00.00 tcpdump
25200 root      20   0   22564   6000   5248 S   0,0  0,0   0:00.00 tcpdump
25201 root      20   0   22564   5984   5236 S   0,0  0,0   0:00.00 tcpdump
25202 root      20   0   22564   6192   5304 S   0,0  0,0   0:00.00 tcpdump
25203 root      20   0   22564   6208   5320 S   0,0  0,0   0:00.00 tcpdump
25121 root      20   0  985420 118556   8912 S   1,0  0,7   0:00.31 ovs-vswitc+
24944 root      10 -10   20924   4872   4116 S   0,0  0,0   0:00.00 ovsdb-serv+
24983 root      10 -10   26456   9856   8912 S   0,0  0,1   0:00.00 ovs-vswitc+
25046 root      20   0   20912   5080   4300 S   0,0  0,0   0:00.01 ovsdb-serv+
25050 root      20   0  985400 118532   8912 S   0,0  0,7   0:00.29 ovs-vswitc+
25117 root      20   0   20912   4900   4116 S   0,0  0,0   0:00.01 ovsdb-serv+
25197 root      20   0   22564   6084   5332 S   0,0  0,0   0:00.00 tcpdump
25198 root      20   0   22564   6016   5264 S   0,0  0,0   0:00.00 tcpdump
25199 root      20   0   22564   6096   5348 S   0,0  0,0   0:00.00 tcpdump
25200 root      20   0   22564   6000   5248 S   0,0  0,0   0:00.00 tcpdump
25201 root      20   0   22564   5984   5236 S   0,0  0,0   0:00.00 tcpdump
25202 root      20   0   22564   6192   5304 S   0,0  0,0   0:00.00 tcpdump
25203 root      20   0   22564   6208   5320 S   0,0  0,0   0:00.00 tcpdump
25050 root      20   0  985400 118532   8912 S   1,0  0,7   0:00.30 ovs-vswitc+
25121 root      20   0  985420 118556   8912 S   1,0  0,7   0:00.32 ovs-vswitc+
24944 root      10 -10   20924   4872   4116 S   0,0  0,0   0:00.00 ovsdb-serv+
24983 root      10 -10   26456   9856   8912 S   0,0  0,1   0:00.00 ovs-vswitc+
25046 root      20   0   20912   5080   4300 S   0,0  0,0   0:00.01 ovsdb-serv+
25117 root      20   0   20912   4900   4116 S   0,0  0,0   0:00.01 ovsdb-serv+
25197 root      20   0   22564   6084   5332 S   0,0  0,0   0:00.00 tcpdump
25198 root      20   0   22564   6016   5264 S   0,0  0,0   0:00.00 tcpdump
25199 root      20   0   22564   6096   5348 S   0,0  0,0   0:00.00 tcpdump
25200 root      20   0   22564   6000   5248 S   0,0  0,0   0:00.00 tcpdump
25201 root      20   0   22564   5984   5236 S   0,0  0,0   0:00.00 tcpdump
25202 root      20   0   22564   6192   5304 S   0,0  0,0   0:00.00 tcpdump
25203 root      20   0   22564   6208   5320 S   0,0  0,0   0:00.00 tcpdump
25050 root      20   0  985400 118532   8912 S   1,0  0,7   0:00.31 ovs-vswitc+
25121 root      20   0  985420 118556   8912 S   1,0  0,7   0:00.33 ovs-vswitc+
24944 root      10 -10   20924   4872   4116 S   0,0  0,0   0:00.00 ovsdb-serv+
24983 root      10 -10   26456   9856   8912 S   0,0  0,1   0:00.00 ovs-vswitc+
25046 root      20   0   20912   5080   4300 S   0,0  0,0   0:00.01 ovsdb-serv+
25117 root      20   0   20912   4900   4116 S   0,0  0,0   0:00.01 ovsdb-serv+
25197 root      20   0   22564   6084   5332 S   0,0  0,0   0:00.00 tcpdump
25198 root      20   0   22564   6016   5264 S   0,0  0,0   0:00.00 tcpdump
25199 root      20   0   22564   6096   5348 S   0,0  0,0   0:00.00 tcpdump
25200 root      20   0   22564   6000   5248 S   0,0  0,0   0:00.00 tcpdump
25201 root      20   0   22564   5984   5236 S   0,0  0,0   0:00.00 tcpdump
25202 root      20   0   22564   6192   5304 S   0,0  0,0   0:00.00 tcpdump
25203 root      20   0   22564   6208   5320 S   0,0  0,0   0:00.00 tcpdump
25050 root      20   0  985400 118532   8912 S   1,0  0,7   0:00.32 ovs-vswitc+
25121 root      20   0  985420 118556   8912 S   1,0  0,7   0:00.34 ovs-vswitc+
24944 root      10 -10   20924   4872   4116 S   0,0  0,0   0:00.00 ovsdb-serv+
24983 root      10 -10   26456   9856   8912 S   0,0  0,1   0:00.00 ovs-vswitc+
25046 root      20   0   20912   5080   4300 S   0,0  0,0   0:00.01 ovsdb-serv+
25117 root      20   0   20912   4900   4116 S   0,0  0,0   0:00.01 ovsdb-serv+
25197 root      20   0   22564   6084   5332 S   0,0  0,0   0:00.00 tcpdump
25198 root      20   0   22564   6016   5264 S   0,0  0,0   0:00.00 tcpdump
25199 root      20   0   22564   6096   5348 S   0,0  0,0   0:00.00 tcpdump
25200 root      20   0   22564   6000   5248 S   0,0  0,0   0:00.00 tcpdump
25201 root      20   0   22564   5984   5236 S   0,0  0,0   0:00.00 tcpdump
25202 root      20   0   22564   6192   5304 S   0,0  0,0   0:00.00 tcpdump
25203 root      20   0   22564   6208   5320 S   0,0  0,0   0:00.00 tcpdump
25050 root      20   0  985400 119584   8912 S  17,8  0,7   0:00.50 ovs-vswitc+
25121 root      20   0  985420 119608   8912 S   5,9  0,7   0:00.40 ovs-vswitc+
24944 root      10 -10   20924   4872   4116 S   0,0  0,0   0:00.00 ovsdb-serv+
24983 root      10 -10   26456   9856   8912 S   0,0  0,1   0:00.00 ovs-vswitc+
25046 root      20   0   20912   5080   4300 S   0,0  0,0   0:00.01 ovsdb-serv+
25117 root      20   0   20912   4900   4116 S   0,0  0,0   0:00.01 ovsdb-serv+
25197 root      20   0   22564   6084   5332 S   0,0  0,0   0:00.00 tcpdump
25198 root      20   0   22564   6016   5264 S   0,0  0,0   0:00.00 tcpdump
25199 root      20   0   22564   6096   5348 S   0,0  0,0   0:00.00 tcpdump
25200 root      20   0   22564   6000   5248 S   0,0  0,0   0:00.00 tcpdump
25201 root      20   0   22564   5984   5236 S   0,0  0,0   0:00.00 tcpdump
25202 root      20   0   22564   6192   5304 S   0,0  0,0   0:00.00 tcpdump
25203 root      20   0   22564   6208   5320 S   0,0  0,0   0:00.00 tcpdump
25050 root      20   0  985400 121696   8912 S  30,7  0,7   0:00.81 ovs-vswitc+
25121 root      20   0  985420 121984   8912 S  14,9  0,7   0:00.55 ovs-vswitc+
24944 root      10 -10   20924   4872   4116 S   0,0  0,0   0:00.00 ovsdb-serv+
24983 root      10 -10   26456   9856   8912 S   0,0  0,1   0:00.00 ovs-vswitc+
25046 root      20   0   20912   5080   4300 S   0,0  0,0   0:00.01 ovsdb-serv+
25117 root      20   0   20912   4900   4116 S   0,0  0,0   0:00.01 ovsdb-serv+
25197 root      20   0   22564   6084   5332 S   0,0  0,0   0:00.00 tcpdump
25198 root      20   0   22564   6016   5264 S   0,0  0,0   0:00.00 tcpdump
25199 root      20   0   22564   6096   5348 S   0,0  0,0   0:00.00 tcpdump
25200 root      20   0   22564   6000   5248 S   0,0  0,0   0:00.00 tcpdump
25201 root      20   0   22564   5984   5236 S   0,0  0,0   0:00.00 tcpdump
25202 root      20   0   22564   6192   5304 S   0,0  0,0   0:00.00 tcpdump
25203 root      20   0   22564   6208   5320 S   0,0  0,0   0:00.00 tcpdump
25121 root      20   0  985420 121984   8912 S   3,0  0,7   0:00.58 ovs-vswitc+
25050 root      20   0  985400 121696   8912 S   1,0  0,7   0:00.82 ovs-vswitc+
24944 root      10 -10   20924   4872   4116 S   0,0  0,0   0:00.00 ovsdb-serv+
24983 root      10 -10   26456   9856   8912 S   0,0  0,1   0:00.00 ovs-vswitc+
25046 root      20   0   20912   5080   4300 S   0,0  0,0   0:00.01 ovsdb-serv+
25117 root      20   0   20912   4900   4116 S   0,0  0,0   0:00.01 ovsdb-serv+
25197 root      20   0   22564   6084   5332 S   0,0  0,0   0:00.00 tcpdump
25198 root      20   0   22564   6016   5264 S   0,0  0,0   0:00.00 tcpdump
25199 root      20   0   22564   6096   5348 S   0,0  0,0   0:00.00 tcpdump
25200 root      20   0   22564   6000   5248 S   0,0  0,0   0:00.00 tcpdump
25201 root      20   0   22564   5984   5236 S   0,0  0,0   0:00.00 tcpdump
25202 root      20   0   22564   6192   5304 S   0,0  0,0   0:00.00 tcpdump
25203 root      20   0   22564   6208   5320 S   0,0  0,0   0:00.00 tcpdump
25121 root      20   0  985420 121984   8912 S   2,0  0,7   0:00.60 ovs-vswitc+
25050 root      20   0  985400 121696   8912 S   1,0  0,7   0:00.83 ovs-vswitc+
24944 root      10 -10   20924   4872   4116 S   0,0  0,0   0:00.00 ovsdb-serv+
24983 root      10 -10   26456   9856   8912 S   0,0  0,1   0:00.00 ovs-vswitc+
25046 root      20   0   20912   5080   4300 S   0,0  0,0   0:00.01 ovsdb-serv+
25117 root      20   0   20912   4900   4116 S   0,0  0,0   0:00.01 ovsdb-serv+
25197 root      20   0   22564   6084   5332 S   0,0  0,0   0:00.00 tcpdump
25198 root      20   0   22564   6016   5264 S   0,0  0,0   0:00.00 tcpdump
25199 root      20   0   22564   6096   5348 S   0,0  0,0   0:00.00 tcpdump
25200 root      20   0   22564   6000   5248 S   0,0  0,0   0:00.00 tcpdump
25201 root      20   0   22564   5984   5236 S   0,0  0,0   0:00.00 tcpdump
25202 root      20   0   22564   6192   5304 S   0,0  0,0   0:00.00 tcpdump
25203 root      20   0   22564   6208   5320 S   0,0  0,0   0:00.00 tcpdump
25050 root      20   0  985400 121696   8912 S   2,0  0,7   0:00.85 ovs-vswitc+
25121 root      20   0  985420 121984   8912 S   1,0  0,7   0:00.61 ovs-vswitc+
24944 root      10 -10   20924   4872   4116 S   0,0  0,0   0:00.00 ovsdb-serv+
24983 root      10 -10   26456   9856   8912 S   0,0  0,1   0:00.00 ovs-vswitc+
25046 root      20   0   20912   5080   4300 S   0,0  0,0   0:00.01 ovsdb-serv+
25117 root      20   0   20912   4900   4116 S   0,0  0,0   0:00.01 ovsdb-serv+
25197 root      20   0   22564   6084   5332 S   0,0  0,0   0:00.00 tcpdump
25198 root      20   0   22564   6016   5264 S   0,0  0,0   0:00.00 tcpdump
25199 root      20   0   22564   6096   5348 S   0,0  0,0   0:00.00 tcpdump
25200 root      20   0   22564   6000   5248 S   0,0  0,0   0:00.00 tcpdump
25201 root      20   0   22564   5984   5236 S   0,0  0,0   0:00.00 tcpdump
25202 root      20   0   22564   6192   5304 S   0,0  0,0   0:00.00 tcpdump
25203 root      20   0   22564   6208   5320 S   0,0  0,0   0:00.00 tcpdump
25050 root      20   0  985400 121696   8912 S   3,0  0,7   0:00.88 ovs-vswitc+
25121 root      20   0  985420 121984   8912 S   2,0  0,7   0:00.63 ovs-vswitc+
24944 root      10 -10   20924   4872   4116 S   0,0  0,0   0:00.00 ovsdb-serv+
24983 root      10 -10   26456   9856   8912 S   0,0  0,1   0:00.00 ovs-vswitc+
25046 root      20   0   20912   5080   4300 S   0,0  0,0   0:00.01 ovsdb-serv+
25117 root      20   0   20912   4900   4116 S   0,0  0,0   0:00.01 ovsdb-serv+
25197 root      20   0   22564   6084   5332 S   0,0  0,0   0:00.00 tcpdump
25198 root      20   0   22564   6016   5264 S   0,0  0,0   0:00.00 tcpdump
25199 root      20   0   22564   6096   5348 S   0,0  0,0   0:00.00 tcpdump
25200 root      20   0   22564   6000   5248 S   0,0  0,0   0:00.00 tcpdump
25201 root      20   0   22564   5984   5236 S   0,0  0,0   0:00.00 tcpdump
25202 root      20   0   22564   6192   5304 S   0,0  0,0   0:00.00 tcpdump
25203 root      20   0   22564   6208   5320 S   0,0  0,0   0:00.00 tcpdump
25050 root      20   0  985400 121696   8912 S   2,0  0,7   0:00.90 ovs-vswitc+
25121 root      20   0  985420 121984   8912 S   2,0  0,7   0:00.65 ovs-vswitc+
24944 root      10 -10   20924   4872   4116 S   0,0  0,0   0:00.00 ovsdb-serv+
24983 root      10 -10   26456   9856   8912 S   0,0  0,1   0:00.00 ovs-vswitc+
25046 root      20   0   20912   5080   4300 S   0,0  0,0   0:00.01 ovsdb-serv+
25117 root      20   0   20912   4900   4116 S   0,0  0,0   0:00.01 ovsdb-serv+
25197 root      20   0   22564   6084   5332 S   0,0  0,0   0:00.00 tcpdump
25198 root      20   0   22564   6016   5264 S   0,0  0,0   0:00.00 tcpdump
25199 root      20   0   22564   6096   5348 S   0,0  0,0   0:00.00 tcpdump
25200 root      20   0   22564   6000   5248 S   0,0  0,0   0:00.00 tcpdump
25201 root      20   0   22564   5984   5236 S   0,0  0,0   0:00.00 tcpdump
25202 root      20   0   22564   6192   5304 S   0,0  0,0   0:00.00 tcpdump
25203 root      20   0   22564   6208   5320 S   0,0  0,0   0:00.00 tcpdump
25050 root      20   0  985400 121696   8912 S   1,0  0,7   0:00.91 ovs-vswitc+
25117 root      20   0   20912   4900   4116 S   1,0  0,0   0:00.02 ovsdb-serv+
25121 root      20   0  985420 121984   8912 S   1,0  0,7   0:00.66 ovs-vswitc+
24944 root      10 -10   20924   4872   4116 S   0,0  0,0   0:00.00 ovsdb-serv+
24983 root      10 -10   26456   9856   8912 S   0,0  0,1   0:00.00 ovs-vswitc+
25046 root      20   0   20912   5080   4300 S   0,0  0,0   0:00.01 ovsdb-serv+
25197 root      20   0   22564   6084   5332 S   0,0  0,0   0:00.00 tcpdump
25198 root      20   0   22564   6016   5264 S   0,0  0,0   0:00.00 tcpdump
25199 root      20   0   22564   6096   5348 S   0,0  0,0   0:00.00 tcpdump
25200 root      20   0   22564   6000   5248 S   0,0  0,0   0:00.00 tcpdump
25201 root      20   0   22564   5984   5236 S   0,0  0,0   0:00.00 tcpdump
25202 root      20   0   22564   6192   5304 S   0,0  0,0   0:00.00 tcpdump
25203 root      20   0   22564   6208   5320 S   0,0  0,0   0:00.00 tcpdump
25050 root      20   0  985400 121696   8912 S   3,0  0,7   0:00.94 ovs-vswitc+
25121 root      20   0  985420 121984   8912 S   2,0  0,7   0:00.68 ovs-vswitc+
24944 root      10 -10   20924   4872   4116 S   0,0  0,0   0:00.00 ovsdb-serv+
24983 root      10 -10   26456   9856   8912 S   0,0  0,1   0:00.00 ovs-vswitc+
25046 root      20   0   20912   5080   4300 S   0,0  0,0   0:00.01 ovsdb-serv+
25117 root      20   0   20912   4900   4116 S   0,0  0,0   0:00.02 ovsdb-serv+
25197 root      20   0   22564   6084   5332 S   0,0  0,0   0:00.00 tcpdump
25198 root      20   0   22564   6016   5264 S   0,0  0,0   0:00.00 tcpdump
25199 root      20   0   22564   6096   5348 S   0,0  0,0   0:00.00 tcpdump
25200 root      20   0   22564   6000   5248 S   0,0  0,0   0:00.00 tcpdump
25201 root      20   0   22564   5984   5236 S   0,0  0,0   0:00.00 tcpdump
25202 root      20   0   22564   6192   5304 S   0,0  0,0   0:00.00 tcpdump
25203 root      20   0   22564   6208   5320 S   0,0  0,0   0:00.00 tcpdump
25050 root      20   0  985400 121696   8912 S   2,0  0,7   0:00.96 ovs-vswitc+
25121 root      20   0  985420 121984   8912 S   1,0  0,7   0:00.69 ovs-vswitc+
24944 root      10 -10   20924   4872   4116 S   0,0  0,0   0:00.00 ovsdb-serv+
24983 root      10 -10   26456   9856   8912 S   0,0  0,1   0:00.00 ovs-vswitc+
25046 root      20   0   20912   5080   4300 S   0,0  0,0   0:00.01 ovsdb-serv+
25117 root      20   0   20912   4900   4116 S   0,0  0,0   0:00.02 ovsdb-serv+
25197 root      20   0   22564   6084   5332 S   0,0  0,0   0:00.00 tcpdump
25198 root      20   0   22564   6016   5264 S   0,0  0,0   0:00.00 tcpdump
25199 root      20   0   22564   6096   5348 S   0,0  0,0   0:00.00 tcpdump
25200 root      20   0   22564   6000   5248 S   0,0  0,0   0:00.00 tcpdump
25201 root      20   0   22564   5984   5236 S   0,0  0,0   0:00.00 tcpdump
25202 root      20   0   22564   6192   5304 S   0,0  0,0   0:00.00 tcpdump
25203 root      20   0   22564   6208   5320 S   0,0  0,0   0:00.00 tcpdump
25050 root      20   0  985400 121696   8912 S   2,0  0,7   0:00.98 ovs-vswitc+
25121 root      20   0  985420 121984   8912 S   2,0  0,7   0:00.71 ovs-vswitc+
24944 root      10 -10   20924   4872   4116 S   0,0  0,0   0:00.00 ovsdb-serv+
24983 root      10 -10   26456   9856   8912 S   0,0  0,1   0:00.00 ovs-vswitc+
25046 root      20   0   20912   5080   4300 S   0,0  0,0   0:00.01 ovsdb-serv+
25117 root      20   0   20912   4900   4116 S   0,0  0,0   0:00.02 ovsdb-serv+
25197 root      20   0   22564   6084   5332 S   0,0  0,0   0:00.00 tcpdump
25198 root      20   0   22564   6016   5264 S   0,0  0,0   0:00.00 tcpdump
25199 root      20   0   22564   6096   5348 S   0,0  0,0   0:00.00 tcpdump
25200 root      20   0   22564   6000   5248 S   0,0  0,0   0:00.00 tcpdump
25201 root      20   0   22564   5984   5236 S   0,0  0,0   0:00.00 tcpdump
25202 root      20   0   22564   6192   5304 S   0,0  0,0   0:00.00 tcpdump
25203 root      20   0   22564   6208   5320 S   0,0  0,0   0:00.00 tcpdump
25050 root      20   0  985400 121696   8912 S   2,0  0,7   0:01.00 ovs-vswitc+
25121 root      20   0  985420 121984   8912 S   2,0  0,7   0:00.73 ovs-vswitc+
24944 root      10 -10   20924   4872   4116 S   0,0  0,0   0:00.00 ovsdb-serv+
24983 root      10 -10   26456   9856   8912 S   0,0  0,1   0:00.00 ovs-vswitc+
25046 root      20   0   20912   5080   4300 S   0,0  0,0   0:00.01 ovsdb-serv+
25117 root      20   0   20912   4900   4116 S   0,0  0,0   0:00.02 ovsdb-serv+
25197 root      20   0   22564   6084   5332 S   0,0  0,0   0:00.00 tcpdump
25198 root      20   0   22564   6016   5264 S   0,0  0,0   0:00.00 tcpdump
25199 root      20   0   22564   6096   5348 S   0,0  0,0   0:00.00 tcpdump
25200 root      20   0   22564   6000   5248 S   0,0  0,0   0:00.00 tcpdump
25201 root      20   0   22564   5984   5236 S   0,0  0,0   0:00.00 tcpdump
25202 root      20   0   22564   6192   5304 S   0,0  0,0   0:00.00 tcpdump
25203 root      20   0   22564   6208   5320 S   0,0  0,0   0:00.00 tcpdump
25050 root      20   0  985400 121696   8912 S   2,0  0,7   0:01.02 ovs-vswitc+
25121 root      20   0  985420 121984   8912 S   1,0  0,7   0:00.74 ovs-vswitc+
24944 root      10 -10   20924   4872   4116 S   0,0  0,0   0:00.00 ovsdb-serv+
24983 root      10 -10   26456   9856   8912 S   0,0  0,1   0:00.00 ovs-vswitc+
25046 root      20   0   20912   5080   4300 S   0,0  0,0   0:00.01 ovsdb-serv+
25117 root      20   0   20912   4900   4116 S   0,0  0,0   0:00.02 ovsdb-serv+
25197 root      20   0   22564   6084   5332 S   0,0  0,0   0:00.00 tcpdump
25198 root      20   0   22564   6016   5264 S   0,0  0,0   0:00.00 tcpdump
25199 root      20   0   22564   6096   5348 S   0,0  0,0   0:00.00 tcpdump
25200 root      20   0   22564   6000   5248 S   0,0  0,0   0:00.00 tcpdump
25201 root      20   0   22564   5984   5236 S   0,0  0,0   0:00.00 tcpdump
25202 root      20   0   22564   6192   5304 S   0,0  0,0   0:00.00 tcpdump
25203 root      20   0   22564   6208   5320 S   0,0  0,0   0:00.00 tcpdump
25121 root      20   0  985420 121984   8912 S   1,0  0,7   0:00.75 ovs-vswitc+
24944 root      10 -10   20924   4872   4116 S   0,0  0,0   0:00.00 ovsdb-serv+
24983 root      10 -10   26456   9856   8912 S   0,0  0,1   0:00.00 ovs-vswitc+
25046 root      20   0   20912   5080   4300 S   0,0  0,0   0:00.01 ovsdb-serv+
25050 root      20   0  985400 121696   8912 S   0,0  0,7   0:01.02 ovs-vswitc+
25117 root      20   0   20912   4900   4116 S   0,0  0,0   0:00.02 ovsdb-serv+
25197 root      20   0   22564   6084   5332 S   0,0  0,0   0:00.00 tcpdump
25198 root      20   0   22564   6016   5264 S   0,0  0,0   0:00.00 tcpdump
25199 root      20   0   22564   6096   5348 S   0,0  0,0   0:00.00 tcpdump
25200 root      20   0   22564   6000   5248 S   0,0  0,0   0:00.00 tcpdump
25201 root      20   0   22564   5984   5236 S   0,0  0,0   0:00.00 tcpdump
25202 root      20   0   22564   6192   5304 S   0,0  0,0   0:00.00 tcpdump
25203 root      20   0   22564   6208   5320 S   0,0  0,0   0:00.00 tcpdump
25050 root      20   0  985400 121696   8912 S   2,0  0,7   0:01.04 ovs-vswitc+
25121 root      20   0  985420 121984   8912 S   1,0  0,7   0:00.76 ovs-vswitc+
24944 root      10 -10   20924   4872   4116 S   0,0  0,0   0:00.00 ovsdb-serv+
24983 root      10 -10   26456   9856   8912 S   0,0  0,1   0:00.00 ovs-vswitc+
25046 root      20   0   20912   5080   4300 S   0,0  0,0   0:00.01 ovsdb-serv+
25117 root      20   0   20912   4900   4116 S   0,0  0,0   0:00.02 ovsdb-serv+
25197 root      20   0   22564   6084   5332 S   0,0  0,0   0:00.00 tcpdump
25198 root      20   0   22564   6016   5264 S   0,0  0,0   0:00.00 tcpdump
25199 root      20   0   22564   6096   5348 S   0,0  0,0   0:00.00 tcpdump
25200 root      20   0   22564   6000   5248 S   0,0  0,0   0:00.00 tcpdump
25201 root      20   0   22564   5984   5236 S   0,0  0,0   0:00.00 tcpdump
25202 root      20   0   22564   6192   5304 S   0,0  0,0   0:00.00 tcpdump
25203 root      20   0   22564   6208   5320 S   0,0  0,0   0:00.00 tcpdump
24944 root      10 -10   20924   4872   4116 S   0,0  0,0   0:00.00 ovsdb-serv+
24983 root      10 -10   26456   9856   8912 S   0,0  0,1   0:00.00 ovs-vswitc+
25046 root      20   0   20912   5080   4300 S   0,0  0,0   0:00.01 ovsdb-serv+
25050 root      20   0  985400 121696   8912 S   0,0  0,7   0:01.04 ovs-vswitc+
25117 root      20   0   20912   4900   4116 S   0,0  0,0   0:00.02 ovsdb-serv+
25121 root      20   0  985420 121984   8912 S   0,0  0,7   0:00.76 ovs-vswitc+
25197 root      20   0   22564   6084   5332 S   0,0  0,0   0:00.00 tcpdump
25198 root      20   0   22564   6016   5264 S   0,0  0,0   0:00.00 tcpdump
25199 root      20   0   22564   6096   5348 S   0,0  0,0   0:00.00 tcpdump
25200 root      20   0   22564   6000   5248 S   0,0  0,0   0:00.00 tcpdump
25201 root      20   0   22564   5984   5236 S   0,0  0,0   0:00.00 tcpdump
25202 root      20   0   22564   6192   5304 S   0,0  0,0   0:00.00 tcpdump
25203 root      20   0   22564   6208   5320 S   0,0  0,0   0:00.00 tcpdump
25121 root      20   0  985420 121984   8912 S   2,0  0,7   0:00.78 ovs-vswitc+
25050 root      20   0  985400 121696   8912 S   1,0  0,7   0:01.05 ovs-vswitc+
24944 root      10 -10   20924   4872   4116 S   0,0  0,0   0:00.00 ovsdb-serv+
24983 root      10 -10   26456   9856   8912 S   0,0  0,1   0:00.00 ovs-vswitc+
25046 root      20   0   20912   5080   4300 S   0,0  0,0   0:00.01 ovsdb-serv+
25117 root      20   0   20912   4900   4116 S   0,0  0,0   0:00.02 ovsdb-serv+
25197 root      20   0   22564   6084   5332 S   0,0  0,0   0:00.00 tcpdump
25198 root      20   0   22564   6016   5264 S   0,0  0,0   0:00.00 tcpdump
25199 root      20   0   22564   6096   5348 S   0,0  0,0   0:00.00 tcpdump
25200 root      20   0   22564   6000   5248 S   0,0  0,0   0:00.00 tcpdump
25201 root      20   0   22564   5984   5236 S   0,0  0,0   0:00.00 tcpdump
25202 root      20   0   22564   6192   5304 S   0,0  0,0   0:00.00 tcpdump
25203 root      20   0   22564   6208   5320 S   0,0  0,0   0:00.00 tcpdump
25050 root      20   0  985400 121696   8912 S   1,0  0,7   0:01.06 ovs-vswitc+
25121 root      20   0  985420 121984   8912 S   1,0  0,7   0:00.79 ovs-vswitc+
24944 root      10 -10   20924   4872   4116 S   0,0  0,0   0:00.00 ovsdb-serv+
24983 root      10 -10   26456   9856   8912 S   0,0  0,1   0:00.00 ovs-vswitc+
25046 root      20   0   20912   5080   4300 S   0,0  0,0   0:00.01 ovsdb-serv+
25117 root      20   0   20912   4900   4116 S   0,0  0,0   0:00.02 ovsdb-serv+
