21831 root      20   0  985308 118368   8912 S  18,8  0,7   0:00.17 ovs-vswitc+
21761 root      20   0  985304 118368   8912 S  12,5  0,7   0:00.16 ovs-vswitc+
21655 root      10 -10   20924   5044   4296 S   0,0  0,0   0:00.00 ovsdb-serv+
21694 root      10 -10   26456   9860   8912 S   0,0  0,1   0:00.00 ovs-vswitc+
21757 root      20   0   20912   5096   4316 S   0,0  0,0   0:00.01 ovsdb-serv+
21827 root      20   0   20912   5088   4304 S   0,0  0,0   0:00.01 ovsdb-serv+
21908 root      20   0   22564   6108   5360 S   0,0  0,0   0:00.00 tcpdump
21909 root      20   0   22564   5996   5244 S   0,0  0,0   0:00.00 tcpdump
21910 root      20   0   22564   5928   5184 S   0,0  0,0   0:00.00 tcpdump
21911 root      20   0   22564   5956   5208 S   0,0  0,0   0:00.00 tcpdump
21912 root      20   0   22564   5976   5228 S   0,0  0,0   0:00.00 tcpdump
21913 root      20   0   22564   6228   5340 S   0,0  0,0   0:00.00 tcpdump
21914 root      20   0   22564   6160   5272 S   0,0  0,0   0:00.00 tcpdump
21831 root      20   0  985308 118368   8912 S   1,0  0,7   0:00.18 ovs-vswitc+
21655 root      10 -10   20924   5044   4296 S   0,0  0,0   0:00.00 ovsdb-serv+
21694 root      10 -10   26456   9860   8912 S   0,0  0,1   0:00.00 ovs-vswitc+
21757 root      20   0   20912   5096   4316 S   0,0  0,0   0:00.01 ovsdb-serv+
21761 root      20   0  985304 118368   8912 S   0,0  0,7   0:00.16 ovs-vswitc+
21827 root      20   0   20912   5088   4304 S   0,0  0,0   0:00.01 ovsdb-serv+
21908 root      20   0   22564   6108   5360 S   0,0  0,0   0:00.00 tcpdump
21909 root      20   0   22564   5996   5244 S   0,0  0,0   0:00.00 tcpdump
21910 root      20   0   22564   5928   5184 S   0,0  0,0   0:00.00 tcpdump
21911 root      20   0   22564   5956   5208 S   0,0  0,0   0:00.00 tcpdump
21912 root      20   0   22564   5976   5228 S   0,0  0,0   0:00.00 tcpdump
21913 root      20   0   22564   6228   5340 S   0,0  0,0   0:00.00 tcpdump
21914 root      20   0   22564   6160   5272 S   0,0  0,0   0:00.00 tcpdump
21761 root      20   0  985304 118368   8912 S   1,0  0,7   0:00.17 ovs-vswitc+
21831 root      20   0  985308 118368   8912 S   1,0  0,7   0:00.19 ovs-vswitc+
21655 root      10 -10   20924   5044   4296 S   0,0  0,0   0:00.00 ovsdb-serv+
21694 root      10 -10   26456   9860   8912 S   0,0  0,1   0:00.00 ovs-vswitc+
21757 root      20   0   20912   5096   4316 S   0,0  0,0   0:00.01 ovsdb-serv+
21827 root      20   0   20912   5088   4304 S   0,0  0,0   0:00.01 ovsdb-serv+
21908 root      20   0   22564   6108   5360 S   0,0  0,0   0:00.00 tcpdump
21909 root      20   0   22564   5996   5244 S   0,0  0,0   0:00.00 tcpdump
21910 root      20   0   22564   5928   5184 S   0,0  0,0   0:00.00 tcpdump
21911 root      20   0   22564   5956   5208 S   0,0  0,0   0:00.00 tcpdump
21912 root      20   0   22564   5976   5228 S   0,0  0,0   0:00.00 tcpdump
21913 root      20   0   22564   6228   5340 S   0,0  0,0   0:00.00 tcpdump
21914 root      20   0   22564   6160   5272 S   0,0  0,0   0:00.00 tcpdump
21831 root      20   0  985308 118368   8912 S   1,0  0,7   0:00.20 ovs-vswitc+
21655 root      10 -10   20924   5044   4296 S   0,0  0,0   0:00.00 ovsdb-serv+
21694 root      10 -10   26456   9860   8912 S   0,0  0,1   0:00.00 ovs-vswitc+
21757 root      20   0   20912   5096   4316 S   0,0  0,0   0:00.01 ovsdb-serv+
21761 root      20   0  985304 118368   8912 S   0,0  0,7   0:00.17 ovs-vswitc+
21827 root      20   0   20912   5088   4304 S   0,0  0,0   0:00.01 ovsdb-serv+
21908 root      20   0   22564   6108   5360 S   0,0  0,0   0:00.00 tcpdump
21909 root      20   0   22564   5996   5244 S   0,0  0,0   0:00.00 tcpdump
21910 root      20   0   22564   5928   5184 S   0,0  0,0   0:00.00 tcpdump
21911 root      20   0   22564   5956   5208 S   0,0  0,0   0:00.00 tcpdump
21912 root      20   0   22564   5976   5228 S   0,0  0,0   0:00.00 tcpdump
21913 root      20   0   22564   6228   5340 S   0,0  0,0   0:00.00 tcpdump
21914 root      20   0   22564   6160   5272 S   0,0  0,0   0:00.00 tcpdump
21761 root      20   0  985304 118368   8912 S  22454 root      20   0  985300 118364   8912 S   5,9  0,7   0:00.19 ovs-vswitc+
22378 root      10 -10   20924   4924   4176 S   0,0  0,0   0:00.01 ovsdb-serv+
22417 root      10 -10   26456   9856   8912 S   0,0  0,1   0:00.00 ovs-vswitc+
22450 root      20   0   20912   4912   4132 S   0,0  0,0   0:00.02 ovsdb-serv+
22520 root      20   0   20912   5012   4228 S   0,0  0,0   0:00.01 ovsdb-serv+
22524 root      20   0  985308 118368   8912 S   0,0  0,7   0:00.14 ovs-vswitc+
22599 root      20   0   22564   5980   5232 S   0,0  0,0   0:00.00 tcpdump
22600 root      20   0   22564   5912   5164 S   0,0  0,0   0:00.00 tcpdump
22601 root      20   0   22564   6044   5296 S   0,0  0,0   0:00.00 tcpdump
22602 root      20   0   22564   6012   5264 S   0,0  0,0   0:00.00 tcpdump
22603 root      20   0   22564   6060   5312 S   0,0  0,0   0:00.00 tcpdump
22604 root      20   0   22564   6156   5272 S   0,0  0,0   0:00.00 tcpdump
22605 root      20   0   22564   6156   5272 S   0,0  0,0   0:00.00 tcpdump
22454 root      20   0  985300 118364   8912 S   1,0  0,7   0:00.20 ovs-vswitc+
22524 root      20   0  985308 118368   8912 S   1,0  0,7   0:00.15 ovs-vswitc+
22378 root      10 -10   20924   4924   4176 S   0,0  0,0   0:00.01 ovsdb-serv+
22417 root      10 -10   26456   9856   8912 S   0,0  0,1   0:00.00 ovs-vswitc+
22450 root      20   0   20912   4912   4132 S   0,0  0,0   0:00.02 ovsdb-serv+
22520 root      20   0   20912   5012   4228 S   0,0  0,0   0:00.01 ovsdb-serv+
22599 root      20   0   22564   5980   5232 S   0,0  0,0   0:00.00 tcpdump
22600 root      20   0   22564   5912   5164 S   0,0  0,0   0:00.00 tcpdump
22601 root      20   0   22564   6044   5296 S   0,0  0,0   0:00.00 tcpdump
22602 root      20   0   22564   6012   5264 S   0,0  0,0   0:00.00 tcpdump
22603 root      20   0   22564   6060   5312 S   0,0  0,0   0:00.00 tcpdump
22604 root      20   0   22564   6156   5272 S   0,0  0,0   0:00.00 tcpdump
22605 root      20   0   22564   6156   5272 S   0,0  0,0   0:00.00 tcpdump
22454 root      20   0  985300 118364   8912 S   2,0  0,7   0:00.22 ovs-vswitc+
22524 root      20   0  985308 118368   8912 S   1,0  0,7   0:00.16 ovs-vswitc+
22378 root      10 -10   20924   4924   4176 S   0,0  0,0   0:00.01 ovsdb-serv+
22417 root      10 -10   26456   9856   8912 S   0,0  0,1   0:00.00 ovs-vswitc+
22450 root      20   0   20912   4912   4132 S   0,0  0,0   0:00.02 ovsdb-serv+
22520 root      20   0   20912   5012   4228 S   0,0  0,0   0:00.01 ovsdb-serv+
22599 root      20   0   22564   5980   5232 S   0,0  0,0   0:00.00 tcpdump
22600 root      20   0   22564   5912   5164 S   0,0  0,0   0:00.00 tcpdump
22601 root      20   0   22564   6044   5296 S   0,0  0,0   0:00.00 tcpdump
22602 root      20   0   22564   6012   5264 S   0,0  0,0   0:00.00 tcpdump
22603 root      20   0   22564   6060   5312 S   0,0  0,0   0:00.00 tcpdump
22604 root      20   0   22564   6156   5272 S   0,0  0,0   0:00.00 tcpdump
22605 root      20   0   22564   6156   5272 S   0,0  0,0   0:00.00 tcpdump
22524 root      20   0  985308 118368   8912 S   2,0  0,7   0:00.18 ovs-vswitc+
22378 root      10 -10   20924   4924   4176 S   0,0  0,0   0:00.01 ovsdb-serv+
22417 root      10 -10   26456   9856   8912 S   0,0  0,1   0:00.00 ovs-vswitc+
22450 root      20   0   20912   4912   4132 S   0,0  0,0   0:00.02 ovsdb-serv+
22454 root      20   0  985300 118364   8912 S   0,0  0,7   0:00.22 ovs-vswitc+
22520 root      20   0   20912   5012   4228 S   0,0  0,0   0:00.01 ovsdb-serv+
22599 root      20   0   22564   5980   5232 S   0,0  0,0   0:00.00 tcpdump
22600 root      20   0   22564   5912   5164 S   0,0  0,0   0:00.00 tcpdump
22601 root      20   0   22564   6044   5296 S   0,0  0,0   0:00.00 tcpdump
22602 root      20   0   22564   6012   5264 S   0,0  0,0   0:00.00 tcpdump
22603 root      20   0   22564   6060   5312 S   0,0  0,0   0:00.00 tcpdump
22604 root      20   0   22564   6156   5272 S   0,0  0,0   0:00.00 tcpdump
22605 root      20   0   22564   6156   5272 S   0,0  0,0   0:00.00 tcpdump
22524 root      20   0  985412 118540   8912 S   2,0  0,7   0:00.20 ovs-vswitc+
22454 root      20   0  985300 118364   8912 S   1,0  0,7   0:00.23 ovs-vswitc+
22378 root      10 -10   20924   4924   4176 S   0,0  0,0   0:00.01 ovsdb-serv+
22417 root      10 -10   26456   9856   8912 S   0,0  0,1   0:00.00 ovs-vswitc+
22450 root      20   0   20912   4912   4132 S   0,0  0,0   0:00.02 ovsdb-serv+
22520 root      20   0   20912   5012   4228 S   0,0  0,0   0:00.01 ovsdb-serv+
22599 root      20   0   22564   5980   5232 S   0,0  0,0   0:00.00 tcpdump
22600 root      20   0   22564   5912   5164 S   0,0  0,0   0:00.00 tcpdump
22601 root      20   0   22564   6044   5296 S   0,0  0,0   0:00.00 tcpdump
22602 root      20   0   22564   6012   5264 S   0,0  0,0   0:00.00 tcpdump
22603 root      20   0   22564   6060   5312 S   0,0  0,0   0:00.00 tcpdump
22604 root      20   0   22564   6156   5272 S   0,0  0,0   0:00.00 tcpdump
22605 root      20   0   22564   6156   5272 S   0,0  0,0   0:00.00 tcpdump
22524 root      20   0  985412 118540   8912 S   2,0  0,7   0:00.22 ovs-vswitc+
22454 root      20   0  985300 118364   8912 S   1,0  0,7   0:00.24 ovs-vswitc+
22378 root      10 -10   20924   4924   4176 S   0,0  0,0   0:00.01 ovsdb-serv+
22417 root      10 -10   26456   9856   8912 S   0,0  0,1   0:00.00 ovs-vswitc+
22450 root      20   0   20912   4912   4132 S   0,0  0,0   0:00.02 ovsdb-serv+
22520 root      20   0   20912   5012   4228 S   0,0  0,0   0:00.01 ovsdb-serv+
22599 root      20   0   22564   5980   5232 S   0,0  0,0   0:00.00 tcpdump
22600 root      20   0   22564   5912   5164 S   0,0  0,0   0:00.00 tcpdump
22601 root      20   0   22564   6044   5296 S   0,0  0,0   0:00.00 tcpdump
22602 root      20   0   22564   6012   5264 S   0,0  0,0   0:00.00 tcpdump
22603 root      20   0   22564   6060   5312 S   0,0  0,0   0:00.00 tcpdump
22604 root      20   0   22564   6156   5272 S   0,0  0,0   0:00.00 tcpdump
22605 root      20   0   22564   6156   5272 S   0,0  0,0   0:00.00 tcpdump
22454 root      20   0  985300 118364   8912 S   1,0  0,7   0:00.25 ovs-vswitc+
22524 root      20   0  985412 118540   8912 S   1,0  0,7   0:00.23 ovs-vswitc+
22378 root      10 -10   20924   4924   4176 S   0,0  0,0   0:00.01 ovsdb-serv+
22417 root      10 -10   26456   9856   8912 S   0,0  0,1   0:00.00 ovs-vswitc+
22450 root      20   0   20912   4912   4132 S   0,0  0,0   0:00.02 ovsdb-serv+
22520 root      20   0   20912   5012   4228 S   0,0  0,0   0:00.01 ovsdb-serv+
22599 root      20   0   22564   5980   5232 S   0,0  0,0   0:00.00 tcpdump
22600 root      20   0   22564   5912   5164 S   0,0  0,0   0:00.00 tcpdump
22601 root      20   0   22564   6044   5296 S   0,0  0,0   0:00.00 tcpdump
22602 root      20   0   22564   6012   5264 S   0,0  0,0   0:00.00 tcpdump
22603 root      20   0   22564   6060   5312 S   0,0  0,0   0:00.00 tcpdump
22604 root      20   0   22564   6156   5272 S   0,0  0,0   0:00.00 tcpdump
22605 root      20   0   22564   6156   5272 S   0,0  0,0   0:00.00 tcpdump
22524 root      20   0  985412 118540   8912 S   1,0  0,7   0:00.24 ovs-vswitc+
22378 root      10 -10   20924   4924   4176 S   0,0  0,0   0:00.01 ovsdb-serv+
22417 root      10 -10   26456   9856   8912 S   0,0  0,1   0:00.00 ovs-vswitc+
22450 root      20   0   20912   4912   4132 S   0,0  0,0   0:00.02 ovsdb-serv+
22454 root      20   0  985300 118364   8912 S   0,0  0,7   0:00.25 ovs-vswitc+
22520 root      20   0   20912   5012   4228 S   0,0  0,0   0:00.01 ovsdb-serv+
22599 root      20   0   22564   5980   5232 S   0,0  0,0   0:00.00 tcpdump
22600 root      20   0   22564   5912   5164 S   0,0  0,0   0:00.00 tcpdump
22601 root      20   0   22564   6044   5296 S   0,0  0,0   0:00.00 tcpdump
22602 root      20   0   22564   6012   5264 S   0,0  0,0   0:00.00 tcpdump
22603 root      20   0   22564   6060   5312 S   0,0  0,0   0:00.00 tcpdump
22604 root      20   0   22564   6156   5272 S   0,0  0,0   0:00.00 tcpdump
22605 root      20   0   22564   6156   5272 S   0,0  0,0   0:00.00 tcpdump
22454 root      20   0  985400 118536   8912 S   4,0  0,7   0:00.29 ovs-vswitc+
22524 root      20   0  985412 118540   8912 S   1,0  0,7   0:00.25 ovs-vswitc+
22378 root      10 -10   20924   4924   4176 S   0,0  0,0   0:00.01 ovsdb-serv+
22417 root      10 -10   26456   9856   8912 S   0,0  0,1   0:00.00 ovs-vswitc+
22450 root      20   0   20912   4912   4132 S   0,0  0,0   0:00.02 ovsdb-serv+
22520 root      20   0   20912   5012   4228 S   0,0  0,0   0:00.01 ovsdb-serv+
22599 root      20   0   22564   5980   5232 S   0,0  0,0   0:00.00 tcpdump
22600 root      20   0   22564   5912   5164 S   0,0  0,0   0:00.00 tcpdump
22601 root      20   0   22564   6044   5296 S   0,0  0,0   0:00.00 tcpdump
22602 root      20   0   22564   6012   5264 S   0,0  0,0   0:00.00 tcpdump
22603 root      20   0   22564   6060   5312 S   0,0  0,0   0:00.00 tcpdump
22604 root      20   0   22564   6156   5272 S   0,0  0,0   0:00.00 tcpdump
22605 root      20   0   22564   6156   5272 S   0,0  0,0   0:00.00 tcpdump
22524 root      20   0  985412 118540   8912 S   3,9  0,7   0:00.29 ovs-vswitc+
22454 root      20   0  985400 118536   8912 S   2,0  0,7   0:00.31 ovs-vswitc+
22378 root      10 -10   20924   4924   4176 S   0,0  0,0   0:00.01 ovsdb-serv+
22417 root      10 -10   26456   9856   8912 S   0,0  0,1   0:00.00 ovs-vswitc+
22450 root      20   0   20912   4912   4132 S   0,0  0,0   0:00.02 ovsdb-serv+
22520 root      20   0   20912   5012   4228 S   0,0  0,0   0:00.01 ovsdb-serv+
22599 root      20   0   22564   5980   5232 S   0,0  0,0   0:00.00 tcpdump
22600 root      20   0   22564   5912   5164 S   0,0  0,0   0:00.00 tcpdump
22601 root      20   0   22564   6044   5296 S   0,0  0,0   0:00.00 tcpdump
22602 root      20   0   22564   6012   5264 S   0,0  0,0   0:00.00 tcpdump
22603 root      20   0   22564   6060   5312 S   0,0  0,0   0:00.00 tcpdump
22604 root      20   0   22564   6156   5272 S   0,0  0,0   0:00.00 tcpdump
22605 root      20   0   22564   6156   5272 S   0,0  0,0   0:00.00 tcpdump
22454 root      20   0  985400 118536   8912 S   2,0  0,7   0:00.33 ovs-vswitc+
22524 root      20   0  985412 118540   8912 S   2,0  0,7   0:00.31 ovs-vswitc+
22378 root      10 -10   20924   4924   4176 S   0,0  0,0   0:00.01 ovsdb-serv+
22417 root      10 -10   26456   9856   8912 S   0,0  0,1   0:00.00 ovs-vswitc+
22450 root      20   0   20912   4912   4132 S   0,0  0,0   0:00.02 ovsdb-serv+
22520 root      20   0   20912   5012   4228 S   0,0  0,0   0:00.01 ovsdb-serv+
22599 root      20   0   22564   5980   5232 S   0,0  0,0   0:00.00 tcpdump
22600 root      20   0   22564   5912   5164 S   0,0  0,0   0:00.00 tcpdump
22601 root      20   0   22564   6044   5296 S   0,0  0,0   0:00.00 tcpdump
22602 root      20   0   22564   6012   5264 S   0,0  0,0   0:00.00 tcpdump
22603 root      20   0   22564   6060   5312 S   0,0  0,0   0:00.00 tcpdump
22604 root      20   0   22564   6156   5272 S   0,0  0,0   0:00.00 tcpdump
22605 root      20   0   22564   6156   5272 S   0,0  0,0   0:00.00 tcpdump
22378 root      10 -10   20924   4924   4176 S   0,0  0,0   0:00.01 ovsdb-serv+
22417 root      10 -10   26456   9856   8912 S   0,0  0,1   0:00.00 ovs-vswitc+
22450 root      20   0   20912   4912   4132 S   0,0  0,0   0:00.02 ovsdb-serv+
22454 root      20   0  985400 118536   8912 S   0,0  0,7   0:00.33 ovs-vswitc+
22520 root      20   0   20912   5012   4228 S   0,0  0,0   0:00.01 ovsdb-serv+
22524 root      20   0  985412 118540   8912 S   0,0  0,7   0:00.31 ovs-vswitc+
22599 root      20   0   22564   5980   5232 S   0,0  0,0   0:00.00 tcpdump
22600 root      20   0   22564   5912   5164 S   0,0  0,0   0:00.00 tcpdump
22601 root      20   0   22564   6044   5296 S   0,0  0,0   0:00.00 tcpdump
22602 root      20   0   22564   6012   5264 S   0,0  0,0   0:00.00 tcpdump
22603 root      20   0   22564   6060   5312 S   0,0  0,0   0:00.00 tcpdump
22604 root      20   0   22564   6156   5272 S   0,0  0,0   0:00.00 tcpdump
22605 root      20   0   22564   6156   5272 S   0,0  0,0   0:00.00 tcpdump
22450 root      20   0   20912   4912   4132 S   1,0  0,0   0:00.03 ovsdb-serv+
22454 root      20   0  985400 118536   8912 S   1,0  0,7   0:00.34 ovs-vswitc+
22524 root      20   0  985412 118540   8912 S   1,0  0,7   0:00.32 ovs-vswitc+
22378 root      10 -10   20924   4924   4176 S   0,0  0,0   0:00.01 ovsdb-serv+
22417 root      10 -10   26456   9856   8912 S   0,0  0,1   0:00.00 ovs-vswitc+
22520 root      20   0   20912   5012   4228 S   0,0  0,0   0:00.01 ovsdb-serv+
22599 root      20   0   22564   5980   5232 S   0,0  0,0   0:00.00 tcpdump
22600 root      20   0   22564   5912   5164 S   0,0  0,0   0:00.00 tcpdump
22601 root      20   0   22564   6044   5296 S   0,0  0,0   0:00.00 tcpdump
22602 root      20   0   22564   6012   5264 S   0,0  0,0   0:00.00 tcpdump
22603 root      20   0   22564   6060   5312 S   0,0  0,0   0:00.00 tcpdump
22604 root      20   0   22564   6156   5272 S   0,0  0,0   0:00.00 tcpdump
22605 root      20   0   22564   6156   5272 S   0,0  0,0   0:00.00 tcpdump
22524 root      20   0  985412 118540   8912 S   2,0  0,7   0:00.34 ovs-vswitc+
22454 root      20   0  985400 118536   8912 S   1,0  0,7   0:00.35 ovs-vswitc+
22378 root      10 -10   20924   4924   4176 S   0,0  0,0   0:00.01 ovsdb-serv+
22417 root      10 -10   26456   9856   8912 S   0,0  0,1   0:00.00 ovs-vswitc+
22450 root      20   0   20912   4912   4132 S   0,0  0,0   0:00.03 ovsdb-serv+
22520 root      20   0   20912   5012   4228 S   0,0  0,0   0:00.01 ovsdb-serv+
22599 root      20   0   22564   5980   5232 S   0,0  0,0   0:00.00 tcpdump
22600 root      20   0   22564   5912   5164 S   0,0  0,0   0:00.00 tcpdump
22601 root      20   0   22564   6044   5296 S   0,0  0,0   0:00.00 tcpdump
22602 root      20   0   22564   6012   5264 S   0,0  0,0   0:00.00 tcpdump
22603 root      20   0   22564   6060   5312 S   0,0  0,0   0:00.00 tcpdump
22604 root      20   0   22564   6156   5272 S   0,0  0,0   0:00.00 tcpdump
22605 root      20   0   22564   6156   5272 S   0,0  0,0   0:00.00 tcpdump
22454 root      20   0  985400 118536   8912 S   2,0  0,7   0:00.37 ovs-vswitc+
22524 root      20   0  985412 118540   8912 S   1,0  0,7   0:00.35 ovs-vswitc+
22378 root      10 -10   20924   4924   4176 S   0,0  0,0   0:00.01 ovsdb-serv+
22417 root      10 -10   26456   9856   8912 S   0,0  0,1   0:00.00 ovs-vswitc+
22450 root      20   0   20912   4912   4132 S   0,0  0,0   0:00.03 ovsdb-serv+
22520 root      20   0   20912   5012   4228 S   0,0  0,0   0:00.01 ovsdb-serv+
22599 root      20   0   22564   5980   5232 S   0,0  0,0   0:00.00 tcpdump
22600 root      20   0   22564   5912   5164 S   0,0  0,0   0:00.00 tcpdump
22601 root      20   0   22564   6044   5296 S   0,0  0,0   0:00.00 tcpdump
22602 root      20   0   22564   6012   5264 S   0,0  0,0   0:00.00 tcpdump
22603 root      20   0   22564   6060   5312 S   0,0  0,0   0:00.00 tcpdump
22604 root      20   0   22564   6156   5272 S   0,0  0,0   0:00.00 tcpdump
22605 root      20   0   22564   6156   5272 S   0,0  0,0   0:00.00 tcpdump
22378 root      10 -10   20924   4924   4176 S   0,0  0,0   0:00.01 ovsdb-serv+
22417 root      10 -10   26456   9856   8912 S   0,0  0,1   0:00.00 ovs-vswitc+
22450 root      20   0   20912   4912   4132 S   0,0  0,0   0:00.03 ovsdb-serv+
22454 root      20   0  985400 118536   8912 S   0,0  0,7   0:00.37 ovs-vswitc+
22520 root      20   0   20912   5012   4228 S   0,0  0,0   0:00.01 ovsdb-serv+
22524 root      20   0  985412 118540   8912 S   0,0  0,7   0:00.35 ovs-vswitc+
22599 root      20   0   22564   5980   5232 S   0,0  0,0   0:00.00 tcpdump
22600 root      20   0   22564   5912   5164 S   0,0  0,0   0:00.00 tcpdump
22601 root      20   0   22564   6044   5296 S   0,0  0,0   0:00.00 tcpdump
22602 root      20   0   22564   6012   5264 S   0,0  0,0   0:00.00 tcpdump
22603 root      20   0   22564   6060   5312 S   0,0  0,0   0:00.00 tcpdump
22604 root      20   0   22564   6156   5272 S   0,0  0,0   0:00.00 tcpdump
22605 root      20   0   22564   6156   5272 S   0,0  0,0   0:00.00 tcpdump
22454 root      20   0  985400 118536   8912 S   1,0  0,7   0:00.38 ovs-vswitc+
22524 root      20   0  985412 118540   8912 S   1,0  0,7   0:00.36 ovs-vswitc+
22378 root      10 -10   20924   4924   4176 S   0,0  0,0   0:00.01 ovsdb-serv+
22417 root      10 -10   26456   9856   8912 S   0,0  0,1   0:00.00 ovs-vswitc+
22450 root      20   0   20912   4912   4132 S   0,0  0,0   0:00.03 ovsdb-serv+
22520 root      20   0   20912   5012   4228 S   0,0  0,0   0:00.01 ovsdb-serv+
22599 root      20   0   22564   5980   5232 S   0,0  0,0   0:00.00 tcpdump
22600 root      20   0   22564   5912   5164 S   0,0  0,0   0:00.00 tcpdump
22601 root      20   0   22564   6044   5296 S   0,0  0,0   0:00.00 tcpdump
22602 root      20   0   22564   6012   5264 S   0,0  0,0   0:00.00 tcpdump
22603 root      20   0   22564   6060   5312 S   0,0  0,0   0:00.00 tcpdump
22604 root      20   0   22564   6156   5272 S   0,0  0,0   0:00.00 tcpdump
22605 root      20   0   22564   6156   5272 S   0,0  0,0   0:00.00 tcpdump
22454 root      20   0  985400 118536   8912 S   2,0  0,7   0:00.40 ovs-vswitc+
22524 root      20   0  985412 118540   8912 S   1,0  0,7   0:00.37 ovs-vswitc+
22378 root      10 -10   20924   4924   4176 S   0,0  0,0   0:00.01 ovsdb-serv+
22417 root      10 -10   26456   9856   8912 S   0,0  0,1   0:00.00 ovs-vswitc+
22450 root      20   0   20912   4912   4132 S   0,0  0,0   0:00.03 ovsdb-serv+
22520 root      20   0   20912   5012   4228 S   0,0  0,0   0:00.01 ovsdb-serv+
22599 root      20   0   22564   5980   5232 S   0,0  0,0   0:00.00 tcpdump
22600 root      20   0   22564   5912   5164 S   0,0  0,0   0:00.00 tcpdump
22601 root      20   0   22564   6044   5296 S   0,0  0,0   0:00.00 tcpdump
22602 root      20   0   22564   6012   5264 S   0,0  0,0   0:00.00 tcpdump
22603 root      20   0   22564   6060   5312 S   0,0  0,0   0:00.00 tcpdump
22604 root      20   0   22564   6156   5272 S   0,0  0,0   0:00.00 tcpdump
22605 root      20   0   22564   6156   5272 S   0,0  0,0   0:00.00 tcpdump
22454 root      20   0  985400 118536   8912 S   1,0  0,7   0:00.41 ovs-vswitc+
22524 root      20   0  985412 118540   8912 S   1,0  0,7   0:00.38 ovs-vswitc+
22378 root      10 -10   20924   4924   4176 S   0,0  0,0   0:00.01 ovsdb-serv+
22417 root      10 -10   26456   9856   8912 S   0,0  0,1   0:00.00 ovs-vswitc+
22450 root      20   0   20912   4912   4132 S   0,0  0,0   0:00.03 ovsdb-serv+
22520 root      20   0   20912   5012   4228 S   0,0  0,0   0:00.01 ovsdb-serv+
22599 root      20   0   22564   5980   5232 S   0,0  0,0   0:00.00 tcpdump
22600 root      20   0   22564   5912   5164 S   0,0  0,0   0:00.00 tcpdump
22601 root      20   0   22564   6044   5296 S   0,0  0,0   0:00.00 tcpdump
22602 root      20   0   22564   6012   5264 S   0,0  0,0   0:00.00 tcpdump
22603 root      20   0   22564   6060   5312 S   0,0  0,0   0:00.00 tcpdump
22604 root      20   0   22564   6156   5272 S   0,0  0,0   0:00.00 tcpdump
22605 root      20   0   22564   6156   5272 S   0,0  0,0   0:00.00 tcpdump
22524 root      20   0  985412 118540   8912 S   1,0  0,7   0:00.39 ovs-vswitc+
22378 root      10 -10   20924   4924   4176 S   0,0  0,0   0:00.01 ovsdb-serv+
22417 root      10 -10   26456   9856   8912 S   0,0  0,1   0:00.00 ovs-vswitc+
22450 root      20   0   20912   4912   4132 S   0,0  0,0   0:00.03 ovsdb-serv+
22454 root      20   0  985400 118536   8912 S   0,0  0,7   0:00.41 ovs-vswitc+
22520 root      20   0   20912   5012   4228 S   0,0  0,0   0:00.01 ovsdb-serv+
22599 root      20   0   22564   5980   5232 S   0,0  0,0   0:00.00 tcpdump
22600 root      20   0   22564   5912   5164 S   0,0  0,0   0:00.00 tcpdump
22601 root      20   0   22564   6044   5296 S   0,0  0,0   0:00.00 tcpdump
22602 root      20   0   22564   6012   5264 S   0,0  0,0   0:00.00 tcpdump
22603 root      20   0   22564   6060   5312 S   0,0  0,0   0:00.00 tcpdump
22604 root      20   0   22564   6156   5272 S   0,0  0,0   0:00.00 tcpdump
22605 root      20   0   22564   6156   5272 S   0,0  0,0   0:00.00 tcpdump
22454 root      20   0  985400 118536   8912 S   2,0  0,7   0:00.43 ovs-vswitc+
22524 root      20   0  985412 118540   8912 S   1,0  0,7   0:00.40 ovs-vswitc+
22378 root      10 -10   20924   4924   4176 S   0,0  0,0   0:00.01 ovsdb-serv+
22417 root      10 -10   26456   9856   8912 S   0,0  0,1   0:00.00 ovs-vswitc+
22450 root      20   0   20912   4912   4132 S   0,0  0,0   0:00.03 ovsdb-serv+
22520 root      20   0   20912   5012   4228 S   0,0  0,0   0:00.01 ovsdb-serv+
22599 root      20   0   22564   5980   5232 S   0,0  0,0   0:00.00 tcpdump
22600 root      20   0   22564   5912   5164 S   0,0  0,0   0:00.00 tcpdump
22601 root      20   0   22564   6044   5296 S   0,0  0,0   0:00.00 tcpdump
22602 root      20   0   22564   6012   5264 S   0,0  0,0   0:00.00 tcpdump
22603 root      20   0   22564   6060   5312 S   0,0  0,0   0:00.00 tcpdump
22604 root      20   0   22564   6156   5272 S   0,0  0,0   0:00.00 tcpdump
22605 root      20   0   22564   6156   5272 S   0,0  0,0   0:00.00 tcpdump
22454 root      20   0  985400 118536   8912 S   1,0  0,7   0:00.44 ovs-vswitc+
22524 root      20   0  985412 118540   8912 S   1,0  0,7   0:00.41 ovs-vswitc+
22378 root      10 -10   20924   4924   4176 S   0,0  0,0   0:00.01 ovsdb-serv+
22417 root      10 -10   26456   9856   8912 S   0,0  0,1   0:00.00 ovs-vswitc+
22450 root      20   0   20912   4912   4132 S   0,0  0,0   0:00.03 ovsdb-serv+
22520 root      20   0   20912   5012   4228 S   0,0  0,0   0:00.01 ovsdb-serv+
22599 root      20   0   22564   5980   5232 S   0,0  0,0   0:00.00 tcpdump
22600 root      20   0   22564   5912   5164 S   0,0  0,0   0:00.00 tcpdump
22601 root      20   0   22564   6044   5296 S   0,0  0,0   0:00.00 tcpdump
22602 root      20   0   22564   6012   5264 S   0,0  0,0   0:00.00 tcpdump
22603 root      20   0   22564   6060   5312 S   0,0  0,0   0:00.00 tcpdump
22604 root      20   0   22564   6156   5272 S   0,0  0,0   0:00.00 tcpdump
22605 root      20   0   22564   6156   5272 S   0,0  0,0   0:00.00 tcpdump
22524 root      20   0  985412 118540   8912 S   1,0  0,7   0:00.42 ovs-vswitc+
22378 root      10 -10   20924   4924   4176 S   0,0  0,0   0:00.01 ovsdb-serv+
22417 root      10 -10   26456   9856   8912 S   0,0  0,1   0:00.00 ovs-vswitc+
22450 root      20   0   20912   4912   4132 S   0,0  0,0   0:00.03 ovsdb-serv+
22454 root      20   0  985400 118536   8912 S   0,0  0,7   0:00.44 ovs-vswitc+
22520 root      20   0   20912   5012   4228 S   0,0  0,0   0:00.01 ovsdb-serv+
22599 root      20   0   22564   5980   5232 S   0,0  0,0   0:00.00 tcpdump
22600 root      20   0   22564   5912   5164 S   0,0  0,0   0:00.00 tcpdump
22601 root      20   0   22564   6044   5296 S   0,0  0,0   0:00.00 tcpdump
22602 root      20   0   22564   6012   5264 S   0,0  0,0   0:00.00 tcpdump
22603 root      20   0   22564   6060   5312 S   0,0  0,0   0:00.00 tcpdump
22604 root      20   0   22564   6156   5272 S   0,0  0,0   0:00.00 tcpdump
22605 root      20   0   22564   6156   5272 S   0,0  0,0   0:00.00 tcpdump
22454 root      20   0  985400 118796   8912 R   8,8  0,7   0:00.53 ovs-vswitc+
22524 root      20   0  985412 118800   8912 S   7,8  0,7   0:00.50 ovs-vswitc+
22378 root      10 -10   20924   4924   4176 S   0,0  0,0   0:00.01 ovsdb-serv+
22417 root      10 -10   26456   9856   8912 S   0,0  0,1   0:00.00 ovs-vswitc+
22450 root      20   0   20912   4912   4132 S   0,0  0,0   0:00.03 ovsdb-serv+
22520 root      20   0   20912   5012   4228 S   0,0  0,0   0:00.01 ovsdb-serv+
22599 root      20   0   22564   5980   5232 S   0,0  0,0   0:00.00 tcpdump
22600 root      20   0   22564   5912   5164 S   0,0  0,0   0:00.00 tcpdump
22601 root      20   0   22564   6044   5296 S   0,0  0,0   0:00.00 tcpdump
22602 root      20   0   22564   6012   5264 S   0,0  0,0   0:00.00 tcpdump
22603 root      20   0   22564   6060   5312 S   0,0  0,0   0:00.00 tcpdump
22604 root      20   0   22564   6156   5272 S   0,0  0,0   0:00.00 tcpdump
22605 root      20   0   22564   6156   5272 S   0,0  0,0   0:00.00 tcpdump
22454 root      20   0  985400 123808   8912 S  50,5  0,8   0:01.04 ovs-vswitc+
22524 root      20   0  985452 122540   8912 S  39,6  0,8   0:00.90 ovs-vswitc+
22378 root      10 -10   20924   4924   4176 S   0,0  0,0   0:00.01 ovsdb-serv+
22417 root      10 -10   26456   9856   8912 S   0,0  0,1   0:00.00 ovs-vswitc+
22450 root      20   0   20912   4912   4132 S   0,0  0,0   0:00.03 ovsdb-serv+
22520 root      20   0   20912   5012   4228 S   0,0  0,0   0:00.01 ovsdb-serv+
22599 root      20   0   22564   5980   5232 S   0,0  0,0   0:00.00 tcpdump
22600 root      20   0   22564   5912   5164 S   0,0  0,0   0:00.00 tcpdump
22601 root      20   0   22564   6044   5296 S   0,0  0,0   0:00.00 tcpdump
22602 root      20   0   22564   6012   5264 S   0,0  0,0   0:00.00 tcpdump
22603 root      20   0   22564   6060   5312 S   0,0  0,0   0:00.00 tcpdump
22604 root      20   0   22564   6156   5272 S   0,0  0,0   0:00.00 tcpdump
22605 root      20   0   22564   6156   5272 S   0,0  0,0   0:00.00 tcpdump
22454 root      20   0  985400 128824   8912 S  50,5  0,8   0:01.55 ovs-vswitc+
22524 root      20   0  985452 122540   8912 S   1,0  0,8   0:00.91 ovs-vswitc+
22378 root      10 -10   20924   4924   4176 S   0,0  0,0   0:00.01 ovsdb-serv+
22417 root      10 -10   26456   9856   8912 S   0,0  0,1   0:00.00 ovs-vswitc+
22450 root      20   0   20912   4912   4132 S   0,0  0,0   0:00.03 ovsdb-serv+
22520 root      20   0   20912   5012   4228 S   0,0  0,0   0:00.01 ovsdb-serv+
22599 root      20   0   22564   5980   5232 S   0,0  0,0   0:00.00 tcpdump
22600 root      20   0   22564   5912   5164 S   0,0  0,0   0:00.00 tcpdump
22601 root      20   0   22564   6044   5296 S   0,0  0,0   0:00.00 tcpdump
22602 root      20   0   22564   6012   5264 S   0,0  0,0   0:00.00 tcpdump
22603 root      20   0   22564   6060   5312 S   0,0  0,0   0:00.00 tcpdump
22604 root      20   0   22564   6156   5272 S   0,0  0,0   0:00.00 tcpdump
22605 root      20   0   22564   6156   5272 S   0,0  0,0   0:00.00 tcpdump
22454 root      20   0  985400 134104   8912 R  45,1  0,8   0:02.01 ovs-vswitc+
22378 root      10 -10   20924   4924   4176 S   0,0  0,0   0:00.01 ovsdb-serv+
22417 root      10 -10   26456   9856   8912 S   0,0  0,1   0:00.00 ovs-vswitc+
22450 root      20   0   20912   4912   4132 S   0,0  0,0   0:00.03 ovsdb-serv+
22520 root      20   0   20912   5012   4228 S   0,0  0,0   0:00.01 ovsdb-serv+
22524 root      20   0  985452 122540   8912 S   0,0  0,8   0:00.91 ovs-vswitc+
22599 root      20   0   22564   5980   5232 S   0,0  0,0   0:00.00 tcpdump
22600 root      20   0   22564   5912   5164 S   0,0  0,0   0:00.00 tcpdump
22601 root      20   0   22564   6044   5296 S   0,0  0,0   0:00.00 tcpdump
22602 root      20   0   22564   6012   5264 S   0,0  0,0   0:00.00 tcpdump
22603 root      20   0   22564   6060   5312 S   0,0  0,0   0:00.00 tcpdump
22604 root      20   0   22564   6156   5272 S   0,0  0,0   0:00.00 tcpdump
22605 root      20   0   22564   6156   5272 S   0,0  0,0   0:00.00 tcpdump
22454 root      20   0  985400 138856   8912 S  44,6  0,9   0:02.46 ovs-vswitc+
22378 root      10 -10   20924   4924   4176 S   0,0  0,0   0:00.01 ovsdb-serv+
22417 root      10 -10   26456   9856   8912 S   0,0  0,1   0:00.00 ovs-vswitc+
22450 root      20   0   20912   4912   4132 S   0,0  0,0   0:00.03 ovsdb-serv+
22520 root      20   0   20912   5012   4228 S   0,0  0,0   0:00.01 ovsdb-serv+
22524 root      20   0  985452 122540   8912 S   0,0  0,8   0:00.91 ovs-vswitc+
22599 root      20   0   22564   5980   5232 S   0,0  0,0   0:00.00 tcpdump
22600 root      20   0   22564   5912   5164 S   0,0  0,0   0:00.00 tcpdump
22601 root      20   0   22564   6044   5296 S   0,0  0,0   0:00.00 tcpdump
22602 root      20   0   22564   6012   5264 S   0,0  0,0   0:00.00 tcpdump
22603 root      20   0   22564   6060   5312 S   0,0  0,0   0:00.00 tcpdump
22604 root      20   0   22564   6156   5272 S   0,0  0,0   0:00.00 tcpdump
22605 root      20   0   22564   6156   5272 S   0,0  0,0   0:00.00 tcpdump
22454 root      20   0  985432 143904   8912 S  50,5  0,9   0:02.97 ovs-vswitc+
22524 root      20   0  985452 122540   8912 S   1,0  0,8   0:00.92 ovs-vswitc+
22378 root      10 -10   20924   4924   4176 S   0,0  0,0   0:00.01 ovsdb-serv+
22417 root      10 -10   26456   9856   8912 S   0,0  0,1   0:00.00 ovs-vswitc+
22450 root      20   0   20912   4912   4132 S   0,0  0,0   0:00.03 ovsdb-serv+
22520 root      20   0   20912   5012   4228 S   0,0  0,0   0:00.01 ovsdb-serv+
22599 root      20   0   22564   5980   5232 S   0,0  0,0   0:00.00 tcpdump
22600 root      20   0   22564   5912   5164 S   0,0  0,0   0:00.00 tcpdump
22601 root      20   0   22564   6044   5296 S   0,0  0,0   0:00.00 tcpdump
22602 root      20   0   22564   6012   5264 S   0,0  0,0   0:00.00 tcpdump
22603 root      20   0   22564   6060   5312 S   0,0  0,0   0:00.00 tcpdump
22604 root      20   0   22564   6156   5272 S   0,0  0,0   0:00.00 tcpdump
22605 root      20   0   22564   6156   5272 S   0,0  0,0   0:00.00 tcpdump
22454 root      20   0  985432 148920   8912 S  49,0  0,9   0:03.47 ovs-vswitc+
22524 root      20   0  985452 122540   8912 S   1,0  0,8   0:00.93 ovs-vswitc+
22378 root      10 -10   20924   4924   4176 S   0,0  0,0   0:00.01 ovsdb-serv+
22417 root      10 -10   26456   9856   8912 S   0,0  0,1   0:00.00 ovs-vswitc+
22450 root      20   0   20912   4912   4132 S   0,0  0,0   0:00.03 ovsdb-serv+
22520 root      20   0   20912   5012   4228 S   0,0  0,0   0:00.01 ovsdb-serv+
22599 root      20   0   22564   5980   5232 S   0,0  0,0   0:00.00 tcpdump
22600 root      20   0   22564   5912   5164 S   0,0  0,0   0:00.00 tcpdump
22601 root      20   0   22564   6044   5296 S   0,0  0,0   0:00.00 tcpdump
22602 root      20   0   22564   6012   5264 S   0,0  0,0   0:00.00 tcpdump
22603 root      20   0   22564   6060   5312 S   0,0  0,0   0:00.00 tcpdump
22604 root      20   0   22564   6156   5272 S   0,0  0,0   0:00.00 tcpdump
22605 root      20   0   22564   6156   5272 S   0,0  0,0   0:00.00 tcpdump
22454 root      20   0  985432 151560   8912 S  30,7  0,9   0:03.78 ovs-vswitc+
22600 root      20   0   22564   5912   5164 S   1,0  0,0   0:00.01 tcpdump
22601 root      20   0   22564   6044   5296 S   1,0  0,0   0:00.01 tcpdump
22378 root      10 -10   20924   4924   4176 S   0,0  0,0   0:00.01 ovsdb-serv+
22417 root      10 -10   26456   9856   8912 S   0,0  0,1   0:00.00 ovs-vswitc+
22450 root      20   0   20912   4912   4132 S   0,0  0,0   0:00.03 ovsdb-serv+
22520 root      20   0   20912   5012   4228 S   0,0  0,0   0:00.01 ovsdb-serv+
22524 root      20   0  985452 122540   8912 S   0,0  0,8   0:00.93 ovs-vswitc+
22599 root      20   0   22564   5980   5232 S   0,0  0,0   0:00.00 tcpdump
22602 root      20   0   22564   6012   5264 S   0,0  0,0   0:00.00 tcpdump
22603 root      20   0   22564   6060   5312 S   0,0  0,0   0:00.00 tcpdump
22604 root      20   0   22564   6156   5272 S   0,0  0,0   0:00.00 tcpdump
22605 root      20   0   22564   6156   5272 S   0,0  0,0   0:00.00 tcpdump
22454 root      20   0  985432 151560   8912 S   8,9  0,9   0:03.87 ovs-vswitc+
22524 root      20   0  985452 122540   8912 S   1,0  0,8   0:00.94 ovs-vswitc+
22378 root      10 -10   20924   4924   4176 S   0,0  0,0   0:00.01 ovsdb-serv+
22417 root      10 -10   26456   9856   8912 S   0,0  0,1   0:00.00 ovs-vswitc+
22450 root      20   0   20912   4912   4132 S   0,0  0,0   0:00.03 ovsdb-serv+
22520 root      20   0   20912   5012   4228 S   0,0  0,0   0:00.01 ovsdb-serv+
22599 root      20   0   22564   5980   5232 S   0,0  0,0   0:00.00 tcpdump
22600 root      20   0   22564   5912   5164 S   0,0  0,0   0:00.01 tcpdump
22601 root      20   0   22564   6044   5296 S   0,0  0,0   0:00.01 tcpdump
22602 root      20   0   22564   6012   5264 S   0,0  0,0   0:00.00 tcpdump
22603 root      20   0   22564   6060   5312 S   0,0  0,0   0:00.00 tcpdump
22604 root      20   0   22564   6156   5272 S   0,0  0,0   0:00.00 tcpdump
22605 root      20   0   22564   6156   5272 S   0,0  0,0   0:00.00 tcpdump
22454 root      20   0  985432 151560   8912 S   8,9  0,9   0:03.96 ovs-vswitc+
22524 root      20   0  985452 122540   8912 S   2,0  0,8   0:00.96 ovs-vswitc+
22378 root      10 -10   20924   4924   4176 S   0,0  0,0   0:00.01 ovsdb-serv+
22417 root      10 -10   26456   9856   8912 S   0,0  0,1   0:00.00 ovs-vswitc+
22450 root      20   0   20912   4912   4132 S   0,0  0,0   0:00.03 ovsdb-serv+
22520 root      20   0   20912   5012   4228 S   0,0  0,0   0:00.01 ovsdb-serv+
22599 root      20   0   22564   5980   5232 S   0,0  0,0   0:00.00 tcpdump
22600 root      20   0   22564   5912   5164 S   0,0  0,0   0:00.01 tcpdump
22601 root      20   0   22564   6044   5296 S   0,0  0,0   0:00.01 tcpdump
22602 root      20   0   22564   6012   5264 S   0,0  0,0   0:00.00 tcpdump
22603 root      20   0   22564   6060   5312 S   0,0  0,0   0:00.00 tcpdump
22604 root      20   0   22564   6156   5272 S   0,0  0,0   0:00.00 tcpdump
22605 root      20   0   22564   6156   5272 S   0,0  0,0   0:00.00 tcpdump
22454 root      20   0  985432 151560   8912 S  10,8  0,9   0:04.07 ovs-vswitc+
22524 root      20   0  985452 122540   8912 S   3,9  0,8   0:01.00 ovs-vswitc+
22378 root      10 -10   20924   4924   4176 S   0,0  0,0   0:00.01 ovsdb-serv+
22417 root      10 -10   26456   9856   8912 S   0,0  0,1   0:00.00 ovs-vswitc+
22450 root      20   0   20912   4912   4132 S   0,0  0,0   0:00.03 ovsdb-serv+
22520 root      20   0   20912   5012   4228 S   0,0  0,0   0:00.01 ovsdb-serv+
22599 root      20   0   22564   5980   5232 S   0,0  0,0   0:00.00 tcpdump
22600 root      20   0   22564   5912   5164 S   0,0  0,0   0:00.01 tcpdump
22601 root      20   0   22564   6044   5296 S   0,0  0,0   0:00.01 tcpdump
22602 root      20   0   22564   6012   5264 S   0,0  0,0   0:00.00 tcpdump
22603 root      20   0   22564   6060   5312 S   0,0  0,0   0:00.00 tcpdump
22604 root      20   0   22564   6156   5272 S   0,0  0,0   0:00.00 tcpdump
22605 root      20   0   22564   6156   5272 S   0,0  0,0   0:00.00 tcpdump
22454 root      20   0  985432 151560   8912 S  12,9  0,9   0:04.20 ovs-vswitc+
22524 root      20   0  985452 122540   8912 S   4,0  0,8   0:01.04 ovs-vswitc+
22378 root      10 -10   20924   4924   4176 S   0,0  0,0   0:00.01 ovsdb-serv+
22417 root      10 -10   26456   9856   8912 S   0,0  0,1   0:00.00 ovs-vswitc+
22450 root      20   0   20912   4912   4132 S   0,0  0,0   0:00.03 ovsdb-serv+
22520 root      20   0   20912   5012   4228 S   0,0  0,0   0:00.01 ovsdb-serv+
22599 root      20   0   22564   5980   5232 S   0,0  0,0   0:00.00 tcpdump
22600 root      20   0   22564   5912   5164 S   0,0  0,0   0:00.01 tcpdump
22601 root      20   0   22564   6044   5296 S   0,0  0,0   0:00.01 tcpdump
22602 root      20   0   22564   6012   5264 S   0,0  0,0   0:00.00 tcpdump
22603 root      20   0   22564   6060   5312 S   0,0  0,0   0:00.00 tcpdump
22604 root      20   0   22564   6156   5272 S   0,0  0,0   0:00.00 tcpdump
22605 root      20   0   22564   6156   5272 S   0,0  0,0   0:00.00 tcpdump
22454 root      20   0  985432 151560   8912 S  11,5  0,9   0:04.32 ovs-vswitc+
22524 root      20   0  985452 122540   8912 S   1,0  0,8   0:01.05 ovs-vswitc+
22378 root      10 -10   20924   4924   4176 S   0,0  0,0   0:00.01 ovsdb-serv+
22417 root      10 -10   26456   9856   8912 S   0,0  0,1   0:00.00 ovs-vswitc+
22450 root      20   0   20912   4912   4132 S   0,0  0,0   0:00.03 ovsdb-serv+
22520 root      20   0   20912   5012   4228 S   0,0  0,0   0:00.01 ovsdb-serv+
22599 root      20   0   22564   5980   5232 S   0,0  0,0   0:00.00 tcpdump
22600 root      20   0   22564   5912   5164 S   0,0  0,0   0:00.01 tcpdump
22601 root      20   0   22564   6044   5296 S   0,0  0,0   0:00.01 tcpdump
22602 root      20   0   22564   6012   5264 S   0,0  0,0   0:00.00 tcpdump
22603 root      20   0   22564   6060   5312 S   0,0  0,0   0:00.00 tcpdump
22604 root      20   0   22564   6156   5272 S   0,0  0,0   0:00.00 tcpdump
22605 root      20   0   22564   6156   5272 S   0,0  0,0   0:00.00 tcpdump
22454 root      20   0  985432 151560   8912 S   8,9  0,9   0:04.41 ovs-vswitc+
22524 root      20   0  985452 122540   8912 S   1,0  0,8   0:01.06 ovs-vswitc+
22378 root      10 -10   20924   4924   4176 S   0,0  0,0   0:00.01 ovsdb-serv+
22417 root      10 -10   26456   9856   8912 S   0,0  0,1   0:00.00 ovs-vswitc+
22450 root      20   0   20912   4912   4132 S   0,0  0,0   0:00.03 ovsdb-serv+
22520 root      20   0   20912   5012   4228 S   0,0  0,0   0:00.01 ovsdb-serv+
22599 root      20   0   22564   5980   5232 S   0,0  0,0   0:00.00 tcpdump
22600 root      20   0   22564   5912   5164 S   0,0  0,0   0:00.01 tcpdump
22601 root      20   0   22564   6044   5296 S   0,0  0,0   0:00.01 tcpdump
22602 root      20   0   22564   6012   5264 S   0,0  0,0   0:00.00 tcpdump
22603 root      20   0   22564   6060   5312 S   0,0  0,0   0:00.00 tcpdump
22604 root      20   0   22564   6156   5272 S   0,0  0,0   0:00.00 tcpdump
22605 root      20   0   22564   6156   5272 S   0,0  0,0   0:00.00 tcpdump
22454 root      20   0  985432 151560   8912 S   9,9  0,9   0:04.51 ovs-vswitc+
22378 root      10 -10   20924   4924   4176 S   0,0  0,0   0:00.01 ovsdb-serv+
22417 root      10 -10   26456   9856   8912 S   0,0  0,1   0:00.00 ovs-vswitc+
22450 root      20   0   20912   4912   4132 S   0,0  0,0   0:00.03 ovsdb-serv+
22520 root      20   0   20912   5012   4228 S   0,0  0,0   0:00.01 ovsdb-serv+
22524 root      20   0  985452 122540   8912 S   0,0  0,8   0:01.06 ovs-vswitc+
22599 root      20   0   22564   5980   5232 S   0,0  0,0   0:00.00 tcpdump
22600 root      20   0   22564   5912   5164 S   0,0  0,0   0:00.01 tcpdump
22601 root      20   0   22564   6044   5296 S   0,0  0,0   0:00.01 tcpdump
22602 root      20   0   22564   6012   5264 S   0,0  0,0   0:00.00 tcpdump
22603 root      20   0   22564   6060   5312 S   0,0  0,0   0:00.00 tcpdump
22604 root      20   0   22564   6156   5272 S   0,0  0,0   0:00.00 tcpdump
22605 root      20   0   22564   6156   5272 S   0,0  0,0   0:00.00 tcpdump
22454 root      20   0  985432 152340   8912 S  10,8  0,9   0:04.62 ovs-vswitc+
22524 root      20   0  985452 122540   8912 S   2,0  0,8   0:01.08 ovs-vswitc+
22378 root      10 -10   20924   4924   4176 S   0,0  0,0   0:00.01 ovsdb-serv+
22417 root      10 -10   26456   9856   8912 S   0,0  0,1   0:00.00 ovs-vswitc+
22450 root      20   0   20912   4912   4132 S   0,0  0,0   0:00.03 ovsdb-serv+
22520 root      20   0   20912   5012   4228 S   0,0  0,0   0:00.01 ovsdb-serv+
22599 root      20   0   22564   5980   5232 S   0,0  0,0   0:00.00 tcpdump
22600 root      20   0   22564   5912   5164 S   0,0  0,0   0:00.01 tcpdump
22601 root      20   0   22564   6044   5296 S   0,0  0,0   0:00.01 tcpdump
22602 root      20   0   22564   6012   5264 S   0,0  0,0   0:00.00 tcpdump
22603 root      20   0   22564   6060   5312 S   0,0  0,0   0:00.00 tcpdump
22604 root      20   0   22564   6156   5272 S   0,0  0,0   0:00.00 tcpdump
22605 root      20   0   22564   6156   5272 S   0,0  0,0   0:00.00 tcpdump
22454 root      20   0  985432 152600   8912 S   4,0  0,9   0:04.66 ovs-vswitc+
22378 root      10 -10   20924   4924   4176 S   0,0  0,0   0:00.01 ovsdb-serv+
22417 root      10 -10   26456   9856   8912 S   0,0  0,1   0:00.00 ovs-vswitc+
22450 root      20   0   20912   4912   4132 S   0,0  0,0   0:00.03 ovsdb-serv+
22520 root      20   0   20912   5012   4228 S   0,0  0,0   0:00.01 ovsdb-serv+
22524 root      20   0  985452 122540   8912 S   0,0  0,8   0:01.08 ovs-vswitc+
22599 root      20   0   22564   5980   5232 S   0,0  0,0   0:00.00 tcpdump
22600 root      20   0   22564   5912   5164 S   0,0  0,0   0:00.01 tcpdump
22601 root      20   0   22564   6044   5296 S   0,0  0,0   0:00.01 tcpdump
22602 root      20   0   22564   6012   5264 S   0,0  0,0   0:00.00 tcpdump
22603 root      20   0   22564   6060   5312 S   0,0  0,0   0:00.00 tcpdump
22604 root      20   0   22564   6156   5272 S   0,0  0,0   0:00.00 tcpdump
22605 root      20   0   22564   6156   5272 S   0,0  0,0   0:00.00 tcpdump
22454 root      20   0  985432 152600   8912 S   4,0  0,9   0:04.70 ovs-vswitc+
22520 root      20   0   20912   5012   4228 S   1,0  0,0   0:00.02 ovsdb-serv+
22524 root      20   0  985452 122540   8912 S   1,0  0,8   0:01.09 ovs-vswitc+
22378 root      10 -10   20924   4924   4176 S   0,0  0,0   0:00.01 ovsdb-serv+
22417 root      10 -10   26456   9856   8912 S   0,0  0,1   0:00.00 ovs-vswitc+
22450 root      20   0   20912   4912   4132 S   0,0  0,0   0:00.03 ovsdb-serv+
22599 root      20   0   22564   5980   5232 S   0,0  0,0   0:00.00 tcpdump
22600 root      20   0   22564   5912   5164 S   0,0  0,0   0:00.01 tcpdump
22601 root      20   0   22564   6044   5296 S   0,0  0,0   0:00.01 tcpdump
22602 root      20   0   22564   6012   5264 S   0,0  0,0   0:00.00 tcpdump
22603 root      20   0   22564   6060   5312 S   0,0  0,0   0:00.00 tcpdump
22604 root      20   0   22564   6156   5272 S   0,0  0,0   0:00.00 tcpdump
22605 root      20   0   22564   6156   5272 S   0,0  0,0   0:00.00 tcpdump
22524 root      20   0  985452 122540   8912 S   2,0  0,8   0:01.11 ovs-vswitc+
22378 root      10 -10   20924   4924   4176 S   0,0  0,0   0:00.01 ovsdb-serv+
22417 root      10 -10   26456   9856   8912 S   0,0  0,1   0:00.00 ovs-vswitc+
22450 root      20   0   20912   4912   4132 S   0,0  0,0   0:00.03 ovsdb-serv+
22454 root      20   0  985432 152600   8912 S   0,0  0,9   0:04.70 ovs-vswitc+
22520 root      20   0   20912   5012   4228 S   0,0  0,0   0:00.02 ovsdb-serv+
22599 root      20   0   22564   5980   5232 S   0,0  0,0   0:00.00 tcpdump
22600 root      20   0   22564   5912   5164 S   0,0  0,0   0:00.01 tcpdump
22601 root      20   0   22564   6044   5296 S   0,0  0,0   0:00.01 tcpdump
22602 root      20   0   22564   6012   5264 S   0,0  0,0   0:00.00 tcpdump
22603 root      20   0   22564   6060   5312 S   0,0  0,0   0:00.00 tcpdump
22604 root      20   0   22564   6156   5272 S   0,0  0,0   0:00.00 tcpdump
22605 root      20   0   22564   6156   5272 S   0,0  0,0   0:00.00 tcpdump
22454 root      20   0  985432 152600   8912 S   1,0  0,9   0:04.71 ovs-vswitc+
22378 root      10 -10   20924   4924   4176 S   0,0  0,0   0:00.01 ovsdb-serv+
22417 root      10 -10   26456   9856   8912 S   0,0  0,1   0:00.00 ovs-vswitc+
22450 root      20   0   20912   4912   4132 S   0,0  0,0   0:00.03 ovsdb-serv+
22520 root      20   0   20912   5012   4228 S   0,0  0,0   0:00.02 ovsdb-serv+
22524 root      20   0  985452 122540   8912 S   0,0  0,8   0:01.11 ovs-vswitc+
22599 root      20   0   22564   5980   5232 S   0,0  0,0   0:00.00 tcpdump
22600 root      20   0   22564   5912   5164 S   0,0  0,0   0:00.01 tcpdump
22601 root      20   0   22564   6044   5296 S   0,0  0,0   0:00.01 tcpdump
22602 root      20   0   22564   6012   5264 S   0,0  0,0   0:00.00 tcpdump
22603 root      20   0   22564   6060   5312 S   0,0  0,0   0:00.00 tcpdump
22604 root      20   0   22564   6156   5272 S   0,0  0,0   0:00.00 tcpdump
22605 root      20   0   22564   6156   5272 S   0,0  0,0   0:00.00 tcpdump
22454 root      20   0  985432 152600   8912 S   1,0  0,9   0:04.72 ovs-vswitc+
22524 root      20   0  985452 122540   8912 S   1,0  0,8   0:01.12 ovs-vswitc+
22378 root      10 -10   20924   4924   4176 S   0,0  0,0   0:00.01 ovsdb-serv+
22417 root      10 -10   26456   9856   8912 S   0,0  0,1   0:00.00 ovs-vswitc+
22450 root      20   0   20912   4912   4132 S   0,0  0,0   0:00.03 ovsdb-serv+
22520 root      20   0   20912   5012   4228 S   0,0  0,0   0:00.02 ovsdb-serv+
22599 root      20   0   22564   5980   5232 S   0,0  0,0   0:00.00 tcpdump
22600 root      20   0   22564   5912   5164 S   0,0  0,0   0:00.01 tcpdump
22601 root      20   0   22564   6044   5296 S   0,0  0,0   0:00.01 tcpdump
22602 root      20   0   22564   6012   5264 S   0,0  0,0   0:00.00 tcpdump
22603 root      20   0   22564   6060   5312 S   0,0  0,0   0:00.00 tcpdump
22604 root      20   0   22564   6156   5272 S   0,0  0,0   0:00.00 tcpdump
22605 root      20   0   22564   6156   5272 S   0,0  0,0   0:00.00 tcpdump
22454 root      20   0  985432 152600   8912 S   1,0  0,9   0:04.73 ovs-vswitc+
22524 root      20   0  985452 122540   8912 S   1,0  0,8   0:01.13 ovs-vswitc+
22378 root      10 -10   20924   4924   4176 S   0,0  0,0   0:00.01 ovsdb-serv+
22417 root      10 -10   26456   9856   8912 S   0,0  0,1   0:00.00 ovs-vswitc+
22450 root      20   0   20912   4912   4132 S   0,0  0,0   0:00.03 ovsdb-serv+
22520 root      20   0   20912   5012   4228 S   0,0  0,0   0:00.02 ovsdb-serv+
22599 root      20   0   22564   5980   5232 S   0,0  0,0   0:00.00 tcpdump
22600 root      20   0   22564   5912   5164 S   0,0  0,0   0:00.01 tcpdump
22601 root      20   0   22564   6044   5296 S   0,0  0,0   0:00.01 tcpdump
22602 root      20   0   22564   6012   5264 S   0,0  0,0   0:00.00 tcpdump
22603 root      20   0   22564   6060   5312 S   0,0  0,0   0:00.00 tcpdump
22604 root      20   0   22564   6156   5272 S   0,0  0,0   0:00.00 tcpdump
22605 root      20   0   22564   6156   5272 S   0,0  0,0   0:00.00 tcpdump
22454 root      20   0  985432 152600   8912 S   1,0  0,9   0:04.74 ovs-vswitc+
22524 root      20   0  985452 122540   8912 S   1,0  0,8   0:01.14 ovs-vswitc+
22378 root      10 -10   20924   4924   4176 S   0,0  0,0   0:00.01 ovsdb-serv+
22417 root      10 -10   26456   9856   8912 S   0,0  0,1   0:00.00 ovs-vswitc+
22450 root      20   0   20912   4912   4132 S   0,0  0,0   0:00.03 ovsdb-serv+
22520 root      20   0   20912   5012   4228 S   0,0  0,0   0:00.02 ovsdb-serv+
22599 root      20   0   22564   5980   5232 S   0,0  0,0   0:00.00 tcpdump
22600 root      20   0   22564   5912   5164 S   0,0  0,0   0:00.01 tcpdump
22601 root      20   0   22564   6044   5296 S   0,0  0,0   0:00.01 tcpdump
22602 root      20   0   22564   6012   5264 S   0,0  0,0   0:00.00 tcpdump
22603 root      20   0   22564   6060   5312 S   0,0  0,0   0:00.00 tcpdump
22604 root      20   0   22564   6156   5272 S   0,0  0,0   0:00.00 tcpdump
22605 root      20   0   22564   6156   5272 S   0,0  0,0   0:00.00 tcpdump
22454 root      20   0  985432 152600   8912 S   1,0  0,9   0:04.75 ovs-vswitc+
22524 root      20   0  985452 122540   8912 S   1,0  0,8   0:01.15 ovs-vswitc+
22378 root      10 -10   20924   4924   4176 S   0,0  0,0   0:00.01 ovsdb-serv+
22417 root      10 -10   26456   9856   8912 S   0,0  0,1   0:00.00 ovs-vswitc+
22450 root      20   0   20912   4912   4132 S   0,0  0,0   0:00.03 ovsdb-serv+
22520 root      20   0   20912   5012   4228 S   0,0  0,0   0:00.02 ovsdb-serv+
22599 root      20   0   22564   5980   5232 S   0,0  0,0   0:00.00 tcpdump
22600 root      20   0   22564   5912   5164 S   0,0  0,0   0:00.01 tcpdump
22601 root      20   0   22564   6044   5296 S   0,0  0,0   0:00.01 tcpdump
22602 root      20   0   22564   6012   5264 S   0,0  0,0   0:00.00 tcpdump
22603 root      20   0   22564   6060   5312 S   0,0  0,0   0:00.00 tcpdump
22604 root      20   0   22564   6156   5272 S   0,0  0,0   0:00.00 tcpdump
22605 root      20   0   22564   6156   5272 S   0,0  0,0   0:00.00 tcpdump
22454 root      20   0  985432 152600   8912 S   2,0  0,9   0:04.77 ovs-vswitc+
22524 root      20   0  985452 122540   8912 S   1,0  0,8   0:01.16 ovs-vswitc+
22378 root      10 -10   20924   4924   4176 S   0,0  0,0   0:00.01 ovsdb-serv+
22417 root      10 -10   26456   9856   8912 S   0,0  0,1   0:00.00 ovs-vswitc+
22450 root      20   0   20912   4912   4132 S   0,0  0,0   0:00.03 ovsdb-serv+
22520 root      20   0   20912   5012   4228 S   0,0  0,0   0:00.02 ovsdb-serv+
22599 root      20   0   22564   5980   5232 S   0,0  0,0   0:00.00 tcpdump
22600 root      20   0   22564   5912   5164 S   0,0  0,0   0:00.01 tcpdump
22601 root      20   0   22564   6044   5296 S   0,0  0,0   0:00.01 tcpdump
22602 root      20   0   22564   6012   5264 S   0,0  0,0   0:00.00 tcpdump
22603 root      20   0   22564   6060   5312 S   0,0  0,0   0:00.00 tcpdump
22604 root      20   0   22564   6156   5272 S   0,0  0,0   0:00.00 tcpdump
22605 root      20   0   22564   6156   5272 S   0,0  0,0   0:00.00 tcpdump
22454 root      20   0  985432 152600   8912 S   1,0  0,9   0:04.78 ovs-vswitc+
22524 root      20   0  985452 122540   8912 S   1,0  0,8   0:01.17 ovs-vswitc+
22378 root      10 -10   20924   4924   4176 S   0,0  0,0   0:00.01 ovsdb-serv+
22417 root      10 -10   26456   9856   8912 S   0,0  0,1   0:00.00 ovs-vswitc+
22450 root      20   0   20912   4912   4132 S   0,0  0,0   0:00.03 ovsdb-serv+
22520 root      20   0   20912   5012   4228 S   0,0  0,0   0:00.02 ovsdb-serv+
22599 root      20   0   22564   5980   5232 S   0,0  0,0   0:00.00 tcpdump
22600 root      20   0   22564   5912   5164 S   0,0  0,0   0:00.01 tcpdump
22601 root      20   0   22564   6044   5296 S   0,0  0,0   0:00.01 tcpdump
22602 root      20   0   22564   6012   5264 S   0,0  0,0   0:00.00 tcpdump
22603 root      20   0   22564   6060   5312 S   0,0  0,0   0:00.00 tcpdump
22604 root      20   0   22564   6156   5272 S   0,0  0,0   0:00.00 tcpdump
22605 root      20   0   22564   6156   5272 S   0,0  0,0   0:00.00 tcpdump
22454 root      20   0  985432 152600   8912 S   1,0  0,9   0:04.79 ovs-vswitc+
22524 root      20   0  985452 122540   8912 S   1,0  0,8   0:01.18 ovs-vswitc+
22378 root      10 -10   20924   4924   4176 S   0,0  0,0   0:00.01 ovsdb-serv+
22417 root      10 -10   26456   9856   8912 S   0,0  0,1   0:00.00 ovs-vswitc+
22450 root      20   0   20912   4912   4132 S   0,0  0,0   0:00.03 ovsdb-serv+
22520 root      20   0   20912   5012   4228 S   0,0  0,0   0:00.02 ovsdb-serv+
22599 root      20   0   22564   5980   5232 S   0,0  0,0   0:00.00 tcpdump
22600 root      20   0   22564   5912   5164 S   0,0  0,0   0:00.01 tcpdump
22601 root      20   0   22564   6044   5296 S   0,0  0,0   0:00.01 tcpdump
22602 root      20   0   22564   6012   5264 S   0,0  0,0   0:00.00 tcpdump
22603 root      20   0   22564   6060   5312 S   0,0  0,0   0:00.00 tcpdump
22604 root      20   0   22564   6156   5272 S   0,0  0,0   0:00.00 tcpdump
22605 root      20   0   22564   6156   5272 S   0,0  0,0   0:00.00 tcpdump
22454 root      20   0  985432 152600   8912 S   2,0  0,9   0:04.81 ovs-vswitc+
22524 root      20   0  985452 122540   8912 S   2,0  0,8   0:01.20 ovs-vswitc+
22378 root      10 -10   20924   4924   4176 S   0,0  0,0   0:00.01 ovsdb-serv+
22417 root      10 -10   26456   9856   8912 S   0,0  0,1   0:00.00 ovs-vswitc+
22450 root      20   0   20912   4912   4132 S   0,0  0,0   0:00.03 ovsdb-serv+
22520 root      20   0   20912   5012   4228 S   0,0  0,0   0:00.02 ovsdb-serv+
22599 root      20   0   22564   5980   5232 S   0,0  0,0   0:00.00 tcpdump
22600 root      20   0   22564   5912   5164 S   0,0  0,0   0:00.01 tcpdump
22601 root      20   0   22564   6044   5296 S   0,0  0,0   0:00.01 tcpdump
22602 root      20   0   22564   6012   5264 S   0,0  0,0   0:00.00 tcpdump
22603 root      20   0   22564   6060   5312 S   0,0  0,0   0:00.00 tcpdump
22604 root      20   0   22564   6156   5272 S   0,0  0,0   0:00.00 tcpdump
22605 root      20   0   22564   6156   5272 S   0,0  0,0   0:00.00 tcpdump
22454 root      20   0  985432 152600   8912 S   1,0  0,9   0:04.82 ovs-vswitc+
22378 root      10 -10   20924   4924   4176 S   0,0  0,0   0:00.01 ovsdb-serv+
22417 root      10 -10   26456   9856   8912 S   0,0  0,1   0:00.00 ovs-vswitc+
22450 root      20   0   20912   4912   4132 S   0,0  0,0   0:00.03 ovsdb-serv+
22520 root      20   0   20912   5012   4228 S   0,0  0,0   0:00.02 ovsdb-serv+
22524 root      20   0  985452 122540   8912 S   0,0  0,8   0:01.20 ovs-vswitc+
22599 root      20   0   22564   5980   5232 S   0,0  0,0   0:00.00 tcpdump
22600 root      20   0   22564   5912   5164 S   0,0  0,0   0:00.01 tcpdump
22601 root      20   0   22564   6044   5296 S   0,0  0,0   0:00.01 tcpdump
22602 root      20   0   22564   6012   5264 S   0,0  0,0   0:00.00 tcpdump
22603 root      20   0   22564   6060   5312 S   0,0  0,0   0:00.00 tcpdump
22604 root      20   0   22564   6156   5272 S   0,0  0,0   0:00.00 tcpdump
22605 root      20   0   22564   6156   5272 S   0,0  0,0   0:00.00 tcpdump
22454 root      20   0  985432 152600   8912 S   1,0  0,9   0:04.83 ovs-vswitc+
22524 root      20   0  985452 122540   8912 S   1,0  0,8   0:01.21 ovs-vswitc+
22378 root      10 -10   20924   4924   4176 S   0,0  0,0   0:00.01 ovsdb-serv+
22417 root      10 -10   26456   9856   8912 S   0,0  0,1   0:00.00 ovs-vswitc+
22450 root      20   0   20912   4912   4132 S   0,0  0,0   0:00.03 ovsdb-serv+
22520 root      20   0   20912   5012   4228 S   0,0  0,0   0:00.02 ovsdb-serv+
22599 root      20   0   22564   5980   5232 S   0,0  0,0   0:00.00 tcpdump
22600 root      20   0   22564   5912   5164 S   0,0  0,0   0:00.01 tcpdump
22601 root      20   0   22564   6044   5296 S   0,0  0,0   0:00.01 tcpdump
22602 root      20   0   22564   6012   5264 S   0,0  0,0   0:00.00 tcpdump
22603 root      20   0   22564   6060   5312 S   0,0  0,0   0:00.00 tcpdump
22604 root      20   0   22564   6156   5272 S   0,0  0,0   0:00.00 tcpdump
22605 root      20   0   22564   6156   5272 S   0,0  0,0   0:00.00 tcpdump
22454 root      20   0  985432 152600   8912 S   1,0  0,9   0:04.84 ovs-vswitc+
22524 root      20   0  985452 122540   8912 S   1,0  0,8   0:01.22 ovs-vswitc+
22378 root      10 -10   20924   4924   4176 S   0,0  0,0   0:00.01 ovsdb-serv+
22417 root      10 -10   26456   9856   8912 S   0,0  0,1   0:00.00 ovs-vswitc+
22450 root      20   0   20912   4912   4132 S   0,0  0,0   0:00.03 ovsdb-serv+
22520 root      20   0   20912   5012   4228 S   0,0  0,0   0:00.02 ovsdb-serv+
22599 root      20   0   22564   5980   5232 S   0,0  0,0   0:00.00 tcpdump
22600 root      20   0   22564   5912   5164 S   0,0  0,0   0:00.01 tcpdump
22601 root      20   0   22564   6044   5296 S   0,0  0,0   0:00.01 tcpdump
22602 root      20   0   22564   6012   5264 S   0,0  0,0   0:00.00 tcpdump
22603 root      20   0   22564   6060   5312 S   0,0  0,0   0:00.00 tcpdump
22604 root      20   0   22564   6156   5272 S   0,0  0,0   0:00.00 tcpdump
22605 root      20   0   22564   6156   5272 S   0,0  0,0   0:00.00 tcpdump
22454 root      20   0  985432 152600   8912 S   1,0  0,9   0:04.85 ovs-vswitc+
22524 root      20   0  985452 122540   8912 S   1,0  0,8   0:01.23 ovs-vswitc+
22378 root      10 -10   20924   4924   4176 S   0,0  0,0   0:00.01 ovsdb-serv+
22417 root      10 -10   26456   9856   8912 S   0,0  0,1   0:00.00 ovs-vswitc+
22450 root      20   0   20912   4912   4132 S   0,0  0,0   0:00.03 ovsdb-serv+
22520 root      20   0   20912   5012   4228 S   0,0  0,0   0:00.02 ovsdb-serv+
22599 root      20   0   22564   5980   5232 S   0,0  0,0   0:00.00 tcpdump
22600 root      20   0   22564   5912   5164 S   0,0  0,0   0:00.01 tcpdump
22601 root      20   0   22564   6044   5296 S   0,0  0,0   0:00.01 tcpdump
22602 root      20   0   22564   6012   5264 S   0,0  0,0   0:00.00 tcpdump
22603 root      20   0   22564   6060   5312 S   0,0  0,0   0:00.00 tcpdump
22604 root      20   0   22564   6156   5272 S   0,0  0,0   0:00.00 tcpdump
22605 root      20   0   22564   6156   5272 S   0,0  0,0   0:00.00 tcpdump
22454 root      20   0  985432 152600   8912 S   1,0  0,9   0:04.86 ovs-vswitc+
22524 root      20   0  985452 122540   8912 S   1,0  0,8   0:01.24 ovs-vswitc+
22378 root      10 -10   20924   4924   4176 S   0,0  0,0   0:00.01 ovsdb-serv+
22417 root      10 -10   26456   9856   8912 S   0,0  0,1   0:00.00 ovs-vswitc+
22450 root      20   0   20912   4912   4132 S   0,0  0,0   0:00.03 ovsdb-serv+
22520 root      20   0   20912   5012   4228 S   0,0  0,0   0:00.02 ovsdb-serv+
22599 root      20   0   22564   5980   5232 S   0,0  0,0   0:00.00 tcpdump
22600 root      20   0   22564   5912   5164 S   0,0  0,0   0:00.01 tcpdump
22601 root      20   0   22564   6044   5296 S   0,0  0,0   0:00.01 tcpdump
22602 root      20   0   22564   6012   5264 S   0,0  0,0   0:00.00 tcpdump
22603 root      20   0   22564   6060   5312 S   0,0  0,0   0:00.00 tcpdump
22604 root      20   0   22564   6156   5272 S   0,0  0,0   0:00.00 tcpdump
22605 root      20   0   22564   6156   5272 S   0,0  0,0   0:00.00 tcpdump
22524 root      20   0  985452 122540   8912 S   1,0  0,8   0:01.25 ovs-vswitc+
22378 root      10 -10   20924   4924   4176 S   0,0  0,0   0:00.01 ovsdb-serv+
22417 root      10 -10   26456   9856   8912 S   0,0  0,1   0:00.00 ovs-vswitc+
22450 root      20   0   20912   4912   4132 S   0,0  0,0   0:00.03 ovsdb-serv+
22454 root      20   0  985432 152600   8912 S   0,0  0,9   0:04.86 ovs-vswitc+
22520 root      20   0   20912   5012   4228 S   0,0  0,0   0:00.02 ovsdb-serv+
22599 root      20   0   22564   5980   5232 S   0,0  0,0   0:00.00 tcpdump
22600 root      20   0   22564   5912   5164 S   0,0  0,0   0:00.01 tcpdump
22601 root      20   0   22564   6044   