23352 root      20   0  985300 118364   8912 S  18,8  0,7   0:00.15 ovs-vswitc+
23422 root      20   0  985304 118364   8912 S  18,8  0,7   0:00.11 ovs-vswitc+
23246 root      10 -10   20924   4900   4148 S   0,0  0,0   0:00.00 ovsdb-serv+
23285 root      10 -10   26456   9856   8912 S   0,0  0,1   0:00.00 ovs-vswitc+
23348 root      20   0   20912   4884   4104 S   0,0  0,0   0:00.01 ovsdb-serv+
23418 root      20   0   20912   5008   4228 S   0,0  0,0   0:00.00 ovsdb-serv+
23497 root      20   0   22564   6016   5268 S   0,0  0,0   0:00.00 tcpdump
23498 root      20   0   22564   6048   5300 S   0,0  0,0   0:00.00 tcpdump
23499 root      20   0   22564   6020   5272 S   0,0  0,0   0:00.00 tcpdump
23500 root      20   0   22564   6040   5292 S   0,0  0,0   0:00.00 tcpdump
23501 root      20   0   22564   5984   5232 S   0,0  0,0   0:00.00 tcpdump
23502 root      20   0   22564   6224   5336 S   0,0  0,0   0:00.00 tcpdump
23503 root      20   0   22564   6240   5352 S   0,0  0,0   0:00.00 tcpdump
23422 root      20   0  985304 118364   8912 S   1,0  0,7   0:00.12 ovs-vswitc+
23246 root      10 -10   20924   4900   4148 S   0,0  0,0   0:00.00 ovsdb-serv+
23285 root      10 -10   26456   9856   8912 S   0,0  0,1   0:00.00 ovs-vswitc+
23348 root      20   0   20912   4884   4104 S   0,0  0,0   0:00.01 ovsdb-serv+
23352 root      20   0  985300 118364   8912 S   0,0  0,7   0:00.15 ovs-vswitc+
23418 root      20   0   20912   5008   4228 S   0,0  0,0   0:00.00 ovsdb-serv+
23497 root      20   0   22564   6016   5268 S   0,0  0,0   0:00.00 tcpdump
23498 root      20   0   22564   6048   5300 S   0,0  0,0   0:00.00 tcpdump
23499 root      20   0   22564   6020   5272 S   0,0  0,0   0:00.00 tcpdump
23500 root      20   0   22564   6040   5292 S   0,0  0,0   0:00.00 tcpdump
23501 root      20   0   22564   5984   5232 S   0,0  0,0   0:00.00 tcpdump
23502 root      20   0   22564   6224   5336 S   0,0  0,0   0:00.00 tcpdump
23503 root      20   0   22564   6240   5352 S   0,0  0,0   0:00.00 tcpdump
23352 root      20   0  985300 118364   8912 S   1,0  0,7   0:00.16 ovs-vswitc+
23422 root      20   0  985304 118364   8912 S   1,0  0,7   0:00.13 ovs-vswitc+
23246 root      10 -10   20924   4900   4148 S   0,0  0,0   0:00.00 ovsdb-serv+
23285 root      10 -10   26456   9856   8912 S   0,0  0,1   0:00.00 ovs-vswitc+
23348 root      20   0   20912   4884   4104 S   0,0  0,0   0:00.01 ovsdb-serv+
23418 root      20   0   20912   5008   4228 S   0,0  0,0   0:00.00 ovsdb-serv+
23497 root      20   0   22564   6016   5268 S   0,0  0,0   0:00.00 tcpdump
23498 root      20   0   22564   6048   5300 S   0,0  0,0   0:00.00 tcpdump
23499 root      20   0   22564   6020   5272 S   0,0  0,0   0:00.00 tcpdump
23500 root      20   0   22564   6040   5292 S   0,0  0,0   0:00.00 tcpdump
23501 root      20   0   22564   5984   5232 S   0,0  0,0   0:00.00 tcpdump
23502 root      20   0   22564   6224   5336 S   0,0  0,0   0:00.00 tcpdump
23503 root      20   0   22564   6240   5352 S   0,0  0,0   0:00.00 tcpdump
23352 root      20   0  985300 118364   8912 S   1,0  0,7   0:00.17 ovs-vswitc+
23422 root      20   0  985304 118364   8912 S   1,0  0,7   0:00.14 ovs-vswitc+
23246 root      10 -10   20924   4900   4148 S   0,0  0,0   0:00.00 ovsdb-serv+
23285 root      10 -10   26456   9856   8912 S   0,0  0,1   0:00.00 ovs-vswitc+
23348 root      20   0   20912   4884   4104 S   0,0  0,0   0:00.01 ovsdb-serv+
23418 root      20   0   20912   5008   4228 S   0,0  0,0   0:00.00 ovsdb-serv+
23497 root      20   0   22564   6016   5268 S   0,0  0,0   0:00.00 tcpdump
23498 root      20   0   22564   6048   5300 S   0,0  0,0   0:00.00 tcpdump
23499 root      20   0   22564   6020   5272 S   0,0  0,0   0:00.00 tcpdump
23500 root      20   0   22564   6040   5292 S   0,0  0,0   0:00.00 tcpdump
23501 root      20   0   22564   5984   5232 S   0,0  0,0   0:00.00 tcpdump
23502 root      20   0   22564   6224   5336 S   0,0  0,0   0:00.00 tcpdump
23503 root      20   0   22564   6240   5352 S   0,0  0,0   0:00.00 tcpdump
23422 root      20   0  985304 118364   8912 S   2,0  0,7   0:00.16 ovs-vswitc+
23246 root      10 -10   20924   4900   4148 S   0,0  0,0   0:00.00 ovsdb-serv+
23285 root      10 -10   26456   9856   8912 S   0,0  0,1   0:00.00 ovs-vswitc+
23348 root      20   0   20912   4884   4104 S   0,0  0,0   0:00.01 ovsdb-serv+
23352 root      20   0  985300 118364   8912 S   0,0  0,7   0:00.17 ovs-vswitc+
23418 root      20   0   20912   5008   4228 S   0,0  0,0   0:00.00 ovsdb-serv+
23497 root      20   0   22564   6016   5268 S   0,0  0,0   0:00.00 tcpdump
23498 root      20   0   22564   6048   5300 S   0,0  0,0   0:00.00 tcpdump
23499 root      20   0   22564   6020   5272 S   0,0  0,0   0:00.00 tcpdump
23500 root      20   0   22564   6040   5292 S   0,0  0,0   0:00.00 tcpdump
23501 root      20   0   22564   5984   5232 S   0,0  0,0   0:00.00 tcpdump
23502 root      20   0   22564   6224   5336 S   0,0  0,0   0:00.00 tcpdump
23503 root      20   0   22564   6240   5352 S   0,0  0,0   0:00.00 tcpdump
23352 root      20   0  985300 118364   8912 S   1,0  0,7   0:00.18 ovs-vswitc+
23422 root      20   0  985304 118364   8912 S   1,0  0,7   0:00.17 ovs-vswitc+
23246 root      10 -10   20924   4900   4148 S   0,0  0,0   0:00.00 ovsdb-serv+
23285 root      10 -10   26456   9856   8912 S   0,0  0,1   0:00.00 ovs-vswitc+
23348 root      20   0   20912   4884   4104 S   0,0  0,0   0:00.01 ovsdb-serv+
23418 root      20   0   20912   5008   4228 S   0,0  0,0   0:00.00 ovsdb-serv+
23497 root      20   0   22564   6016   5268 S   0,0  0,0   0:00.00 tcpdump
23498 root      20   0   22564   6048   5300 S   0,0  0,0   0:00.00 tcpdump
23499 root      20   0   22564   6020   5272 S   0,0  0,0   0:00.00 tcpdump
23500 root      20   0   22564   6040   5292 S   0,0  0,0   0:00.00 tcpdump
23501 root      20   0   22564   5984   5232 S   0,0  0,0   0:00.00 tcpdump
23502 root      20   0   22564   6224   5336 S   0,0  0,0   0:00.00 tcpdump
23503 root      20   0   22564   6240   5352 S   0,0  0,0   0:00.00 tcpdump
23352 root      20   0  985300 118364   8912 S   1,0  0,7   0:00.19 ovs-vswitc+
23422 root      20   0  985304 118364   8912 S   1,0  0,7   0:00.18 ovs-vswitc+
23246 root      10 -10   20924   4900   4148 S   0,0  0,0   0:00.00 ovsdb-serv+
23285 root      10 -10   26456   9856   8912 S   0,0  0,1   0:00.00 ovs-vswitc+
23348 root      20   0   20912   4884   4104 S   0,0  0,0   0:00.01 ovsdb-serv+
23418 root      20   0   20912   5008   4228 S   0,0  0,0   0:00.00 ovsdb-serv+
23497 root      20   0   22564   6016   5268 S   0,0  0,0   0:00.00 tcpdump
23498 root      20   0   22564   6048   5300 S   0,0  0,0   0:00.00 tcpdump
23499 root      20   0   22564   6020   5272 S   0,0  0,0   0:00.00 tcpdump
23500 root      20   0   22564   6040   5292 S   0,0  0,0   0:00.00 tcpdump
23501 root      20   0   22564   5984   5232 S   0,0  0,0   0:00.00 tcpdump
23502 root      20   0   22564   6224   5336 S   0,0  0,0   0:00.00 tcpdump
23503 root      20   0   22564   6240   5352 S   0,0  0,0   0:00.00 tcpdump
23246 root      10 -10   20924   4900   4148 S   0,0  0,0   0:00.00 ovsdb-serv+
23285 root      10 -10   26456   9856   8912 S   0,0  0,1   0:00.00 ovs-vswitc+
23348 root      20   0   20912   4884   4104 S   0,0  0,0   0:00.01 ovsdb-serv+
23352 root      20   0  985300 118364   8912 S   0,0  0,7   0:00.19 ovs-vswitc+
23418 root      20   0   20912   5008   4228 S   0,0  0,0   0:00.00 ovsdb-serv+
23422 root      20   0  985304 118364   8912 S   0,0  0,7   0:00.18 ovs-vswitc+
23497 root      20   0   22564   6016   5268 S   0,0  0,0   0:00.00 tcpdump
23498 root      20   0   22564   6048   5300 S   0,0  0,0   0:00.00 tcpdump
23499 root      20   0   22564   6020   5272 S   0,0  0,0   0:00.00 tcpdump
23500 root      20   0   22564   6040   5292 S   0,0  0,0   0:00.00 tcpdump
23501 root      20   0   22564   5984   5232 S   0,0  0,0   0:00.00 tcpdump
23502 root      20   0   22564   6224   5336 S   0,0  0,0   0:00.00 tcpdump
23503 root      20   0   22564   6240   5352 S   0,0  0,0   0:00.00 tcpdump
23352 root      20   0  985300 118364   8912 S   2,0  0,7   0:00.21 ovs-vswitc+
23422 root      20   0  985416 118544   8912 S   2,0  0,7   0:00.20 ovs-vswitc+
23246 root      10 -10   20924   4900   4148 S   0,0  0,0   0:00.00 ovsdb-serv+
23285 root      10 -10   26456   9856   8912 S   0,0  0,1   0:00.00 ovs-vswitc+
23348 root      20   0   20912   4884   4104 S   0,0  0,0   0:00.01 ovsdb-serv+
23418 root      20   0   20912   5008   4228 S   0,0  0,0   0:00.00 ovsdb-serv+
23497 root      20   0   22564   6016   5268 S   0,0  0,0   0:00.00 tcpdump
23498 root      20   0   22564   6048   5300 S   0,0  0,0   0:00.00 tcpdump
23499 root      20   0   22564   6020   5272 S   0,0  0,0   0:00.00 tcpdump
23500 root      20   0   22564   6040   5292 S   0,0  0,0   0:00.00 tcpdump
23501 root      20   0   22564   5984   5232 S   0,0  0,0   0:00.00 tcpdump
23502 root      20   0   22564   6224   5336 S   0,0  0,0   0:00.00 tcpdump
23503 root      20   0   22564   6240   5352 S   0,0  0,0   0:00.00 tcpdump
23422 root      20   0  985420 118544   8912 S   1,0  0,7   0:00.21 ovs-vswitc+
23246 root      10 -10   20924   4900   4148 S   0,0  0,0   0:00.00 ovsdb-serv+
23285 root      10 -10   26456   9856   8912 S   0,0  0,1   0:00.00 ovs-vswitc+
23348 root      20   0   20912   4884   4104 S   0,0  0,0   0:00.01 ovsdb-serv+
23352 root      20   0  985300 118364   8912 S   0,0  0,7   0:00.21 ovs-vswitc+
23418 root      20   0   20912   5008   4228 S   0,0  0,0   0:00.00 ovsdb-serv+
23497 root      20   0   22564   6016   5268 S   0,0  0,0   0:00.00 tcpdump
23498 root      20   0   22564   6048   5300 S   0,0  0,0   0:00.00 tcpdump
23499 root      20   0   22564   6020   5272 S   0,0  0,0   0:00.00 tcpdump
23500 root      20   0   22564   6040   5292 S   0,0  0,0   0:00.00 tcpdump
23501 root      20   0   22564   5984   5232 S   0,0  0,0   0:00.00 tcpdump
23502 root      20   0   22564   6224   5336 S   0,0  0,0   0:00.00 tcpdump
23503 root      20   0   22564   6240   5352 S   0,0  0,0   0:00.00 tcpdump
23352 root      20   0  985300 118364   8912 S   1,0  0,7   0:00.22 ovs-vswitc+
23418 root      20   0   20912   5008   4228 S   1,0  0,0   0:00.01 ovsdb-serv+
23422 root      20   0  985420 118544   8912 S   1,0  0,7   0:00.22 ovs-vswitc+
23246 root      10 -10   20924   4900   4148 S   0,0  0,0   0:00.00 ovsdb-serv+
23285 root      10 -10   26456   9856   8912 S   0,0  0,1   0:00.00 ovs-vswitc+
23348 root      20   0   20912   4884   4104 S   0,0  0,0   0:00.01 ovsdb-serv+
23497 root      20   0   22564   6016   5268 S   0,0  0,0   0:00.00 tcpdump
23498 root      20   0   22564   6048   5300 S   0,0  0,0   0:00.00 tcpdump
23499 root      20   0   22564   6020   5272 S   0,0  0,0   0:00.00 tcpdump
23500 root      20   0   22564   6040   5292 S   0,0  0,0   0:00.00 tcpdump
23501 root      20   0   22564   5984   5232 S   0,0  0,0   0:00.00 tcpdump
23502 root      20   0   22564   6224   5336 S   0,0  0,0   0:00.00 tcpdump
23503 root      20   0   22564   6240   5352 S   0,0  0,0   0:00.00 tcpdump
23352 root      20   0  985300 118364   8912 S   1,0  0,7   0:00.23 ovs-vswitc+
23422 root      20   0  985420 118544   8912 S   1,0  0,7   0:00.23 ovs-vswitc+
23246 root      10 -10   20924   4900   4148 S   0,0  0,0   0:00.00 ovsdb-serv+
23285 root      10 -10   26456   9856   8912 S   0,0  0,1   0:00.00 ovs-vswitc+
23348 root      20   0   20912   4884   4104 S   0,0  0,0   0:00.01 ovsdb-serv+
23418 root      20   0   20912   5008   4228 S   0,0  0,0   0:00.01 ovsdb-serv+
23497 root      20   0   22564   6016   5268 S   0,0  0,0   0:00.00 tcpdump
23498 root      20   0   22564   6048   5300 S   0,0  0,0   0:00.00 tcpdump
23499 root      20   0   22564   6020   5272 S   0,0  0,0   0:00.00 tcpdump
23500 root      20   0   22564   6040   5292 S   0,0  0,0   0:00.00 tcpdump
23501 root      20   0   22564   5984   5232 S   0,0  0,0   0:00.00 tcpdump
23502 root      20   0   22564   6224   5336 S   0,0  0,0   0:00.00 tcpdump
23503 root      20   0   22564   6240   5352 S   0,0  0,0   0:00.00 tcpdump
23422 root      20   0  985420 118544   8912 S   2,0  0,7   0:00.25 ovs-vswitc+
23352 root      20   0  985300 118364   8912 S   1,0  0,7   0:00.24 ovs-vswitc+
23246 root      10 -10   20924   4900   4148 S   0,0  0,0   0:00.00 ovsdb-serv+
23285 root      10 -10   26456   9856   8912 S   0,0  0,1   0:00.00 ovs-vswitc+
23348 root      20   0   20912   4884   4104 S   0,0  0,0   0:00.01 ovsdb-serv+
23418 root      20   0   20912   5008   4228 S   0,0  0,0   0:00.01 ovsdb-serv+
23497 root      20   0   22564   6016   5268 S   0,0  0,0   0:00.00 tcpdump
23498 root      20   0   22564   6048   5300 S   0,0  0,0   0:00.00 tcpdump
23499 root      20   0   22564   6020   5272 S   0,0  0,0   0:00.00 tcpdump
23500 root      20   0   22564   6040   5292 S   0,0  0,0   0:00.00 tcpdump
23501 root      20   0   22564   5984   5232 S   0,0  0,0   0:00.00 tcpdump
23502 root      20   0   22564   6224   5336 S   0,0  0,0   0:00.00 tcpdump
23503 root      20   0   22564   6240   5352 S   0,0  0,0   0:00.00 tcpdump
23352 root      20   0  985300 118364   8912 S   1,0  0,7   0:00.25 ovs-vswitc+
23246 root      10 -10   20924   4900   4148 S   0,0  0,0   0:00.00 ovsdb-serv+
23285 root      10 -10   26456   9856   8912 S   0,0  0,1   0:00.00 ovs-vswitc+
23348 root      20   0   20912   4884   4104 S   0,0  0,0   0:00.01 ovsdb-serv+
23418 root      20   0   20912   5008   4228 S   0,0  0,0   0:00.01 ovsdb-serv+
23422 root      20   0  985420 118544   8912 S   0,0  0,7   0:00.25 ovs-vswitc+
23497 root      20   0   22564   6016   5268 S   0,0  0,0   0:00.00 tcpdump
23498 root      20   0   22564   6048   5300 S   0,0  0,0   0:00.00 tcpdump
23499 root      20   0   22564   6020   5272 S   0,0  0,0   0:00.00 tcpdump
23500 root      20   0   22564   6040   5292 S   0,0  0,0   0:00.00 tcpdump
23501 root      20   0   22564   5984   5232 S   0,0  0,0   0:00.00 tcpdump
23502 root      20   0   22564   6224   5336 S   0,0  0,0   0:00.00 tcpdump
23503 root      20   0   22564   6240   5352 S   0,0  0,0   0:00.00 tcpdump
23352 root      20   0  985300 118364   8912 S   1,0  0,7   0:00.26 ovs-vswitc+
23422 root      20   0  985420 118544   8912 S   1,0  0,7   0:00.26 ovs-vswitc+
23246 root      10 -10   20924   4900   4148 S   0,0  0,0   0:00.00 ovsdb-serv+
23285 root      10 -10   26456   9856   8912 S   0,0  0,1   0:00.00 ovs-vswitc+
23348 root      20   0   20912   4884   4104 S   0,0  0,0   0:00.01 ovsdb-serv+
23418 root      20   0   20912   5008   4228 S   0,0  0,0   0:00.01 ovsdb-serv+
23497 root      20   0   22564   6016   5268 S   0,0  0,0   0:00.00 tcpdump
23498 root      20   0   22564   6048   5300 S   0,0  0,0   0:00.00 tcpdump
23499 root      20   0   22564   6020   5272 S   0,0  0,0   0:00.00 tcpdump
23500 root      20   0   22564   6040   5292 S   0,0  0,0   0:00.00 tcpdump
23501 root      20   0   22564   5984   5232 S   0,0  0,0   0:00.00 tcpdump
23502 root      20   0   22564   6224   5336 S   0,0  0,0   0:00.00 tcpdump
23503 root      20   0   22564   6240   5352 S   0,0  0,0   0:00.00 tcpdump
23352 root      20   0  985300 118364   8912 S   1,0  0,7   0:00.27 ovs-vswitc+
23422 root      20   0  985420 118544   8912 S   1,0  0,7   0:00.27 ovs-vswitc+
23246 root      10 -10   20924   4900   4148 S   0,0  0,0   0:00.00 ovsdb-serv+
23285 root      10 -10   26456   9856   8912 S   0,0  0,1   0:00.00 ovs-vswitc+
23348 root      20   0   20912   4884   4104 S   0,0  0,0   0:00.01 ovsdb-serv+
23418 root      20   0   20912   5008   4228 S   0,0  0,0   0:00.01 ovsdb-serv+
23497 root      20   0   22564   6016   5268 S   0,0  0,0   0:00.00 tcpdump
23498 root      20   0   22564   6048   5300 S   0,0  0,0   0:00.00 tcpdump
23499 root      20   0   22564   6020   5272 S   0,0  0,0   0:00.00 tcpdump
23500 root      20   0   22564   6040   5292 S   0,0  0,0   0:00.00 tcpdump
23501 root      20   0   22564   5984   5232 S   0,0  0,0   0:00.00 tcpdump
23502 root      20   0   22564   6224   5336 S   0,0  0,0   0:00.00 tcpdump
23503 root      20   0   22564   6240   5352 S   0,0  0,0   0:00.00 tcpdump
23422 root      20   0  985420 118544   8912 S   1,0  0,7   0:00.28 ovs-vswitc+
23246 root      10 -10   20924   4900   4148 S   0,0  0,0   0:00.00 ovsdb-serv+
23285 root      10 -10   26456   9856   8912 S   0,0  0,1   0:00.00 ovs-vswitc+
23348 root      20   0   20912   4884   4104 S   0,0  0,0   0:00.01 ovsdb-serv+
23352 root      20   0  985300 118364   8912 S   0,0  0,7   0:00.27 ovs-vswitc+
23418 root      20   0   20912   5008   4228 S   0,0  0,0   0:00.01 ovsdb-serv+
23497 root      20   0   22564   6016   5268 S   0,0  0,0   0:00.00 tcpdump
23498 root      20   0   22564   6048   5300 S   0,0  0,0   0:00.00 tcpdump
23499 root      20   0   22564   6020   5272 S   0,0  0,0   0:00.00 tcpdump
23500 root      20   0   22564   6040   5292 S   0,0  0,0   0:00.00 tcpdump
23501 root      20   0   22564   5984   5232 S   0,0  0,0   0:00.00 tcpdump
23502 root      20   0   22564   6224   5336 S   0,0  0,0   0:00.00 tcpdump
23503 root      20   0   22564   6240   5352 S   0,0  0,0   0:00.00 tcpdump
23422 root      20   0  985420 118544   8912 S   1,0  0,7   0:00.29 ovs-vswitc+
23246 root      10 -10   20924   4900   4148 S   0,0  0,0   0:00.00 ovsdb-serv+
23285 root      10 -10   26456   9856   8912 S   0,0  0,1   0:00.00 ovs-vswitc+
23348 root      20   0   20912   4884   4104 S   0,0  0,0   0:00.01 ovsdb-serv+
23352 root      20   0  985300 118364   8912 S   0,0  0,7   0:00.27 ovs-vswitc+
23418 root      20   0   20912   5008   4228 S   0,0  0,0   0:00.01 ovsdb-serv+
23497 root      20   0   22564   6016   5268 S   0,0  0,0   0:00.00 tcpdump
23498 root      20   0   22564   6048   5300 S   0,0  0,0   0:00.00 tcpdump
23499 root      20   0   22564   6020   5272 S   0,0  0,0   0:00.00 tcpdump
23500 root      20   0   22564   6040   5292 S   0,0  0,0   0:00.00 tcpdump
23501 root      20   0   22564   5984   5232 S   0,0  0,0   0:00.00 tcpdump
23502 root      20   0   22564   6224   5336 S   0,0  0,0   0:00.00 tcpdump
23503 root      20   0   22564   6240   5352 S   0,0  0,0   0:00.00 tcpdump
23352 root      20   0  985412 118540   8912 S   3,0  0,7   0:00.30 ovs-vswitc+
23422 root      20   0  985420 118544   8912 S   1,0  0,7   0:00.30 ovs-vswitc+
23246 root      10 -10   20924   4900   4148 S   0,0  0,0   0:00.00 ovsdb-serv+
23285 root      10 -10   26456   9856   8912 S   0,0  0,1   0:00.00 ovs-vswitc+
23348 root      20   0   20912   4884   4104 S   0,0  0,0   0:00.01 ovsdb-serv+
23418 root      20   0   20912   5008   4228 S   0,0  0,0   0:00.01 ovsdb-serv+
23497 root      20   0   22564   6016   5268 S   0,0  0,0   0:00.00 tcpdump
23498 root      20   0   22564   6048   5300 S   0,0  0,0   0:00.00 tcpdump
23499 root      20   0   22564   6020   5272 S   0,0  0,0   0:00.00 tcpdump
23500 root      20   0   22564   6040   5292 S   0,0  0,0   0:00.00 tcpdump
23501 root      20   0   22564   5984   5232 S   0,0  0,0   0:00.00 tcpdump
23502 root      20   0   22564   6224   5336 S   0,0  0,0   0:00.00 tcpdump
23503 root      20   0   22564   6240   5352 S   0,0  0,0   0:00.00 tcpdump
23422 root      20   0  985420 118544   8912 S   1,0  0,7   0:00.31 ovs-vswitc+
23246 root      10 -10   20924   4900   4148 S   0,0  0,0   0:00.00 ovsdb-serv+
23285 root      10 -10   26456   9856   8912 S   0,0  0,1   0:00.00 ovs-vswitc+
23348 root      20   0   20912   4884   4104 S   0,0  0,0   0:00.01 ovsdb-serv+
23352 root      20   0  985412 118540   8912 S   0,0  0,7   0:00.30 ovs-vswitc+
23418 root      20   0   20912   5008   4228 S   0,0  0,0   0:00.01 ovsdb-serv+
23497 root      20   0   22564   6016   5268 S   0,0  0,0   0:00.00 tcpdump
23498 root      20   0   22564   6048   5300 S   0,0  0,0   0:00.00 tcpdump
23499 root      20   0   22564   6020   5272 S   0,0  0,0   0:00.00 tcpdump
23500 root      20   0   22564   6040   5292 S   0,0  0,0   0:00.00 tcpdump
23501 root      20   0   22564   5984   5232 S   0,0  0,0   0:00.00 tcpdump
23502 root      20   0   22564   6224   5336 S   0,0  0,0   0:00.00 tcpdump
23503 root      20   0   22564   6240   5352 S   0,0  0,0   0:00.00 tcpdump
23352 root      20   0  985412 118540   8912 S   1,0  0,7   0:00.31 ovs-vswitc+
23422 root      20   0  985420 118544   8912 S   1,0  0,7   0:00.32 ovs-vswitc+
23246 root      10 -10   20924   4900   4148 S   0,0  0,0   0:00.00 ovsdb-serv+
23285 root      10 -10   26456   9856   8912 S   0,0  0,1   0:00.00 ovs-vswitc+
23348 root      20   0   20912   4884   4104 S   0,0  0,0   0:00.01 ovsdb-serv+
23418 root      20   0   20912   5008   4228 S   0,0  0,0   0:00.01 ovsdb-serv+
23497 root      20   0   22564   6016   5268 S   0,0  0,0   0:00.00 tcpdump
23498 root      20   0   22564   6048   5300 S   0,0  0,0   0:00.00 tcpdump
23499 root      20   0   22564   6020   5272 S   0,0  0,0   0:00.00 tcpdump
23500 root      20   0   22564   6040   5292 S   0,0  0,0   0:00.00 tcpdump
23501 root      20   0   22564   5984   5232 S   0,0  0,0   0:00.00 tcpdump
23502 root      20   0   22564   6224   5336 S   0,0  0,0   0:00.00 tcpdump
23503 root      20   0   22564   6240   5352 S   0,0  0,0   0:00.00 tcpdump
23352 root      20   0  985412 118540   8912 S   1,0  0,7   0:00.32 ovs-vswitc+
23422 root      20   0  985420 118544   8912 S   1,0  0,7   0:00.33 ovs-vswitc+
23246 root      10 -10   20924   4900   4148 S   0,0  0,0   0:00.00 ovsdb-serv+
23285 root      10 -10   26456   9856   8912 S   0,0  0,1   0:00.00 ovs-vswitc+
23348 root      20   0   20912   4884   4104 S   0,0  0,0   0:00.01 ovsdb-serv+
23418 root      20   0   20912   5008   4228 S   0,0  0,0   0:00.01 ovsdb-serv+
23497 root      20   0   22564   6016   5268 S   0,0  0,0   0:00.00 tcpdump
23498 root      20   0   22564   6048   5300 S   0,0  0,0   0:00.00 tcpdump
23499 root      20   0   22564   6020   5272 S   0,0  0,0   0:00.00 tcpdump
23500 root      20   0   22564   6040   5292 S   0,0  0,0   0:00.00 tcpdump
23501 root      20   0   22564   5984   5232 S   0,0  0,0   0:00.00 tcpdump
23502 root      20   0   22564   6224   5336 S   0,0  0,0   0:00.00 tcpdump
23503 root      20   0   22564   6240   5352 S   0,0  0,0   0:00.00 tcpdump
23352 root      20   0  985412 118540   8912 S   1,0  0,7   0:00.33 ovs-vswitc+
23422 root      20   0  985420 118544   8912 S   1,0  0,7   0:00.34 ovs-vswitc+
23246 root      10 -10   20924   4900   4148 S   0,0  0,0   0:00.00 ovsdb-serv+
23285 root      10 -10   26456   9856   8912 S   0,0  0,1   0:00.00 ovs-vswitc+
23348 root      20   0   20912   4884   4104 S   0,0  0,0   0:00.01 ovsdb-serv+
23418 root      20   0   20912   5008   4228 S   0,0  0,0   0:00.01 ovsdb-serv+
23497 root      20   0   22564   6016   5268 S   0,0  0,0   0:00.00 tcpdump
23498 root      20   0   22564   6048   5300 S   0,0  0,0   0:00.00 tcpdump
23499 root      20   0   22564   6020   5272 S   0,0  0,0   0:00.00 tcpdump
23500 root      20   0   22564   6040   5292 S   0,0  0,0   0:00.00 tcpdump
23501 root      20   0   22564   5984   5232 S   0,0  0,0   0:00.00 tcpdump
23502 root      20   0   22564   6224   5336 S   0,0  0,0   0:00.00 tcpdump
23503 root      20   0   22564   6240   5352 S   0,0  0,0   0:00.00 tcpdump
23352 root      20   0  985412 119328   8912 S   6,9  0,7   0:00.40 ovs-vswitc+
23422 root      20   0  985420 119332   8912 R   6,9  0,7   0:00.41 ovs-vswitc+
23246 root      10 -10   20924   4900   4148 S   0,0  0,0   0:00.00 ovsdb-serv+
23285 root      10 -10   26456   9856   8912 S   0,0  0,1   0:00.00 ovs-vswitc+
23348 root      20   0   20912   4884   4104 S   0,0  0,0   0:00.01 ovsdb-serv+
23418 root      20   0   20912   5008   4228 S   0,0  0,0   0:00.01 ovsdb-serv+
23497 root      20   0   22564   6016   5268 S   0,0  0,0   0:00.00 tcpdump
23498 root      20   0   22564   6048   5300 S   0,0  0,0   0:00.00 tcpdump
23499 root      20   0   22564   6020   5272 S   0,0  0,0   0:00.00 tcpdump
23500 root      20   0   22564   6040   5292 S   0,0  0,0   0:00.00 tcpdump
23501 root      20   0   22564   5984   5232 S   0,0  0,0   0:00.00 tcpdump
23502 root      20   0   22564   6224   5336 S   0,0  0,0   0:00.00 tcpdump
23503 root      20   0   22564   6240   5352 S   0,0  0,0   0:00.00 tcpdump
23352 root      20   0  985412 129092   8912 R  71,3  0,8   0:01.12 ovs-vswitc+
23422 root      20   0  985420 129096   8912 S  66,3  0,8   0:01.08 ovs-vswitc+
23246 root      10 -10   20924   4900   4148 S   0,0  0,0   0:00.00 ovsdb-serv+
23285 root      10 -10   26456   9856   8912 S   0,0  0,1   0:00.00 ovs-vswitc+
23348 root      20   0   20912   4884   4104 S   0,0  0,0   0:00.01 ovsdb-serv+
23418 root      20   0   20912   5008   4228 S   0,0  0,0   0:00.01 ovsdb-serv+
23497 root      20   0   22564   6016   5268 S   0,0  0,0   0:00.00 tcpdump
23498 root      20   0   22564   6048   5300 S   0,0  0,0   0:00.00 tcpdump
23499 root      20   0   22564   6020   5272 S   0,0  0,0   0:00.00 tcpdump
23500 root      20   0   22564   6040   5292 S   0,0  0,0   0:00.00 tcpdump
23501 root      20   0   22564   5984   5232 S   0,0  0,0   0:00.00 tcpdump
23502 root      20   0   22564   6224   5336 S   0,0  0,0   0:00.00 tcpdump
23503 root      20   0   22564   6240   5352 S   0,0  0,0   0:00.00 tcpdump
23352 root      20   0  985412 139124   8912 S  70,3  0,9   0:01.83 ovs-vswitc+
23422 root      20   0  985420 139392   8912 R  67,3  0,9   0:01.76 ovs-vswitc+
23501 root      20   0   22564   5984   5232 S   1,0  0,0   0:00.01 tcpdump
23246 root      10 -10   20924   4900   4148 S   0,0  0,0   0:00.00 ovsdb-serv+
23285 root      10 -10   26456   9856   8912 S   0,0  0,1   0:00.00 ovs-vswitc+
23348 root      20   0   20912   4884   4104 S   0,0  0,0   0:00.01 ovsdb-serv+
23418 root      20   0   20912   5008   4228 S   0,0  0,0   0:00.01 ovsdb-serv+
23497 root      20   0   22564   6016   5268 S   0,0  0,0   0:00.00 tcpdump
23498 root      20   0   22564   6048   5300 S   0,0  0,0   0:00.00 tcpdump
23499 root      20   0   22564   6020   5272 S   0,0  0,0   0:00.00 tcpdump
23500 root      20   0   22564   6040   5292 S   0,0  0,0   0:00.00 tcpdump
23502 root      20   0   22564   6224   5336 S   0,0  0,0   0:00.00 tcpdump
23503 root      20   0   22564   6240   5352 S   0,0  0,0   0:00.00 tcpdump
23352 root      20   0  985412 143612   8912 S  73,0  0,9   0:02.56 ovs-vswitc+
23422 root      20   0  985420 142560   8912 R  67,0  0,9   0:02.43 ovs-vswitc+
23246 root      10 -10   20924   4900   4148 S   0,0  0,0   0:00.00 ovsdb-serv+
23285 root      10 -10   26456   9856   8912 S   0,0  0,1   0:00.00 ovs-vswitc+
23348 root      20   0   20912   4884   4104 S   0,0  0,0   0:00.01 ovsdb-serv+
23418 root      20   0   20912   5008   4228 S   0,0  0,0   0:00.01 ovsdb-serv+
23497 root      20   0   22564   6016   5268 S   0,0  0,0   0:00.00 tcpdump
23498 root      20   0   22564   6048   5300 S   0,0  0,0   0:00.00 tcpdump
23499 root      20   0   22564   6020   5272 S   0,0  0,0   0:00.00 tcpdump
23500 root      20   0   22564   6040   5292 S   0,0  0,0   0:00.00 tcpdump
23501 root      20   0   22564   5984   5232 S   0,0  0,0   0:00.01 tcpdump
23502 root      20   0   22564   6224   5336 S   0,0  0,0   0:00.00 tcpdump
23503 root      20   0   22564   6240   5352 S   0,0  0,0   0:00.00 tcpdump
23352 root      20   0  985412 143612   8912 S  69,3  0,9   0:03.26 ovs-vswitc+
23422 root      20   0  985420 142824   8912 R  63,4  0,9   0:03.07 ovs-vswitc+
23246 root      10 -10   20924   4900   4148 S   0,0  0,0   0:00.00 ovsdb-serv+
23285 root      10 -10   26456   9856   8912 S   0,0  0,1   0:00.00 ovs-vswitc+
23348 root      20   0   20912   4884   4104 S   0,0  0,0   0:00.01 ovsdb-serv+
23418 root      20   0   20912   5008   4228 S   0,0  0,0   0:00.01 ovsdb-serv+
23497 root      20   0   22564   6016   5268 S   0,0  0,0   0:00.00 tcpdump
23498 root      20   0   22564   6048   5300 S   0,0  0,0   0:00.00 tcpdump
23499 root      20   0   22564   6020   5272 S   0,0  0,0   0:00.00 tcpdump
23500 root      20   0   22564   6040   5292 S   0,0  0,0   0:00.00 tcpdump
23501 root      20   0   22564   5984   5232 S   0,0  0,0   0:00.01 tcpdump
23502 root      20   0   22564   6224   5336 S   0,0  0,0   0:00.00 tcpdump
23503 root      20   0   22564   6240   5352 S   0,0  0,0   0:00.00 tcpdump
23352 root      20   0  985412 150212   8912 R  78,2  0,9   0:04.05 ovs-vswitc+
23422 root      20   0  985420 151008   8912 S  75,2  0,9   0:03.83 ovs-vswitc+
23501 root      20   0   22564   5984   5232 S   1,0  0,0   0:00.02 tcpdump
23246 root      10 -10   20924   4900   4148 S   0,0  0,0   0:00.00 ovsdb-serv+
23285 root      10 -10   26456   9856   8912 S   0,0  0,1   0:00.00 ovs-vswitc+
23348 root      20   0   20912   4884   4104 S   0,0  0,0   0:00.01 ovsdb-serv+
23418 root      20   0   20912   5008   4228 S   0,0  0,0   0:00.01 ovsdb-serv+
23497 root      20   0   22564   6016   5268 S   0,0  0,0   0:00.00 tcpdump
23498 root      20   0   22564   6048   5300 S   0,0  0,0   0:00.00 tcpdump
23499 root      20   0   22564   6020   5272 S   0,0  0,0   0:00.00 tcpdump
23500 root      20   0   22564   6040   5292 S   0,0  0,0   0:00.00 tcpdump
23502 root      20   0   22564   6224   5336 S   0,0  0,0   0:00.00 tcpdump
23503 root      20   0   22564   6240   5352 S   0,0  0,0   0:00.00 tcpdump
23352 root      20   0  985412 150992   8912 S  69,3  0,9   0:04.75 ovs-vswitc+
23422 root      20   0  985420 152048   8912 S  64,4  0,9   0:04.48 ovs-vswitc+
23498 root      20   0   22564   6048   5300 S   1,0  0,0   0:00.01 tcpdump
23246 root      10 -10   20924   4900   4148 S   0,0  0,0   0:00.00 ovsdb-serv+
23285 root      10 -10   26456   9856   8912 S   0,0  0,1   0:00.00 ovs-vswitc+
23348 root      20   0   20912   4884   4104 S   0,0  0,0   0:00.01 ovsdb-serv+
23418 root      20   0   20912   5008   4228 S   0,0  0,0   0:00.01 ovsdb-serv+
23497 root      20   0   22564   6016   5268 S   0,0  0,0   0:00.00 tcpdump
23499 root      20   0   22564   6020   5272 S   0,0  0,0   0:00.00 tcpdump
23500 root      20   0   22564   6040   5292 S   0,0  0,0   0:00.00 tcpdump
23501 root      20   0   22564   5984   5232 S   0,0  0,0   0:00.02 tcpdump
23502 root      20   0   22564   6224   5336 S   0,0  0,0   0:00.00 tcpdump
23503 root      20   0   22564   6240   5352 S   0,0  0,0   0:00.00 tcpdump
23352 root      20   0  985412 150992   8912 S  71,3  0,9   0:05.47 ovs-vswitc+
23422 root      20   0  985420 152048   8912 S  68,3  0,9   0:05.17 ovs-vswitc+
23246 root      10 -10   20924   4900   4148 S   0,0  0,0   0:00.00 ovsdb-serv+
23285 root      10 -10   26456   9856   8912 S   0,0  0,1   0:00.00 ovs-vswitc+
23348 root      20   0   20912   4884   4104 S   0,0  0,0   0:00.01 ovsdb-serv+
23418 root      20   0   20912   5008   4228 S   0,0  0,0   0:00.01 ovsdb-serv+
23497 root      20   0   22564   6016   5268 S   0,0  0,0   0:00.00 tcpdump
23498 root      20   0   22564   6048   5300 S   0,0  0,0   0:00.01 tcpdump
23499 root      20   0   22564   6020   5272 S   0,0  0,0   0:00.00 tcpdump
23500 root      20   0   22564   6040   5292 S   0,0  0,0   0:00.00 tcpdump
23501 root      20   0   22564   5984   5232 S   0,0  0,0   0:00.02 tcpdump
23502 root      20   0   22564   6224   5336 S   0,0  0,0   0:00.00 tcpdump
23503 root      20   0   22564   6240   5352 S   0,0  0,0   0:00.00 tcpdump
23352 root      20   0  985412 150992   8912 S  71,3  0,9   0:06.19 ovs-vswitc+
23422 root      20   0  985420 152048   8912 S  69,3  0,9   0:05.87 ovs-vswitc+
23497 root      20   0   22564   6016   5268 S   1,0  0,0   0:00.01 tcpdump
23499 root      20   0   22564   6020   5272 S   1,0  0,0   0:00.01 tcpdump
23246 root      10 -10   20924   4900   4148 S   0,0  0,0   0:00.00 ovsdb-serv+
23285 root      10 -10   26456   9856   8912 S   0,0  0,1   0:00.00 ovs-vswitc+
23348 root      20   0   20912   4884   4104 S   0,0  0,0   0:00.01 ovsdb-serv+
23418 root      20   0   20912   5008   4228 S   0,0  0,0   0:00.01 ovsdb-serv+
23498 root      20   0   22564   6048   5300 S   0,0  0,0   0:00.01 tcpdump
23500 root      20   0   22564   6040   5292 S   0,0  0,0   0:00.00 tcpdump
23501 root      20   0   22564   5984   5232 S   0,0  0,0   0:00.02 tcpdump
23502 root      20   0   22564   6224   5336 S   0,0  0,0   0:00.00 tcpdump
23503 root      20   0   22564   6240   5352 S   0,0  0,0   0:00.00 tcpdump
23352 root      20   0  985412 152312   8912 S  25,7  0,9   0:06.45 ovs-vswitc+
23422 root      20   0  985420 153104   8912 S  24,8  0,9   0:06.12 ovs-vswitc+
23246 root      10 -10   20924   4900   4148 S   0,0  0,0   0:00.00 ovsdb-serv+
23285 root      10 -10   26456   9856   8912 S   0,0  0,1   0:00.00 ovs-vswitc+
23348 root      20   0   20912   4884   4104 S   0,0  0,0   0:00.01 ovsdb-serv+
23418 root      20   0   20912   5008   4228 S   0,0  0,0   0:00.01 ovsdb-serv+
23497 root      20   0   22564   6016   5268 S   0,0  0,0   0:00.01 tcpdump
23498 root      20   0   22564   6048   5300 S   0,0  0,0   0:00.01 tcpdump
23499 root      20   0   22564   6020   5272 S   0,0  0,0   0:00.01 tcpdump
23500 root      20   0   22564   6040   5292 S   0,0  0,0   0:00.00 tcpdump
23501 root      20   0   22564   5984   5232 S   0,0  0,0   0:00.02 tcpdump
23502 root      20   0   22564   6224   5336 S   0,0  0,0   0:00.00 tcpdump
23503 root      20   0   22564   6240   5352 S   0,0  0,0   0:00.00 tcpdump
23422 root      20   0  985452 153152   8912 S   9,9  0,9   0:06.22 ovs-vswitc+
23352 root      20   0  985412 152312   8912 S   8,9  0,9   0:06.54 ovs-vswitc+
23246 root      10 -10   20924   4900   4148 S   0,0  0,0   0:00.00 ovsdb-serv+
23285 root      10 -10   26456   9856   8912 S   0,0  0,1   0:00.00 ovs-vswitc+
23348 root      20   0   20912   4884   4104 S   0,0  0,0   0:00.01 ovsdb-serv+
23418 root      20   0   20912   5008   4228 S   0,0  0,0   0:00.01 ovsdb-serv+
23497 root      20   0   22564   6016   5268 S   0,0  0,0   0:00.01 tcpdump
23498 root      20   0   22564   6048   5300 S   0,0  0,0   0:00.01 tcpdump
23499 root      20   0   22564   6020   5272 S   0,0  0,0   0:00.01 tcpdump
23500 root      20   0   22564   6040   5292 S   0,0  0,0   0:00.00 tcpdump
23501 root      20   0   22564   5984   5232 S   0,0  0,0   0:00.02 tcpdump
23502 root      20   0   22564   6224   5336 S   0,0  0,0   0:00.00 tcpdump
23503 root      20   0   22564   6240   5352 S   0,0  0,0   0:00.00 tcpdump
23422 root      20   0  985452 153152   8912 S  10,8  0,9   0:06.33 ovs-vswitc+
23352 root      20   0  985412 152312   8912 S   9,8  0,9   0:06.64 ovs-vswitc+
23246 root      10 -10   20924   4900   4148 S   0,0  0,0   0:00.00 ovsdb-serv+
23285 root      10 -10   26456   9856   8912 S   0,0  0,1   0:00.00 ovs-vswitc+
23348 root      20   0   20912   4884   4104 S   0,0  0,0   0:00.01 ovsdb-serv+
23418 root      20   0   20912   5008   4228 S   0,0  0,0   0:00.01 ovsdb-serv+
23497 root      20   0   22564   6016   5268 S   0,0  0,0   0:00.01 tcpdump
23498 root      20   0   22564   6048   5300 S   0,0  0,0   0:00.01 tcpdump
23499 root      20   0   22564   6020   5272 S   0,0  0,0   0:00.01 tcpdump
23500 root      20   0   22564   6040   5292 S   0,0  0,0   0:00.00 tcpdump
23501 root      20   0   22564   5984   5232 S   0,0  0,0   0:00.02 tcpdump
23502 root      20   0   22564   6224   5336 S   0,0  0,0   0:00.00 tcpdump
23503 root      20   0   22564   6240   5352 S   0,0  0,0   0:00.00 tcpdump
23352 root      20   0  985412 152312   8912 S   9,9  0,9   0:06.74 ovs-vswitc+
23422 root      20   0  985452 153152   8912 S   9,9  0,9   0:06.43 ovs-vswitc+
23246 root      10 -10   20924   4900   4148 S   0,0  0,0   0:00.00 ovsdb-serv+
23285 root      10 -10   26456   9856   8912 S   0,0  0,1   0:00.00 ovs-vswitc+
23348 root      20   0   20912   4884   4104 S   0,0  0,0   0:00.01 ovsdb-serv+
23418 root      20   0   20912   5008   4228 S   0,0  0,0   0:00.01 ovsdb-serv+
23497 root      20   0   22564   6016   5268 S   0,0  0,0   0:00.01 tcpdump
23498 root      20   0   22564   6048   5300 S   0,0  0,0   0:00.01 tcpdump
23499 root      20   0   22564   6020   5272 S   0,0  0,0   0:00.01 tcpdump
23500 root      20   0   22564   6040   5292 S   0,0  0,0   0:00.00 tcpdump
23501 root      20   0   22564   5984   5232 S   0,0  0,0   0:00.02 tcpdump
23502 root      20   0   22564   6224   5336 S   0,0  0,0   0:00.00 tcpdump
23503 root      20   0   22564   6240   5352 S   0,0  0,0   0:00.00 tcpdump
23352 root      20   0  985412 152312   8912 S  10,9  0,9   0:06.85 ovs-vswitc+
23422 root      20   0  985452 153152   8912 S   9,9  0,9   0:06.53 ovs-vswitc+
23246 root      10 -10   20924   4900   4148 S   0,0  0,0   0:00.00 ovsdb-serv+
23285 root      10 -10   26456   9856   8912 S   0,0  0,1   0:00.00 ovs-vswitc+
23348 root      20   0   20912   4884   4104 S   0,0  0,0   0:00.01 ovsdb-serv+
23418 root      20   0   20912   5008   4228 S   0,0  0,0   0:00.01 ovsdb-serv+
23497 root      20   0   22564   6016   5268 S   0,0  0,0   0:00.01 tcpdump
23498 root      20   0   22564   6048   5300 S   0,0  0,0   0:00.01 tcpdump
23499 root      20   0   22564   6020   5272 S   0,0  0,0   0:00.01 tcpdump
23500 root      20   0   22564   6040   5292 S   0,0  0,0   0:00.00 tcpdump
23501 root      20   0   22564   5984   5232 S   0,0  0,0   0:00.02 tcpdump
23502 root      20   0   22564   6224   5336 S   0,0  0,0   0:00.00 tcpdump
23503 root      20   0   22564   6240   5352 S   0,0  0,0   0:00.00 tcpdump
23422 root      20   0  985452 153152   8912 S  10,8  0,9   0:06.64 ovs-vswitc+
23352 root      20   0  985412 152312   8912 S   9,8  0,9   0:06.95 ovs-vswitc+
23246 root      10 -10   20924   4900   4148 S   0,0  0,0   0:00.00 ovsdb-serv+
23285 root      10 -10   26456   9856   8912 S   0,0  0,1   0:00.00 ovs-vswitc+
23348 root      20   0   20912   4884   4104 S   0,0  0,0   0:00.01 ovsdb-serv+
23418 root      20   0   20912   5008   4228 S   0,0  0,0   0:00.01 ovsdb-serv+
23497 root      20   0   22564   6016   5268 S   0,0  0,0   0:00.01 tcpdump
23498 root      20   0   22564   6048   5300 S   0,0  0,0   0:00.01 tcpdump
23499 root      20   0   22564   6020   5272 S   0,0  0,0   0:00.01 tcpdump
23500 root      20   0   22564   6040   5292 S   0,0  0,0   0:00.00 tcpdump
23501 root      20   0   22564   5984   5232 S   0,0  0,0   0:00.02 tcpdump
23502 root      20   0   22564   6224   5336 S   0,0  0,0   0:00.00 tcpdump
23503 root      20   0   22564   6240   5352 S   0,0  0,0   0:00.00 tcpdump
23352 root      20   0  985412 152312   8912 S  10,8  0,9   0:07.06 ovs-vswitc+
23422 root      20   0  985452 153152   8912 S  10,8  0,9   0:06.75 ovs-vswitc+
23246 root      10 -10   20924   4900   4148 S   0,0  0,0   0:00.00 ovsdb-serv+
23285 root      10 -10   26456   9856   8912 S   0,0  0,1   0:00.00 ovs-vswitc+
23348 root      20   0   20912   4884   4104 S   0,0  0,0   0:00.01 ovsdb-serv+
23418 root      20   0   20912   5008   4228 S   0,0  0,0   0:00.01 ovsdb-serv+
23497 root      20   0   22564   6016   5268 S   0,0  0,0   0:00.01 tcpdump
23498 root      20   0   22564   6048   5300 S   0,0  0,0   0:00.01 tcpdump
23499 root      20   0   22564   6020   5272 S   0,0  0,0   0:00.01 tcpdump
23500 root      20   0   22564   6040   5292 S   0,0  0,0   0:00.00 tcpdump
23501 root      20   0   22564   5984   5232 S   0,0  0,0   0:00.02 tcpdump
23502 root      20   0   22564   6224   5336 S   0,0  0,0   0:00.00 tcpdump
23503 root      20   0   22564   6240   5352 S   0,0  0,0   0:00.00 tcpdump
23422 root      20   0  985452 153152   8912 S   6,9  0,9   0:06.82 ovs-vswitc+
23352 root      20   0  985412 152312   8912 S   3,9  0,9   0:07.10 ovs-vswitc+
23246 root      10 -10   20924   4900   4148 S   0,0  0,0   0:00.00 ovsdb-serv+
23285 root      10 -10   26456   9856   8912 S   0,0  0,1   0:00.00 ovs-vswitc+
23348 root      20   0   20912   4884   4104 S   0,0  0,0   0:00.01 ovsdb-serv+
23418 root      20   0   20912   5008   4228 S   0,0  0,0   0:00.01 ovsdb-serv+
23497 root      20   0   22564   6016   5268 S   0,0  0,0   0:00.01 tcpdump
23498 root      20   0   22564   6048   5300 S   0,0  0,0   0:00.01 tcpdump
23499 root      20   0   22564   6020   5272 S   0,0  0,0   0:00.01 tcpdump
23500 root      20   0   22564   6040   5292 S   0,0  0,0   0:00.00 tcpdump
23501 root      20   0   22564   5984   5232 S   0,0  0,0   0:00.02 tcpdump
23502 root      20   0   22564   6224   5336 S   0,0  0,0   0:00.00 tcpdump
23503 root      20   0   22564   6240   5352 S   0,0  0,0   0:00.00 tcpdump
23422 root      20   0  985452 153152   8912 S   5,9  0,9   0:06.88 ovs-vswitc+
23352 root      20   0  985412 152312   8912 S   5,0  0,9   0:07.15 ovs-vswitc+
23246 root      10 -10   20924   4900   4148 S   0,0  0,0   0:00.00 ovsdb-serv+
23285 root      10 -10   26456   9856   8912 S   0,0  0,1   0:00.00 ovs-vswitc+
23348 root      20   0   20912   4884   4104 S   0,0  0,0   0:00.01 ovsdb-serv+
23418 root      20   0   20912   5008   4228 S   0,0  0,0   0:00.01 ovsdb-serv+
23497 root      20   0   22564   6016   5268 S   0,0  0,0   0:00.01 tcpdump
23498 root      20   0   22564   6048   5300 S   0,0  0,0   0:00.01 tcpdump
23499 root      20   0   22564   6020   5272 S   0,0  0,0   0:00.01 tcpdump
23500 root      20   0   22564   6040   5292 S   0,0  0,0   0:00.00 tcpdump
23501 root      20   0   22564   5984   5232 S   0,0  0,0   0:00.02 tcpdump
23502 root      20   0   22564   6224   5336 S   0,0  0,0   0:00.00 tcpdump
23503 root      20   0   22564   6240   5352 S   0,0  0,0   0:00.00 tcpdump
23422 root      20   0  985452 153152   8912 S   4,9  0,9   0:06.93 ovs-vswitc+
23352 root      20   0  985412 152312   8912 S   2,9  0,9   0:07.18 ovs-vswitc+
23246 root      10 -10   20924   4900   4148 S   0,0  0,0   0:00.00 ovsdb-serv+
23285 root      10 -10   26456   9856   8912 S   0,0  0,1   0:00.00 ovs-vswitc+
23348 root      20   0   20912   4884   4104 S   0,0  0,0   0:00.01 ovsdb-serv+
23418 root      20   0   20912   5008   4228 S   0,0  0,0   0:00.01 ovsdb-serv+
23497 root      20   0   22564   6016   5268 S   0,0  0,0   0:00.01 tcpdump
23498 root      20   0   22564   6048   5300 S   0,0  0,0   0:00.01 tcpdump
23499 root      20   0   22564   6020   5272 S   0,0  0,0   0:00.01 tcpdump
23500 root      20   0   22564   6040   5292 S   0,0  0,0   0:00.00 tcpdump
23501 root      20   0   22564   5984   5232 S   0,0  0,0   0:00.02 tcpdump
23502 root      20   0   22564   6224   5336 S   0,0  0,0   0:00.00 tcpdump
23503 root      20   0   22564   6240   5352 S   0,0  0,0   0:00.00 tcpdump
23422 root      20   0  985452 153152   8912 S   2,9  0,9   0:06.96 ovs-vswitc+
23352 root      20   0  985412 152312   8912 S   1,0  0,9   0:07.19 ovs-vswitc+
23246 root      10 -10   20924   4900   4148 S   0,0  0,0   0:00.00 ovsdb-serv+
23285 root      10 -10   26456   9856   8912 S   0,0  0,1   0:00.00 ovs-vswitc+
23348 root      20   0   20912   4884   4104 S   0,0  0,0   0:00.01 ovsdb-serv+
23418 root      20   0   20912   5008   4228 S   0,0  0,0   0:00.01 ovsdb-serv+
23497 root      20   0   22564   6016   5268 S   0,0  0,0   0:00.01 tcpdump
23498 root      20   0   22564   6048   5300 S   0,0  0,0   0:00.01 tcpdump
23499 root      20   0   22564   6020   5272 S   0,0  0,0   0:00.01 tcpdump
23500 root      20   0   22564   6040   5292 S   0,0  0,0   0:00.00 tcpdump
23501 root      20   0   22564   5984   5232 S   0,0  0,0   0:00.02 tcpdump
23502 root      20   0   22564   6224   5336 S   0,0  0,0   0:00.00 tcpdump
23503 root      20   0   22564   6240   5352 S   0,0  0,0   0:00.00 tcpdump
23352 root      20   0  985412 152312   8912 S   2,0  0,9   0:07.21 ovs-vswitc+
23422 root      20   0  985452 153152   8912 S   1,0  0,9   0:06.97 ovs-vswitc+
23246 root      10 -10   20924   4900   4148 S   0,0  0,0   0:00.00 ovsdb-serv+
23285 root      10 -10   26456   9856   8912 S   0,0  0,1   0:00.00 ovs-vswitc+
23348 root      20   0   20912   4884   4104 S   0,0  0,0   0:00.01 ovsdb-serv+
23418 root      20   0   20912   5008   4228 S   0,0  0,0   0:00.01 ovsdb-serv+
23497 root      20   0   22564   6016   5268 S   0,0  0,0   0:00.01 tcpdump
23498 root      20   0   22564   6048   5300 S   0,0  0,0   0:00.01 tcpdump
23499 root      20   0   22564   6020   5272 S   0,0  0,0   0:00.01 tcpdump
23500 root      20   0   22564   6040   5292 S   0,0  0,0   0:00.00 tcpdump
23501 root      20   0   22564   5984   5232 S   0,0  0,0   0:00.02 tcpdump
23502 root      20   0   22564   6224   5336 S   0,0  0,0   0:00.00 tcpdump
23503 root      20   0   22564   6240   5352 S   0,0  0,0   0:00.00 tcpdump
23352 root      20   0  985412 152312   8912 S   1,0  0,9   0:07.22 ovs-vswitc+
23422 root      20   0  985452 153152   8912 S   1,0  0,9   0:06.98 ovs-vswitc+
23246 root      10 -10   20924   4900   4148 S   0,0  0,0   0:00.00 ovsdb-serv+
23285 root      10 -10   26456   9856   8912 S   0,0  0,1   0:00.00 ovs-vswitc+
23348 root      20   0   20912   4884   4104 S   0,0  0,0   0:00.01 ovsdb-serv+
23418 root      20   0   20912   5008   4228 S   0,0  0,0   0:00.01 ovsdb-serv+
23497 root      20   0   22564   6016   5268 S   0,0  0,0   0:00.01 tcpdump
23498 root      20   0   22564   6048   5300 S   0,0  0,0   0:00.01 tcpdump
23499 root      20   0   22564   6020   5272 S   0,0  0,0   0:00.01 tcpdump
23500 root      20   0   22564   6040   5292 S   0,0  0,0   0:00.00 tcpdump
23501 root      20   0   22564   5984   5232 S   0,0  0,0   0:00.02 tcpdump
23502 root      20   0   22564   6224   5336 S   0,0  0,0   0:00.00 tcpdump
23503 root      20   0   22564   6240   5352 S   0,0  0,0   0:00.00 tcpdump
23352 root      20   0  985412 152312   8912 S   1,0  0,9   0:07.23 ovs-vswitc+
23422 root      20   0  985452 153152   8912 S   1,0  0,9   0:06.99 ovs-vswitc+
23246 root      10 -10   20924   4900   4148 S   0,0  0,0   0:00.00 ovsdb-serv+
23285 root      10 -10   26456   9856   8912 S   0,0  0,1   0:00.00 ovs-vswitc+
23348 root      20   0   20912   4884   4104 S   0,0  0,0   0:00.01 ovsdb-serv+
23418 root      20   0   20912   5008   4228 S   0,0  0,0   0:00.01 ovsdb-serv+
23497 root      20   0   22564   6016   5268 S   0,0  0,0   0:00.01 tcpdump
23498 root      20   0   22564   6048   5300 S   0,0  0,0   0:00.01 tcpdump
23499 root      20   0   22564   6020   5272 S   0,0  0,0   0:00.01 tcpdump
23500 root      20   0   22564   6040   5292 S   0,0  0,0   0:00.00 tcpdump
23501 root      20   0   22564   5984   5232 S   0,0  0,0   0:00.02 tcpdump
23502 root      20   0   22564   6224   5336 S   0,0  0,0   0:00.00 tcpdump
23503 root      20   0   22564   6240   5352 S   0,0  0,0   0:00.00 tcpdump
23352 root      20   0  985412 152312   8912 S   1,0  0,9   0:07.24 ovs-vswitc+
23422 root      20   0  985452 153152   8912 S   1,0  0,9   0:07.00 ovs-vswitc+
23246 root      10 -10   20924   4900   4148 S   0,0  0,0   0:00.00 ovsdb-serv+
23285 root      10 -10   26456   9856   8912 S   0,0  0,1   0:00.00 ovs-vswitc+
23348 root      20   0   20912   4884   4104 S   0,0  0,0   0:00.01 ovsdb-serv+
23418 root      20   0   20912   5008   4228 S   0,0  0,0   0:00.01 ovsdb-serv+
23497 root      20   0   22564   6016   5268 S   0,0  0,0   0:00.01 tcpdump
23498 root      20   0   22564   6048   5300 S   0,0  0,0   0:00.01 tcpdump
23499 root      20   0   22564   6020   5272 S   0,0  0,0   0:00.01 tcpdump
23500 root      20   0   22564   6040   5292 S   0,0  0,0   0:00.00 tcpdump
23501 root      20   0   22564   5984   5232 S   0,0  0,0   0:00.02 tcpdump
23502 root      20   0   22564   6224   5336 S   0,0  0,0   0:00.00 tcpdump
23503 root      20   0   22564   6240   5352 S   0,0  0,0   0:00.00 tcpdump
23422 root      20   0  985452 153152   8912 S   2,0  0,9   0:07.02 ovs-vswitc+
23352 root      20   0  985412 152312   8912 S   1,0  0,9   0:07.25 ovs-vswitc+
23246 root      10 -10   20924   4900   4148 S   0,0  0,0   0:00.00 ovsdb-serv+
23285 root      10 -10   26456   9856   8912 S   0,0  0,1   0:00.00 ovs-vswitc+
23348 root      20   0   20912   4884   4104 S   0,0  0,0   0:00.01 ovsdb-serv+
23418 root      20   0   20912   5008   4228 S   0,0  0,0   0:00.01 ovsdb-serv+
23497 root      20   0   22564   6016   5268 S   0,0  0,0   0:00.01 tcpdump
23498 root      20   0   22564   6048   5300 S   0,0  0,0   0:00.01 tcpdump
23499 root      20   0   22564   6020   5272 S   0,0  0,0   0:00.01 tcpdump
23500 root      20   0   22564   6040   5292 S   0,0  0,0   0:00.00 tcpdump
23501 root      20   0   22564   5984   5232 S   0,0  0,0   0:00.02 tcpdump
23502 root      20   0   22564   6224   5336 S   0,0  0,0   0:00.00 tcpdump
23503 root      20   0   22564   6240   5352 S   0,0  0,0   0:00.00 tcpdump
23352 root      20   0  985412 152312   8912 S   1,0  0,9   0:07.26 ovs-vswitc+
23246 root      10 -10   20924   4900   4148 S   0,0  0,0   0:00.00 ovsdb-serv+
23285 root      10 -10   26456   9856   8912 S   0,0  0,1   0:00.00 ovs-vswitc+
23348 root      20   0   20912   4884   4104 S   0,0  0,0   0:00.01 ovsdb-serv+
23418 root      20   0   20912   5008   4228 S   0,0  0,0   0:00.01 ovsdb-serv+
23422 root      20   0  985452 153152   8912 S   0,0  0,9   0:07.02 ovs-vswitc+
23497 root      20   0   22564   6016   5268 S   0,0  0,0   0:00.01 tcpdump
23498 root      20  