 7025 root      20   0  985300 118368   8912 S  18,8  0,7   0:00.13 ovs-vswitc+
 6955 root      20   0  985300 118364   8912 S   6,2  0,7   0:00.14 ovs-vswitc+
 6849 root      10 -10   20924   4856   4100 S   0,0  0,0   0:00.00 ovsdb-serv+
 6888 root      10 -10   26456   9852   8912 S   0,0  0,1   0:00.00 ovs-vswitc+
 6951 root      20   0   20912   4980   4200 S   0,0  0,0   0:00.02 ovsdb-serv+
 7021 root      20   0   20912   5000   4220 S   0,0  0,0   0:00.01 ovsdb-serv+
 7104 root      20   0   22564   6132   5384 S   0,0  0,0   0:00.00 tcpdump
 7105 root      20   0   22564   6080   5332 S   0,0  0,0   0:00.00 tcpdump
 7106 root      20   0   22564   6016   5268 S   0,0  0,0   0:00.00 tcpdump
 7107 root      20   0   22564   6068   5320 S   0,0  0,0   0:00.00 tcpdump
 7108 root      20   0   22564   5916   5168 S   0,0  0,0   0:00.00 tcpdump
 7109 root      20   0   22564   6264   5376 S   0,0  0,0   0:00.00 tcpdump
 7110 root      20   0   22564   6220   5336 S   0,0  0,0   0:00.00 tcpdump
 6955 root      20   0  985300 118364   8912 S   1,0  0,7   0:00.15 ovs-vswitc+
 7025 root      20   0  985300 118368   8912 S   1,0  0,7   0:00.14 ovs-vswitc+
 6849 root      10 -10   20924   4856   4100 S   0,0  0,0   0:00.00 ovsdb-serv+
 6888 root      10 -10   26456   9852   8912 S   0,0  0,1   0:00.00 ovs-vswitc+
 6951 root      20   0   20912   4980   4200 S   0,0  0,0   0:00.02 ovsdb-serv+
 7021 root      20   0   20912   5000   4220 S   0,0  0,0   0:00.01 ovsdb-serv+
 7104 root      20   0   22564   6132   5384 S   0,0  0,0   0:00.00 tcpdump
 7105 root      20   0   22564   6080   5332 S   0,0  0,0   0:00.00 tcpdump
 7106 root      20   0   22564   6016   5268 S   0,0  0,0   0:00.00 tcpdump
 7107 root      20   0   22564   6068   5320 S   0,0  0,0   0:00.00 tcpdump
 7108 root      20   0   22564   5916   5168 S   0,0  0,0   0:00.00 tcpdump
 7109 root      20   0   22564   6264   5376 S   0,0  0,0   0:00.00 tcpdump
 7110 root      20   0   22564   6220   5336 S   0,0  0,0   0:00.00 tcpdump
 6955 root      20   0  985300 118364   8912 S   1,0  0,7   0:00.16 ovs-vswitc+
 7025 root      20   0  985300 118368   8912 S   1,0  0,7   0:00.15 ovs-vswitc+
 6849 root      10 -10   20924   4856   4100 S   0,0  0,0   0:00.00 ovsdb-serv+
 6888 root      10 -10   26456   9852   8912 S   0,0  0,1   0:00.00 ovs-vswitc+
 6951 root      20   0   20912   4980   4200 S   0,0  0,0   0:00.02 ovsdb-serv+
 7021 root      20   0   20912   5000   4220 S   0,0  0,0   0:00.01 ovsdb-serv+
 7104 root      20   0   22564   6132   5384 S   0,0  0,0   0:00.00 tcpdump
 7105 root      20   0   22564   6080   5332 S   0,0  0,0   0:00.00 tcpdump
 7106 root      20   0   22564   6016   5268 S   0,0  0,0   0:00.00 tcpdump
 7107 root      20   0   22564   6068   5320 S   0,0  0,0   0:00.00 tcpdump
 7108 root      20   0   22564   5916   5168 S   0,0  0,0   0:00.00 tcpdump
 7109 root      20   0   22564   6264   5376 S   0,0  0,0   0:00.00 tcpdump
 7110 root      20   0   22564   6220   5336 S   0,0  0,0   0:00.00 tcpdump
 7025 root      20   0  985300 118368   8912 S   3,0  0,7   0:00.18 ovs-vswitc+
 6955 root      20   0  985300 118364   8912 S   1,0  0,7   0:00.17 ovs-vswitc+
 6849 root      10 -10   20924   4856   4100 S   0,0  0,0   0:00.00 ovsdb-serv+
 6888 root      10 -10   26456   9852   8912 S   0,0  0,1   0:00.00 ovs-vswitc+
 6951 root      20   0   20912   4980   4200 S   0,0  0,0   0:00.02 ovsdb-serv+
 7021 root      20   0   20912   5000   4220 S   0,0  0,0   0:00.01 ovsdb-serv+
 7104 root      20   0   22564   6132   5384 S   0,0  0,0   0:00.00 tcpdump
 7105 root      20   0   22564   6080   5332 S   0,0  0,0   0:00.00 tcpdump
 7106 root      20   0   22564   6016   5268 S   0,0  0,0   0:00.00 tcpdump
 7107 root      20   0   22564   6068   5320 S   0,0  0,0   0:00.00 tcpdump
 7108 root      20   0   22564   5916   5168 S   0,0  0,0   0:00.00 tcpdump
 7109 root      20   0   22564   6264   5376 S   0,0  0,0   0:00.00 tcpdump
 7110 root      20   0   22564   6220   5336 S   0,0  0,0   0:00.00 tcpdump
 6955 root      20   0  985300 118364   8912 S   1,0  0,7   0:00.18 ovs-vswitc+
 7025 root      20   0  985300 118368   8912 S   1,0  0,7   0:00.19 ovs-vswitc+
 6849 root      10 -10   20924   4856   4100 S   0,0  0,0   0:00.00 ovsdb-serv+
 6888 root      10 -10   26456   9852   8912 S   0,0  0,1   0:00.00 ovs-vswitc+
 6951 root      20   0   20912   4980   4200 S   0,0  0,0   0:00.02 ovsdb-serv+
 7021 root      20   0   20912   5000   4220 S   0,0  0,0   0:00.01 ovsdb-serv+
 7104 root      20   0   22564   6132   5384 S   0,0  0,0   0:00.00 tcpdump
 7105 root      20   0   22564   6080   5332 S   0,0  0,0   0:00.00 tcpdump
 7106 root      20   0   22564   6016   5268 S   0,0  0,0   0:00.00 tcpdump
 7107 root      20   0   22564   6068   5320 S   0,0  0,0   0:00.00 tcpdump
 7108 root      20   0   22564   5916   5168 S   0,0  0,0   0:00.00 tcpdump
 7109 root      20   0   22564   6264   5376 S   0,0  0,0   0:00.00 tcpdump
 7110 root      20   0   22564   6220   5336 S   0,0  0,0   0:00.00 tcpdump
 6849 root      10 -10   20924   4856   4100 S   0,0  0,0   0:00.00 ovsdb-serv+
 6888 root      10 -10   26456   9852   8912 S   0,0  0,1   0:00.00 ovs-vswitc+
 6951 root      20   0   20912   4980   4200 S   0,0  0,0   0:00.02 ovsdb-serv+
 6955 root      20   0  985300 118364   8912 S   0,0  0,7   0:00.18 ovs-vswitc+
 7021 root      20   0   20912   5000   4220 S   0,0  0,0   0:00.01 ovsdb-serv+
 7025 root      20   0  985300 118368   8912 S   0,0  0,7   0:00.19 ovs-vswitc+
 7104 root      20   0   22564   6132   5384 S   0,0  0,0   0:00.00 tcpdump
 7105 root      20   0   22564   6080   5332 S   0,0  0,0   0:00.00 tcpdump
 7106 root      20   0   22564   6016   5268 S   0,0  0,0   0:00.00 tcpdump
 7107 root      20   0   22564   6068   5320 S   0,0  0,0   0:00.00 tcpdump
 7108 root      20   0   22564   5916   5168 S   0,0  0,0   0:00.00 tcpdump
 7109 root      20   0   22564   6264   5376 S   0,0  0,0   0:00.00 tcpdump
 7110 root      20   0   22564   6220   5336 S   0,0  0,0   0:00.00 tcpdump
 6955 root      20   0  985300 118364   8912 S   1,0  0,7   0:00.19 ovs-vswitc+
 7025 root      20   0  985300 118368   8912 S   1,0  0,7   0:00.20 ovs-vswitc+
 6849 root      10 -10   20924   4856   4100 S   0,0  0,0   0:00.00 ovsdb-serv+
 6888 root      10 -10   26456   9852   8912 S   0,0  0,1   0:00.00 ovs-vswitc+
 6951 root      20   0   20912   4980   4200 S   0,0  0,0   0:00.02 ovsdb-serv+
 7021 root      20   0   20912   5000   4220 S   0,0  0,0   0:00.01 ovsdb-serv+
 7104 root      20   0   22564   6132   5384 S   0,0  0,0   0:00.00 tcpdump
 7105 root      20   0   22564   6080   5332 S   0,0  0,0   0:00.00 tcpdump
 7106 root      20   0   22564   6016   5268 S   0,0  0,0   0:00.00 tcpdump
 7107 root      20   0   22564   6068   5320 S   0,0  0,0   0:00.00 tcpdump
 7108 root      20   0   22564   5916   5168 S   0,0  0,0   0:00.00 tcpdump
 7109 root      20   0   22564   6264   5376 S   0,0  0,0   0:00.00 tcpdump
 7110 root      20   0   22564   6220   5336 S   0,0  0,0   0:00.00 tcpdump
 7025 root      20   0  985300 118368   8912 S   1,0  0,7   0:00.21 ovs-vswitc+
 6849 root      10 -10   20924   4856   4100 S   0,0  0,0   0:00.00 ovsdb-serv+
 6888 root      10 -10   26456   9852   8912 S   0,0  0,1   0:00.00 ovs-vswitc+
 6951 root      20   0   20912   4980   4200 S   0,0  0,0   0:00.02 ovsdb-serv+
 6955 root      20   0  985300 118364   8912 S   0,0  0,7   0:00.19 ovs-vswitc+
 7021 root      20   0   20912   5000   4220 S   0,0  0,0   0:00.01 ovsdb-serv+
 7104 root      20   0   22564   6132   5384 S   0,0  0,0   0:00.00 tcpdump
 7105 root      20   0   22564   6080   5332 S   0,0  0,0   0:00.00 tcpdump
 7106 root      20   0   22564   6016   5268 S   0,0  0,0   0:00.00 tcpdump
 7107 root      20   0   22564   6068   5320 S   0,0  0,0   0:00.00 tcpdump
 7108 root      20   0   22564   5916   5168 S   0,0  0,0   0:00.00 tcpdump
 7109 root      20   0   22564   6264   5376 S   0,0  0,0   0:00.00 tcpdump
 7110 root      20   0   22564   6220   5336 S   0,0  0,0   0:00.00 tcpdump
 6955 root      20   0  985300 118364   8912 S   1,0  0,7   0:00.20 ovs-vswitc+
 7025 root      20   0  985408 118544   8912 S   1,0  0,7   0:00.22 ovs-vswitc+
 6849 root      10 -10   20924   4856   4100 S   0,0  0,0   0:00.00 ovsdb-serv+
 6888 root      10 -10   26456   9852   8912 S   0,0  0,1   0:00.00 ovs-vswitc+
 6951 root      20   0   20912   4980   4200 S   0,0  0,0   0:00.02 ovsdb-serv+
 7021 root      20   0   20912   5000   4220 S   0,0  0,0   0:00.01 ovsdb-serv+
 7104 root      20   0   22564   6132   5384 S   0,0  0,0   0:00.00 tcpdump
 7105 root      20   0   22564   6080   5332 S   0,0  0,0   0:00.00 tcpdump
 7106 root      20   0   22564   6016   5268 S   0,0  0,0   0:00.00 tcpdump
 7107 root      20   0   22564   6068   5320 S   0,0  0,0   0:00.00 tcpdump
 7108 root      20   0   22564   5916   5168 S   0,0  0,0   0:00.00 tcpdump
 7109 root      20   0   22564   6264   5376 S   0,0  0,0   0:00.00 tcpdump
 7110 root      20   0   22564   6220   5336 S   0,0  0,0   0:00.00 tcpdump
 6955 root      20   0  985400 118528   8912 S   2,0  0,7   0:00.22 ovs-vswitc+
 7025 root      20   0  985408 118544   8912 S   1,0  0,7   0:00.23 ovs-vswitc+
 6849 root      10 -10   20924   4856   4100 S   0,0  0,0   0:00.00 ovsdb-serv+
 6888 root      10 -10   26456   9852   8912 S   0,0  0,1   0:00.00 ovs-vswitc+
 6951 root      20   0   20912   4980   4200 S   0,0  0,0   0:00.02 ovsdb-serv+
 7021 root      20   0   20912   5000   4220 S   0,0  0,0   0:00.01 ovsdb-serv+
 7104 root      20   0   22564   6132   5384 S   0,0  0,0   0:00.00 tcpdump
 7105 root      20   0   22564   6080   5332 S   0,0  0,0   0:00.00 tcpdump
 7106 root      20   0   22564   6016   5268 S   0,0  0,0   0:00.00 tcpdump
 7107 root      20   0   22564   6068   5320 S   0,0  0,0   0:00.00 tcpdump
 7108 root      20   0   22564   5916   5168 S   0,0  0,0   0:00.00 tcpdump
 7109 root      20   0   22564   6264   5376 S   0,0  0,0   0:00.00 tcpdump
 7110 root      20   0   22564   6220   5336 S   0,0  0,0   0:00.00 tcpdump
 6849 root      10 -10   20924   4856   4100 S   0,0  0,0   0:00.00 ovsdb-serv+
 6888 root      10 -10   26456   9852   8912 S   0,0  0,1   0:00.00 ovs-vswitc+
 6951 root      20   0   20912   4980   4200 S   0,0  0,0   0:00.02 ovsdb-serv+
 6955 root      20   0  985400 118528   8912 S   0,0  0,7   0:00.22 ovs-vswitc+
 7021 root      20   0   20912   5000   4220 S   0,0  0,0   0:00.01 ovsdb-serv+
 7025 root      20   0  985408 118544   8912 S   0,0  0,7   0:00.23 ovs-vswitc+
 7104 root      20   0   22564   6132   5384 S   0,0  0,0   0:00.00 tcpdump
 7105 root      20   0   22564   6080   5332 S   0,0  0,0   0:00.00 tcpdump
 7106 root      20   0   22564   6016   5268 S   0,0  0,0   0:00.00 tcpdump
 7107 root      20   0   22564   6068   5320 S   0,0  0,0   0:00.00 tcpdump
 7108 root      20   0   22564   5916   5168 S   0,0  0,0   0:00.00 tcpdump
 7109 root      20   0   22564   6264   5376 S   0,0  0,0   0:00.00 tcpdump
 7110 root      20   0   22564   6220   5336 S   0,0  0,0   0:00.00 tcpdump
 6955 root      20   0  985400 118528   8912 S   1,0  0,7   0:00.23 ovs-vswitc+
 7025 root      20   0  985408 118544   8912 S   1,0  0,7   0:00.24 ovs-vswitc+
 6849 root      10 -10   20924   4856   4100 S   0,0  0,0   0:00.00 ovsdb-serv+
 6888 root      10 -10   26456   9852   8912 S   0,0  0,1   0:00.00 ovs-vswitc+
 6951 root      20   0   20912   4980   4200 S   0,0  0,0   0:00.02 ovsdb-serv+
 7021 root      20   0   20912   5000   4220 S   0,0  0,0   0:00.01 ovsdb-serv+
 7104 root      20   0   22564   6132   5384 S   0,0  0,0   0:00.00 tcpdump
 7105 root      20   0   22564   6080   5332 S   0,0  0,0   0:00.00 tcpdump
 7106 root      20   0   22564   6016   5268 S   0,0  0,0   0:00.00 tcpdump
 7107 root      20   0   22564   6068   5320 S   0,0  0,0   0:00.00 tcpdump
 7108 root      20   0   22564   5916   5168 S   0,0  0,0   0:00.00 tcpdump
 7109 root      20   0   22564   6264   5376 S   0,0  0,0   0:00.00 tcpdump
 7110 root      20   0   22564   6220   5336 S   0,0  0,0   0:00.00 tcpdump
 6955 root      20   0  985400 118528   8912 S   1,0  0,7   0:00.24 ovs-vswitc+
 7025 root      20   0  985408 118544   8912 S   1,0  0,7   0:00.25 ovs-vswitc+
 6849 root      10 -10   20924   4856   4100 S   0,0  0,0   0:00.00 ovsdb-serv+
 6888 root      10 -10   26456   9852   8912 S   0,0  0,1   0:00.00 ovs-vswitc+
 6951 root      20   0   20912   4980   4200 S   0,0  0,0   0:00.02 ovsdb-serv+
 7021 root      20   0   20912   5000   4220 S   0,0  0,0   0:00.01 ovsdb-serv+
 7104 root      20   0   22564   6132   5384 S   0,0  0,0   0:00.00 tcpdump
 7105 root      20   0   22564   6080   5332 S   0,0  0,0   0:00.00 tcpdump
 7106 root      20   0   22564   6016   5268 S   0,0  0,0   0:00.00 tcpdump
 7107 root      20   0   22564   6068   5320 S   0,0  0,0   0:00.00 tcpdump
 7108 root      20   0   22564   5916   5168 S   0,0  0,0   0:00.00 tcpdump
 7109 root      20   0   22564   6264   5376 S   0,0  0,0   0:00.00 tcpdump
 7110 root      20   0   22564   6220   5336 S   0,0  0,0   0:00.00 tcpdump
 6955 root      20   0  985400 118528   8912 S   2,0  0,7   0:00.26 ovs-vswitc+
 7025 root      20   0  985408 118544   8912 S   1,0  0,7   0:00.26 ovs-vswitc+
 6849 root      10 -10   20924   4856   4100 S   0,0  0,0   0:00.00 ovsdb-serv+
 6888 root      10 -10   26456   9852   8912 S   0,0  0,1   0:00.00 ovs-vswitc+
 6951 root      20   0   20912   4980   4200 S   0,0  0,0   0:00.02 ovsdb-serv+
 7021 root      20   0   20912   5000   4220 S   0,0  0,0   0:00.01 ovsdb-serv+
 7104 root      20   0   22564   6132   5384 S   0,0  0,0   0:00.00 tcpdump
 7105 root      20   0   22564   6080   5332 S   0,0  0,0   0:00.00 tcpdump
 7106 root      20   0   22564   6016   5268 S   0,0  0,0   0:00.00 tcpdump
 7107 root      20   0   22564   6068   5320 S   0,0  0,0   0:00.00 tcpdump
 7108 root      20   0   22564   5916   5168 S   0,0  0,0   0:00.00 tcpdump
 7109 root      20   0   22564   6264   5376 S   0,0  0,0   0:00.00 tcpdump
 7110 root      20   0   22564   6220   5336 S   0,0  0,0   0:00.00 tcpdump
 7025 root      20   0  985408 118544   8912 S   1,0  0,7   0:00.27 ovs-vswitc+
 6849 root      10 -10   20924   4856   4100 S   0,0  0,0   0:00.00 ovsdb-serv+
 6888 root      10 -10   26456   9852   8912 S   0,0  0,1   0:00.00 ovs-vswitc+
 6951 root      20   0   20912   4980   4200 S   0,0  0,0   0:00.02 ovsdb-serv+
 6955 root      20   0  985400 118528   8912 S   0,0  0,7   0:00.26 ovs-vswitc+
 7021 root      20   0   20912   5000   4220 S   0,0  0,0   0:00.01 ovsdb-serv+
 7104 root      20   0   22564   6132   5384 S   0,0  0,0   0:00.00 tcpdump
 7105 root      20   0   22564   6080   5332 S   0,0  0,0   0:00.00 tcpdump
 7106 root      20   0   22564   6016   5268 S   0,0  0,0   0:00.00 tcpdump
 7107 root      20   0   22564   6068   5320 S   0,0  0,0   0:00.00 tcpdump
 7108 root      20   0   22564   5916   5168 S   0,0  0,0   0:00.00 tcpdump
 7109 root      20   0   22564   6264   5376 S   0,0  0,0   0:00.00 tcpdump
 7110 root      20   0   22564   6220   5336 S   0,0  0,0   0:00.00 tcpdump
 6955 root      20   0  985400 118528   8912 S   1,0  0,7   0:00.27 ovs-vswitc+
 6849 root      10 -10   20924   4856   4100 S   0,0  0,0   0:00.00 ovsdb-serv+
 6888 root      10 -10   26456   9852   8912 S   0,0  0,1   0:00.00 ovs-vswitc+
 6951 root      20   0   20912   4980   4200 S   0,0  0,0   0:00.02 ovsdb-serv+
 7021 root      20   0   20912   5000   4220 S   0,0  0,0   0:00.01 ovsdb-serv+
 7025 root      20   0  985408 118544   8912 S   0,0  0,7   0:00.27 ovs-vswitc+
 7104 root      20   0   22564   6132   5384 S   0,0  0,0   0:00.00 tcpdump
 7105 root      20   0   22564   6080   5332 S   0,0  0,0   0:00.00 tcpdump
 7106 root      20   0   22564   6016   5268 S   0,0  0,0   0:00.00 tcpdump
 7107 root      20   0   22564   6068   5320 S   0,0  0,0   0:00.00 tcpdump
 7108 root      20   0   22564   5916   5168 S   0,0  0,0   0:00.00 tcpdump
 7109 root      20   0   22564   6264   5376 S   0,0  0,0   0:00.00 tcpdump
 7110 root      20   0   22564   6220   5336 S   0,0  0,0   0:00.00 tcpdump
 6955 root      20   0  985400 118528   8912 S   1,0  0,7   0:00.28 ovs-vswitc+
 7025 root      20   0  985408 118544   8912 S   1,0  0,7   0:00.28 ovs-vswitc+
 6849 root      10 -10   20924   4856   4100 S   0,0  0,0   0:00.00 ovsdb-serv+
 6888 root      10 -10   26456   9852   8912 S   0,0  0,1   0:00.00 ovs-vswitc+
 6951 root      20   0   20912   4980   4200 S   0,0  0,0   0:00.02 ovsdb-serv+
 7021 root      20   0   20912   5000   4220 S   0,0  0,0   0:00.01 ovsdb-serv+
 7104 root      20   0   22564   6132   5384 S   0,0  0,0   0:00.00 tcpdump
 7105 root      20   0   22564   6080   5332 S   0,0  0,0   0:00.00 tcpdump
 7106 root      20   0   22564   6016   5268 S   0,0  0,0   0:00.00 tcpdump
 7107 root      20   0   22564   6068   5320 S   0,0  0,0   0:00.00 tcpdump
 7108 root      20   0   22564   5916   5168 S   0,0  0,0   0:00.00 tcpdump
 7109 root      20   0   22564   6264   5376 S   0,0  0,0   0:00.00 tcpdump
 7110 root      20   0   22564   6220   5336 S   0,0  0,0   0:00.00 tcpdump
 7025 root      20   0  985408 118544   8912 S   1,0  0,7   0:00.29 ovs-vswitc+
 6849 root      10 -10   20924   4856   4100 S   0,0  0,0   0:00.00 ovsdb-serv+
 6888 root      10 -10   26456   9852   8912 S   0,0  0,1   0:00.00 ovs-vswitc+
 6951 root      20   0   20912   4980   4200 S   0,0  0,0   0:00.02 ovsdb-serv+
 6955 root      20   0  985400 118528   8912 S   0,0  0,7   0:00.28 ovs-vswitc+
 7021 root      20   0   20912   5000   4220 S   0,0  0,0   0:00.01 ovsdb-serv+
 7104 root      20   0   22564   6132   5384 S   0,0  0,0   0:00.00 tcpdump
 7105 root      20   0   22564   6080   5332 S   0,0  0,0   0:00.00 tcpdump
 7106 root      20   0   22564   6016   5268 S   0,0  0,0   0:00.00 tcpdump
 7107 root      20   0   22564   6068   5320 S   0,0  0,0   0:00.00 tcpdump
 7108 root      20   0   22564   5916   5168 S   0,0  0,0   0:00.00 tcpdump
 7109 root      20   0   22564   6264   5376 S   0,0  0,0   0:00.00 tcpdump
 7110 root      20   0   22564   6220   5336 S   0,0  0,0   0:00.00 tcpdump
 6955 root      20   0  985400 118528   8912 S   2,0  0,7   0:00.30 ovs-vswitc+
 7025 root      20   0  985408 118544   8912 S   2,0  0,7   0:00.31 ovs-vswitc+
 6849 root      10 -10   20924   4856   4100 S   0,0  0,0   0:00.00 ovsdb-serv+
 6888 root      10 -10   26456   9852   8912 S   0,0  0,1   0:00.00 ovs-vswitc+
 6951 root      20   0   20912   4980   4200 S   0,0  0,0   0:00.02 ovsdb-serv+
 7021 root      20   0   20912   5000   4220 S   0,0  0,0   0:00.01 ovsdb-serv+
 7104 root      20   0   22564   6132   5384 S   0,0  0,0   0:00.00 tcpdump
 7105 root      20   0   22564   6080   5332 S   0,0  0,0   0:00.00 tcpdump
 7106 root      20   0   22564   6016   5268 S   0,0  0,0   0:00.00 tcpdump
 7107 root      20   0   22564   6068   5320 S   0,0  0,0   0:00.00 tcpdump
 7108 root      20   0   22564   5916   5168 S   0,0  0,0   0:00.00 tcpdump
 7109 root      20   0   22564   6264   5376 S   0,0  0,0   0:00.00 tcpdump
 7110 root      20   0   22564   6220   5336 S   0,0  0,0   0:00.00 tcpdump
 6955 root      20   0  985400 118528   8912 S   1,0  0,7   0:00.31 ovs-vswitc+
 7025 root      20   0  985408 118544   8912 S   1,0  0,7   0:00.32 ovs-vswitc+
 6849 root      10 -10   20924   4856   4100 S   0,0  0,0   0:00.00 ovsdb-serv+
 6888 root      10 -10   26456   9852   8912 S   0,0  0,1   0:00.00 ovs-vswitc+
 6951 root      20   0   20912   4980   4200 S   0,0  0,0   0:00.02 ovsdb-serv+
 7021 root      20   0   20912   5000   4220 S   0,0  0,0   0:00.01 ovsdb-serv+
 7104 root      20   0   22564   6132   5384 S   0,0  0,0   0:00.00 tcpdump
 7105 root      20   0   22564   6080   5332 S   0,0  0,0   0:00.00 tcpdump
 7106 root      20   0   22564   6016   5268 S   0,0  0,0   0:00.00 tcpdump
 7107 root      20   0   22564   6068   5320 S   0,0  0,0   0:00.00 tcpdump
 7108 root      20   0   22564   5916   5168 S   0,0  0,0   0:00.00 tcpdump
 7109 root      20   0   22564   6264   5376 S   0,0  0,0   0:00.00 tcpdump
 7110 root      20   0   22564   6220   5336 S   0,0  0,0   0:00.00 tcpdump
 6951 root      20   0   20912   4980   4200 S   1,0  0,0   0:00.03 ovsdb-serv+
 6955 root      20   0  985400 118528   8912 S   1,0  0,7   0:00.32 ovs-vswitc+
 7025 root      20   0  985408 118544   8912 S   1,0  0,7   0:00.33 ovs-vswitc+
 6849 root      10 -10   20924   4856   4100 S   0,0  0,0   0:00.00 ovsdb-serv+
 6888 root      10 -10   26456   9852   8912 S   0,0  0,1   0:00.00 ovs-vswitc+
 7021 root      20   0   20912   5000   4220 S   0,0  0,0   0:00.01 ovsdb-serv+
 7104 root      20   0   22564   6132   5384 S   0,0  0,0   0:00.00 tcpdump
 7105 root      20   0   22564   6080   5332 S   0,0  0,0   0:00.00 tcpdump
 7106 root      20   0   22564   6016   5268 S   0,0  0,0   0:00.00 tcpdump
 7107 root      20   0   22564   6068   5320 S   0,0  0,0   0:00.00 tcpdump
 7108 root      20   0   22564   5916   5168 S   0,0  0,0   0:00.00 tcpdump
 7109 root      20   0   22564   6264   5376 S   0,0  0,0   0:00.00 tcpdump
 7110 root      20   0   22564   6220   5336 S   0,0  0,0   0:00.00 tcpdump
 6955 root      20   0  985400 118528   8912 S   1,0  0,7   0:00.33 ovs-vswitc+
 7025 root      20   0  985408 118544   8912 S   1,0  0,7   0:00.34 ovs-vswitc+
 6849 root      10 -10   20924   4856   4100 S   0,0  0,0   0:00.00 ovsdb-serv+
 6888 root      10 -10   26456   9852   8912 S   0,0  0,1   0:00.00 ovs-vswitc+
 6951 root      20   0   20912   4980   4200 S   0,0  0,0   0:00.03 ovsdb-serv+
 7021 root      20   0   20912   5000   4220 S   0,0  0,0   0:00.01 ovsdb-serv+
 7104 root      20   0   22564   6132   5384 S   0,0  0,0   0:00.00 tcpdump
 7105 root      20   0   22564   6080   5332 S   0,0  0,0   0:00.00 tcpdump
 7106 root      20   0   22564   6016   5268 S   0,0  0,0   0:00.00 tcpdump
 7107 root      20   0   22564   6068   5320 S   0,0  0,0   0:00.00 tcpdump
 7108 root      20   0   22564   5916   5168 S   0,0  0,0   0:00.00 tcpdump
 7109 root      20   0   22564   6264   5376 S   0,0  0,0   0:00.00 tcpdump
 7110 root      20   0   22564   6220   5336 S   0,0  0,0   0:00.00 tcpdump
 6955 root      20   0  985400 118528   8912 S   1,0  0,7   0:00.34 ovs-vswitc+
 7025 root      20   0  985408 118544   8912 S   1,0  0,7   0:00.35 ovs-vswitc+
 6849 root      10 -10   20924   4856   4100 S   0,0  0,0   0:00.00 ovsdb-serv+
 6888 root      10 -10   26456   9852   8912 S   0,0  0,1   0:00.00 ovs-vswitc+
 6951 root      20   0   20912   4980   4200 S   0,0  0,0   0:00.03 ovsdb-serv+
 7021 root      20   0   20912   5000   4220 S   0,0  0,0   0:00.01 ovsdb-serv+
 7104 root      20   0   22564   6132   5384 S   0,0  0,0   0:00.00 tcpdump
 7105 root      20   0   22564   6080   5332 S   0,0  0,0   0:00.00 tcpdump
 7106 root      20   0   22564   6016   5268 S   0,0  0,0   0:00.00 tcpdump
 7107 root      20   0   22564   6068   5320 S   0,0  0,0   0:00.00 tcpdump
 7108 root      20   0   22564   5916   5168 S   0,0  0,0   0:00.00 tcpdump
 7109 root      20   0   22564   6264   5376 S   0,0  0,0   0:00.00 tcpdump
 7110 root      20   0   22564   6220   5336 S   0,0  0,0   0:00.00 tcpdump
 6955 root      20   0  985400 118528   8912 R   5,9  0,7   0:00.40 ovs-vswitc+
 7025 root      20   0  985408 118544   8912 S   1,0  0,7   0:00.36 ovs-vswitc+
 6849 root      10 -10   20924   4856   4100 S   0,0  0,0   0:00.00 ovsdb-serv+
 6888 root      10 -10   26456   9852   8912 S   0,0  0,1   0:00.00 ovs-vswitc+
 6951 root      20   0   20912   4980   4200 S   0,0  0,0   0:00.03 ovsdb-serv+
 7021 root      20   0   20912   5000   4220 S   0,0  0,0   0:00.01 ovsdb-serv+
 7104 root      20   0   22564   6132   5384 S   0,0  0,0   0:00.00 tcpdump
 7105 root      20   0   22564   6080   5332 S   0,0  0,0   0:00.00 tcpdump
 7106 root      20   0   22564   6016   5268 S   0,0  0,0   0:00.00 tcpdump
 7107 root      20   0   22564   6068   5320 S   0,0  0,0   0:00.00 tcpdump
 7108 root      20   0   22564   5916   5168 S   0,0  0,0   0:00.00 tcpdump
 7109 root      20   0   22564   6264   5376 S   0,0  0,0   0:00.00 tcpdump
 7110 root      20   0   22564   6220   5336 S   0,0  0,0   0:00.00 tcpdump
 6955 root      20   0  985400 120900   8912 S  36,6  0,7   0:00.77 ovs-vswitc+
 7025 root      20   0  985408 120916   8912 S  36,6  0,7   0:00.73 ovs-vswitc+
 6849 root      10 -10   20924   4856   4100 S   0,0  0,0   0:00.00 ovsdb-serv+
 6888 root      10 -10   26456   9852   8912 S   0,0  0,1   0:00.00 ovs-vswitc+
 6951 root      20   0   20912   4980   4200 S   0,0  0,0   0:00.03 ovsdb-serv+
 7021 root      20   0   20912   5000   4220 S   0,0  0,0   0:00.01 ovsdb-serv+
 7104 root      20   0   22564   6132   5384 S   0,0  0,0   0:00.00 tcpdump
 7105 root      20   0   22564   6080   5332 S   0,0  0,0   0:00.00 tcpdump
 7106 root      20   0   22564   6016   5268 S   0,0  0,0   0:00.00 tcpdump
 7107 root      20   0   22564   6068   5320 S   0,0  0,0   0:00.00 tcpdump
 7108 root      20   0   22564   5916   5168 S   0,0  0,0   0:00.00 tcpdump
 7109 root      20   0   22564   6264   5376 S   0,0  0,0   0:00.00 tcpdump
 7110 root      20   0   22564   6220   5336 S   0,0  0,0   0:00.00 tcpdump
 6955 root      20   0  986060 124060   8912 S 120,8  0,8   0:01.99 ovs-vswitc+
 7025 root      20   0  985408 121708   8912 S  13,9  0,7   0:00.87 ovs-vswitc+
 6849 root      10 -10   20924   4856   4100 S   0,0  0,0   0:00.00 ovsdb-serv+
 6888 root      10 -10   26456   9852   8912 S   0,0  0,1   0:00.00 ovs-vswitc+
 6951 root      20   0   20912   4980   4200 S   0,0  0,0   0:00.03 ovsdb-serv+
 7021 root      20   0   20912   5000   4220 S   0,0  0,0   0:00.01 ovsdb-serv+
 7104 root      20   0   22564   6132   5384 S   0,0  0,0   0:00.00 tcpdump
 7105 root      20   0   22564   6080   5332 S   0,0  0,0   0:00.00 tcpdump
 7106 root      20   0   22564   6016   5268 S   0,0  0,0   0:00.00 tcpdump
 7107 root      20   0   22564   6068   5320 S   0,0  0,0   0:00.00 tcpdump
 7108 root      20   0   22564   5916   5168 S   0,0  0,0   0:00.00 tcpdump
 7109 root      20   0   22564   6264   5376 S   0,0  0,0   0:00.00 tcpdump
 7110 root      20   0   22564   6220   5336 S   0,0  0,0   0:00.00 tcpdump
 6955 root      20   0  987116 128012   8912 R 219,8  0,8   0:04.21 ovs-vswitc+
 7025 root      20   0  985408 121708   8912 S   1,0  0,7   0:00.88 ovs-vswitc+
 6849 root      10 -10   20924   4856   4100 S   0,0  0,0   0:00.00 ovsdb-serv+
 6888 root      10 -10   26456   9852   8912 S   0,0  0,1   0:00.00 ovs-vswitc+
 6951 root      20   0   20912   4980   4200 S   0,0  0,0   0:00.03 ovsdb-serv+
 7021 root      20   0   20912   5000   4220 S   0,0  0,0   0:00.01 ovsdb-serv+
 7104 root      20   0   22564   6132   5384 S   0,0  0,0   0:00.00 tcpdump
 7105 root      20   0   22564   6080   5332 S   0,0  0,0   0:00.00 tcpdump
 7106 root      20   0   22564   6016   5268 S   0,0  0,0   0:00.00 tcpdump
 7107 root      20   0   22564   6068   5320 S   0,0  0,0   0:00.00 tcpdump
 7108 root      20   0   22564   5916   5168 S   0,0  0,0   0:00.00 tcpdump
 7109 root      20   0   22564   6264   5376 S   0,0  0,0   0:00.00 tcpdump
 7110 root      20   0   22564   6220   5336 S   0,0  0,0   0:00.00 tcpdump
 6955 root      20   0  988040 131968   8912 S 273,3  0,8   0:06.97 ovs-vswitc+
 7025 root      20   0  985408 121708   8912 S   1,0  0,7   0:00.89 ovs-vswitc+
 6849 root      10 -10   20924   4856   4100 S   0,0  0,0   0:00.00 ovsdb-serv+
 6888 root      10 -10   26456   9852   8912 S   0,0  0,1   0:00.00 ovs-vswitc+
 6951 root      20   0   20912   4980   4200 S   0,0  0,0   0:00.03 ovsdb-serv+
 7021 root      20   0   20912   5000   4220 S   0,0  0,0   0:00.01 ovsdb-serv+
 7104 root      20   0   22564   6132   5384 S   0,0  0,0   0:00.00 tcpdump
 7105 root      20   0   22564   6080   5332 S   0,0  0,0   0:00.00 tcpdump
 7106 root      20   0   22564   6016   5268 S   0,0  0,0   0:00.00 tcpdump
 7107 root      20   0   22564   6068   5320 S   0,0  0,0   0:00.00 tcpdump
 7108 root      20   0   22564   5916   5168 S   0,0  0,0   0:00.00 tcpdump
 7109 root      20   0   22564   6264   5376 S   0,0  0,0   0:00.00 tcpdump
 7110 root      20   0   22564   6220   5336 S   0,0  0,0   0:00.00 tcpdump
 6955 root      20   0  989228 135400   8912 S 335,6  0,8   0:10.36 ovs-vswitc+
 7108 root      20   0   22564   5916   5168 S   1,0  0,0   0:00.01 tcpdump
 6849 root      10 -10   20924   4856   4100 S   0,0  0,0   0:00.00 ovsdb-serv+
 6888 root      10 -10   26456   9852   8912 S   0,0  0,1   0:00.00 ovs-vswitc+
 6951 root      20   0   20912   4980   4200 S   0,0  0,0   0:00.03 ovsdb-serv+
 7021 root      20   0   20912   5000   4220 S   0,0  0,0   0:00.01 ovsdb-serv+
 7025 root      20   0  985408 121708   8912 S   0,0  0,7   0:00.89 ovs-vswitc+
 7104 root      20   0   22564   6132   5384 S   0,0  0,0   0:00.00 tcpdump
 7105 root      20   0   22564   6080   5332 S   0,0  0,0   0:00.00 tcpdump
 7106 root      20   0   22564   6016   5268 S   0,0  0,0   0:00.00 tcpdump
 7107 root      20   0   22564   6068   5320 S   0,0  0,0   0:00.00 tcpdump
 7109 root      20   0   22564   6264   5376 S   0,0  0,0   0:00.00 tcpdump
 7110 root      20   0   22564   6220   5336 S   0,0  0,0   0:00.00 tcpdump
 6955 root      20   0  990152 139356   8912 S 380,2  0,9   0:14.20 ovs-vswitc+
 6849 root      10 -10   20924   4856   4100 S   0,0  0,0   0:00.00 ovsdb-serv+
 6888 root      10 -10   26456   9852   8912 S   0,0  0,1   0:00.00 ovs-vswitc+
 6951 root      20   0   20912   4980   4200 S   0,0  0,0   0:00.03 ovsdb-serv+
 7021 root      20   0   20912   5000   4220 S   0,0  0,0   0:00.01 ovsdb-serv+
 7025 root      20   0  985408 121708   8912 S   0,0  0,7   0:00.89 ovs-vswitc+
 7104 root      20   0   22564   6132   5384 S   0,0  0,0   0:00.00 tcpdump
 7105 root      20   0   22564   6080   5332 S   0,0  0,0   0:00.00 tcpdump
 7106 root      20   0   22564   6016   5268 S   0,0  0,0   0:00.00 tcpdump
 7107 root      20   0   22564   6068   5320 S   0,0  0,0   0:00.00 tcpdump
 7108 root      20   0   22564   5916   5168 S   0,0  0,0   0:00.01 tcpdump
 7109 root      20   0   22564   6264   5376 S   0,0  0,0   0:00.00 tcpdump
 7110 root      20   0   22564   6220   5336 S   0,0  0,0   0:00.00 tcpdump
 6955 root      20   0  991208 143052   8912 S 384,3  0,9   0:18.12 ovs-vswitc+
 7025 root      20   0  985408 121708   8912 S   1,0  0,7   0:00.90 ovs-vswitc+
 6849 root      10 -10   20924   4856   4100 S   0,0  0,0   0:00.00 ovsdb-serv+
 6888 root      10 -10   26456   9852   8912 S   0,0  0,1   0:00.00 ovs-vswitc+
 6951 root      20   0   20912   4980   4200 S   0,0  0,0   0:00.03 ovsdb-serv+
 7021 root      20   0   20912   5000   4220 S   0,0  0,0   0:00.01 ovsdb-serv+
 7104 root      20   0   22564   6132   5384 S   0,0  0,0   0:00.00 tcpdump
 7105 root      20   0   22564   6080   5332 S   0,0  0,0   0:00.00 tcpdump
 7106 root      20   0   22564   6016   5268 S   0,0  0,0   0:00.00 tcpdump
 7107 root      20   0   22564   6068   5320 S   0,0  0,0   0:00.00 tcpdump
 7108 root      20   0   22564   5916   5168 S   0,0  0,0   0:00.01 tcpdump
 7109 root      20   0   22564   6264   5376 S   0,0  0,0   0:00.00 tcpdump
 7110 root      20   0   22564   6220   5336 S   0,0  0,0   0:00.00 tcpdump
 6955 root      20   0  992392 146656   8912 R 392,1  0,9   0:22.08 ovs-vswitc+
 7025 root      20   0  985408 121708   8912 S   1,0  0,7   0:00.91 ovs-vswitc+
 6849 root      10 -10   20924   4856   4100 S   0,0  0,0   0:00.00 ovsdb-serv+
 6888 root      10 -10   26456   9852   8912 S   0,0  0,1   0:00.00 ovs-vswitc+
 6951 root      20   0   20912   4980   4200 S   0,0  0,0   0:00.03 ovsdb-serv+
 7021 root      20   0   20912   5000   4220 S   0,0  0,0   0:00.01 ovsdb-serv+
 7104 root      20   0   22564   6132   5384 S   0,0  0,0   0:00.00 tcpdump
 7105 root      20   0   22564   6080   5332 S   0,0  0,0   0:00.00 tcpdump
 7106 root      20   0   22564   6016   5268 S   0,0  0,0   0:00.00 tcpdump
 7107 root      20   0   22564   6068   5320 S   0,0  0,0   0:00.00 tcpdump
 7108 root      20   0   22564   5916   5168 S   0,0  0,0   0:00.01 tcpdump
 7109 root      20   0   22564   6264   5376 S   0,0  0,0   0:00.00 tcpdump
 7110 root      20   0   22564   6220   5336 S   0,0  0,0   0:00.00 tcpdump
 6955 root      20   0  993316 150612   8912 S 396,0  0,9   0:26.08 ovs-vswitc+
 6849 root      10 -10   20924   4856   4100 S   0,0  0,0   0:00.00 ovsdb-serv+
 6888 root      10 -10   26456   9852   8912 S   0,0  0,1   0:00.00 ovs-vswitc+
 6951 root      20   0   20912   4980   4200 S   0,0  0,0   0:00.03 ovsdb-serv+
 7021 root      20   0   20912   5000   4220 S   0,0  0,0   0:00.01 ovsdb-serv+
 7025 root      20   0  985408 121708   8912 S   0,0  0,7   0:00.91 ovs-vswitc+
 7104 root      20   0   22564   6132   5384 S   0,0  0,0   0:00.00 tcpdump
 7105 root      20   0   22564   6080   5332 S   0,0  0,0   0:00.00 tcpdump
 7106 root      20   0   22564   6016   5268 S   0,0  0,0   0:00.00 tcpdump
 7107 root      20   0   22564   6068   5320 S   0,0  0,0   0:00.00 tcpdump
 7108 root      20   0   22564   5916   5168 S   0,0  0,0   0:00.01 tcpdump
 7109 root      20   0   22564   6264   5376 S   0,0  0,0   0:00.00 tcpdump
 7110 root      20   0   22564   6220   5336 S   0,0  0,0   0:00.00 tcpdump
 6955 root      20   0  994372 153780   8912 S 399,0  0,9   0:30.11 ovs-vswitc+
 7025 root      20   0  985408 121708   8912 S   1,0  0,7   0:00.92 ovs-vswitc+
 6849 root      10 -10   20924   4856   4100 S   0,0  0,0   0:00.00 ovsdb-serv+
 6888 root      10 -10   26456   9852   8912 S   0,0  0,1   0:00.00 ovs-vswitc+
 6951 root      20   0   20912   4980   4200 S   0,0  0,0   0:00.03 ovsdb-serv+
 7021 root      20   0   20912   5000   4220 S   0,0  0,0   0:00.01 ovsdb-serv+
 7104 root      20   0   22564   6132   5384 S   0,0  0,0   0:00.00 tcpdump
 7105 root      20   0   22564   6080   5332 S   0,0  0,0   0:00.00 tcpdump
 7106 root      20   0   22564   6016   5268 S   0,0  0,0   0:00.00 tcpdump
 7107 root      20   0   22564   6068   5320 S   0,0  0,0   0:00.00 tcpdump
 7108 root      20   0   22564   5916   5168 S   0,0  0,0   0:00.01 tcpdump
 7109 root      20   0   22564   6264   5376 S   0,0  0,0   0:00.00 tcpdump
 7110 root      20   0   22564   6220   5336 S   0,0  0,0   0:00.00 tcpdump
 6955 root      20   0  995428 155364   8912 S 398,0  1,0   0:34.13 ovs-vswitc+
 7106 root      20   0   22564   6016   5268 S   1,0  0,0   0:00.01 tcpdump
 6849 root      10 -10   20924   4856   4100 S   0,0  0,0   0:00.00 ovsdb-serv+
 6888 root      10 -10   26456   9852   8912 S   0,0  0,1   0:00.00 ovs-vswitc+
 6951 root      20   0   20912   4980   4200 S   0,0  0,0   0:00.03 ovsdb-serv+
 7021 root      20   0   20912   5000   4220 S   0,0  0,0   0:00.01 ovsdb-serv+
 7025 root      20   0  985408 121708   8912 S   0,0  0,7   0:00.92 ovs-vswitc+
 7104 root      20   0   22564   6132   5384 S   0,0  0,0   0:00.00 tcpdump
 7105 root      20   0   22564   6080   5332 S   0,0  0,0   0:00.00 tcpdump
 7107 root      20   0   22564   6068   5320 S   0,0  0,0   0:00.00 tcpdump
 7108 root      20   0   22564   5916   5168 S   0,0  0,0   0:00.01 tcpdump
 7109 root      20   0   22564   6264   5376 S   0,0  0,0   0:00.00 tcpdump
 7110 root      20   0   22564   6220   5336 S   0,0  0,0   0:00.00 tcpdump
 6955 root      20   0  996352 156420   8912 R 403,0  1,0   0:38.20 ovs-vswitc+
 7025 root      20   0  985408 121708   8912 S   1,0  0,7   0:00.93 ovs-vswitc+
 6849 root      10 -10   20924   4856   4100 S   0,0  0,0   0:00.00 ovsdb-serv+
 6888 root      10 -10   26456   9852   8912 S   0,0  0,1   0:00.00 ovs-vswitc+
 6951 root      20   0   20912   4980   4200 S   0,0  0,0   0:00.03 ovsdb-serv+
 7021 root      20   0   20912   5000   4220 S   0,0  0,0   0:00.01 ovsdb-serv+
 7104 root      20   0   22564   6132   5384 S   0,0  0,0   0:00.00 tcpdump
 7105 root      20   0   22564   6080   5332 S   0,0  0,0   0:00.00 tcpdump
 7106 root      20   0   22564   6016   5268 S   0,0  0,0   0:00.01 tcpdump
 7107 root      20   0   22564   6068   5320 S   0,0  0,0   0:00.00 tcpdump
 7108 root      20   0   22564   5916   5168 S   0,0  0,0   0:00.01 tcpdump
 7109 root      20   0   22564   6264   5376 S   0,0  0,0   0:00.00 tcpdump
 7110 root      20   0   22564   6220   5336 S   0,0  0,0   0:00.00 tcpdump
 6955 root      20   0  997664 157572   8912 R 397,0  1,0   0:42.21 ovs-vswitc+
 7105 root      20   0   22564   6080   5332 S   1,0  0,0   0:00.01 tcpdump
 6849 root      10 -10   20924   4856   4100 S   0,0  0,0   0:00.00 ovsdb-serv+
 6888 root      10 -10   26456   9852   8912 S   0,0  0,1   0:00.00 ovs-vswitc+
 6951 root      20   0   20912   4980   4200 S   0,0  0,0   0:00.03 ovsdb-serv+
 7021 root      20   0   20912   5000   4220 S   0,0  0,0   0:00.01 ovsdb-serv+
 7025 root      20   0  985408 121708   8912 S   0,0  0,7   0:00.93 ovs-vswitc+
 7104 root      20   0   22564   6132   5384 S   0,0  0,0   0:00.00 tcpdump
 7106 root      20   0   22564   6016   5268 S   0,0  0,0   0:00.01 tcpdump
 7107 root      20   0   22564   6068   5320 S   0,0  0,0   0:00.00 tcpdump
 7108 root      20   0   22564   5916   5168 S   0,0  0,0   0:00.01 tcpdump
 7109 root      20   0   22564   6264   5376 S   0,0  0,0   0:00.00 tcpdump
 7110 root      20   0   22564   6220   5336 S   0,0  0,0   0:00.00 tcpdump
 6955 root      20   0  997928 157836   8912 S  94,1  1,0   0:43.16 ovs-vswitc+
 6849 root      10 -10   20924   4856   4100 S   0,0  0,0   0:00.00 ovsdb-serv+
 6888 root      10 -10   26456   9852   8912 S   0,0  0,1   0:00.00 ovs-vswitc+
 6951 root      20   0   20912   4980   4200 S   0,0  0,0   0:00.03 ovsdb-serv+
 7021 root      20   0   20912   5000   4220 S   0,0  0,0   0:00.01 ovsdb-serv+
 7025 root      20   0  985408 121708   8912 S   0,0  0,7   0:00.93 ovs-vswitc+
 7104 root      20   0   22564   6132   5384 S   0,0  0,0   0:00.00 tcpdump
 7105 root      20   0   22564   6080   5332 S   0,0  0,0   0:00.01 tcpdump
 7106 root      20   0   22564   6016   5268 S   0,0  0,0   0:00.01 tcpdump
 7107 root      20   0   22564   6068   5320 S   0,0  0,0   0:00.00 tcpdump
 7108 root      20   0   22564   5916   5168 S   0,0  0,0   0:00.01 tcpdump
 7109 root      20   0   22564   6264   5376 S   0,0  0,0   0:00.00 tcpdump
 7110 root      20   0   22564   6220   5336 S   0,0  0,0   0:00.00 tcpdump
 6955 root      20   0  997928 157836   8912 S   7,8  1,0   0:43.24 ovs-vswitc+
 7025 root      20   0  985408 121708   8912 S   2,0  0,7   0:00.95 ovs-vswitc+
 6849 root      10 -10   20924   4856   4100 S   0,0  0,0   0:00.00 ovsdb-serv+
 6888 root      10 -10   26456   9852   8912 S   0,0  0,1   0:00.00 ovs-vswitc+
 6951 root      20   0   20912   4980   4200 S   0,0  0,0   0:00.03 ovsdb-serv+
 7021 root      20   0   20912   5000   4220 S   0,0  0,0   0:00.01 ovsdb-serv+
 7104 root      20   0   22564   6132   5384 S   0,0  0,0   0:00.00 tcpdump
 7105 root      20   0   22564   6080   5332 S   0,0  0,0   0:00.01 tcpdump
 7106 root      20   0   22564   6016   5268 S   0,0  0,0   0:00.01 tcpdump
 7107 root      20   0   22564   6068   5320 S   0,0  0,0   0:00.00 tcpdump
 7108 root      20   0   22564   5916   5168 S   0,0  0,0   0:00.01 tcpdump
 7109 root      20   0   22564   6264   5376 S   0,0  0,0   0:00.00 tcpdump
 7110 root      20   0   22564   6220   5336 S   0,0  0,0   0:00.00 tcpdump
 6955 root      20   0  997928 157836   8912 S   7,9  1,0   0:43.32 ovs-vswitc+
 6849 root      10 -10   20924   4856   4100 S   0,0  0,0   0:00.00 ovsdb-serv+
 6888 root      10 -10   26456   9852   8912 S   0,0  0,1   0:00.00 ovs-vswitc+
 6951 root      20   0   20912   4980   4200 S   0,0  0,0   0:00.03 ovsdb-serv+
 7021 root      20   0   20912   5000   4220 S   0,0  0,0   0:00.01 ovsdb-serv+
 7025 root      20   0  985408 121708   8912 S   0,0  0,7   0:00.95 ovs-vswitc+
 7104 root      20   0   22564   6132   5384 S   0,0  0,0   0:00.00 tcpdump
 7105 root      20   0   22564   6080   5332 S   0,0  0,0   0:00.01 tcpdump
 7106 root      20   0   22564   6016   5268 S   0,0  0,0   0:00.01 tcpdump
 7107 root      20   0   22564   6068   5320 S   0,0  0,0   0:00.00 tcpdump
 7108 root      20   0   22564   5916   5168 S   0,0  0,0   0:00.01 tcpdump
 7109 root      20   0   22564   6264   5376 S   0,0  0,0   0:00.00 tcpdump
 7110 root      20   0   22564   6220   5336 S   0,0  0,0   0:00.00 tcpdump
 6955 root      20   0  997928 157836   8912 S   7,9  1,0   0:43.40 ovs-vswitc+
 7025 root      20   0  985408 121708   8912 S   1,0  0,7   0:00.96 ovs-vswitc+
 6849 root      10 -10   20924   4856   4100 S   0,0  0,0   0:00.00 ovsdb-serv+
 6888 root      10 -10   26456   9852   8912 S   0,0  0,1   0:00.00 ovs-vswitc+
 6951 root      20   0   20912   4980   4200 S   0,0  0,0   0:00.03 ovsdb-serv+
 7021 root      20   0   20912   5000   4220 S   0,0  0,0   0:00.01 ovsdb-serv+
 7104 root      20   0   22564   6132   5384 S   0,0  0,0   0:00.00 tcpdump
 7105 root      20   0   22564   6080   5332 S   0,0  0,0   0:00.01 tcpdump
 7106 root      20   0   22564   6016   5268 S   0,0  0,0   0:00.01 tcpdump
 7107 root      20   0   22564   6068   5320 S   0,0  0,0   0:00.00 tcpdump
 7108 root      20   0   22564   5916   5168 S   0,0  0,0   0:00.01 tcpdump
 7109 root      20   0   22564   6264   5376 S   0,0  0,0   0:00.00 tcpdump
 7110 root      20   0   22564   6220   5336 S   0,0  0,0   0:00.00 tcpdump
 6955 root      20   0  997928 157836   8912 S   7,8  1,0   0:43.48 ovs-vswitc+
 7025 root      20   0  985408 121708   8912 S   1,0  0,7   0:00.97 ovs-vswitc+
 6849 root      10 -10   20924   4856   4100 S   0,0  0,0   0:00.00 ovsdb-serv+
 6888 root      10 -10   26456   9852   8912 S   0,0  0,1   0:00.00 ovs-vswitc+
 6951 root      20   0   20912   4980   4200 S   0,0  0,0   0:00.03 ovsdb-serv+
 7021 root      20   0   20912   5000   4220 S   0,0  0,0   0:00.01 ovsdb-serv+
 7104 root      20   0   22564   6132   5384 S   0,0  0,0   0:00.00 tcpdump
 7105 root      20   0   22564   6080   5332 S   0,0  0,0   0:00.01 tcpdump
 7106 root      20   0   22564   6016   5268 S   0,0  0,0   0:00.01 tcpdump
 7107 root      20   0   22564   6068   5320 S   0,0  0,0   0:00.00 tcpdump
 7108 root      20   0   22564   5916   5168 S   0,0  0,0   0:00.01 tcpdump
 7109 root      20   0   22564   6264   5376 S   0,0  0,0   0:00.00 tcpdump
 7110 root      20   0   22564   6220   5336 S   0,0  0,0   0:00.00 tcpdump
 6955 root      20   0  997928 157836   8912 S   4,0  1,0   0:43.52 ovs-vswitc+
 6849 root      10 -10   20924   4856   4100 S   0,0  0,0   0:00.00 ovsdb-serv+
 6888 root      10 -10   26456   9852   8912 S   0,0  0,1   0:00.00 ovs-vswitc+
 6951 root      20   0   20912   4980   4200 S   0,0  0,0   0:00.03 ovsdb-serv+
 7021 root      20   0   20912   5000   4220 S   0,0  0,0   0:00.01 ovsdb-serv+
 7025 root      20   0  985408 121708   8912 S   0,0  0,7   0:00.97 ovs-vswitc+
 7104 root      20   0   22564   6132   5384 S   0,0  0,0   0:00.00 tcpdump
 7105 root      20   0   22564   6080   5332 S   0,0  0,0   0:00.01 tcpdump
 7106 root      20   0   22564   6016   5268 S   0,0  0,0   0:00.01 tcpdump
 7107 root      20   0   22564   6068   5320 S   0,0  0,0   0:00.00 tcpdump
 7108 root      20   0   22564   5916   5168 S   0,0  0,0   0:00.01 tcpdump
 7109 root      20   0   22564   6264   5376 S   0,0  0,0   0:00.00 tcpdump
 7110 root      20   0   22564   6220   5336 S   0,0  0,0   0:00.00 tcpdump
 6955 root      20   0  997928 157836   8912 S   3,0  1,0   0:43.55 ovs-vswitc+
 7025 root      20   0  985408 121708   8912 S   2,0  0,7   0:00.99 ovs-vswitc+
 6849 root      10 -10   20924   4856   4100 S   0,0  0,0   0:00.00 ovsdb-serv+
 6888 root      10 -10   26456   9852   8912 S   0,0  0,1   0:00.00 ovs-vswitc+
 6951 root      20   0   20912   4980   4200 S   0,0  0,0   0:00.03 ovsdb-serv+
 7021 root      20   0   20912   5000   4220 S   0,0  0,0   0:00.01 ovsdb-serv+
 7104 root      20   0   22564   6132   5384 S   0,0  0,0   0:00.00 tcpdump
 7105 root      20   0   22564   6080   5332 S   0,0  0,0   0:00.01 tcpdump
 7106 root      20   0   22564   6016   5268 S   0,0  0,0   0:00.01 tcpdump
 7107 root      20   0   22564   6068   5320 S   0,0  0,0   0:00.00 tcpdump
 7108 root      20   0   22564   5916   5168 S   0,0  0,0   0:00.01 tcpdump
 7109 root      20   0   22564   6264   5376 S   0,0  0,0   0:00.00 tcpdump
 7110 root      20   0   22564   6220   5336 S   0,0  0,0   0:00.00 tcpdump
 6955 root      20   0  997928 157836   8912 S   2,9  1,0   0:43.58 ovs-vswitc+
 6849 root      10 -10   20924   4856   4100 S   0,0  0,0   0:00.00 ovsdb-serv+
 6888 root      10 -10   26456   9852   8912 S   0,0  0,1   0:00.00 ovs-vswitc+
 6951 root      20   0   20912   4980   4200 S   0,0  0,0   0:00.03 ovsdb-serv+
 7021 root      20   0   20912   5000   4220 S   0,0  0,0   0:00.01 ovsdb-serv+
 7025 root      20   0  985408 121708   8912 S   0,0  0,7   0:00.99 ovs-vswitc+
 7104 root      20   0   22564   6132   5384 S   0,0  0,0   0:00.00 tcpdump
 7105 root      20   0   22564   6080   5332 S   0,0  0,0   0:00.01 tcpdump
 7106 root      20   0   22564   6016   5268 S   0,0  0,0   0:00.01 tcpdump
 7107 root      20   0   22564   6068   5320 S   0,0  0,0   0:00.00 tcpdump
 7108 root      20   0   22564   5916   5168 S   0,0  0,0   0:00.01 tcpdump
 7109 root      20   0   22564   6264   5376 S   0,0  0,0   0:00.00 tcpdump
 7110 root      20   0   22564   6220   5336 S   0,0  0,0   0:00.00 tcpdump
 6955 root      20   0  997928 157836   8912 S   3,9  1,0   0:43.62 ovs-vswitc+
 7021 root      20   0   20912   5000   4220 S   1,0  0,0   0:00.02 ovsdb-serv+
 7025 root      20   0  985408 121708   8912 S   1,0  0,7   0:01.00 ovs-vswitc+
 6849 root      10 -10   20924   4856   4100 S   0,0  0,0   0:00.00 ovsdb-serv+
 6888 root      10 -10   26456   9852   8912 S   0,0  0,1   0:00.00 ovs-vswitc+
 6951 root      20   0   20912   4980   4200 S   0,0  0,0   0:00.03 ovsdb-serv+
 7104 root      20   0   22564   6132   5384 S   0,0  0,0   0:00.00 tcpdump
 7105 root      20   0   22564   6080   5332 S   0,0  0,0   0:00.01 tcpdump
 7106 root      20   0   22564   6016   5268 S   0,0  0,0   0:00.01 tcpdump
 7107 root      20   0   22564   6068   5320 S   0,0  0,0   0:00.00 tcpdump
 7108 root      20   0   22564   5916   5168 S   0,0  0,0   0:00.01 tcpdump
 7109 root      20   0   22564   6264   5376 S   0,0  0,0   0:00.00 tcpdump
 7110 root      20   0   22564   6220   5336 S   0,0  0,0   0:00.00 tcpdump
 6955 root      20   0  997928 157836   8912 S   4,9  1,0   0:43.67 ovs-vswitc+
 7025 root      20   0  985408 121708   8912 S   1,0  0,7   0:01.01 ovs-vswitc+
 6849 root      10 -10   20924   4856   4100 S   0,0  0,0   0:00.00 ovsdb-serv+
 6888 root      10 -10   26456   9852   8912 S   0,0  0,1   0:00.00 ovs-vswitc+
 6951 root      20   0   20912   4980   4200 S   0,0  0,0   0:00.03 ovsdb-serv+
 7021 root      20   0   20912   5000   4220 S   0,0  0,0   0:00.02 ovsdb-serv+
 7104 root      20   0   22564   6132   5384 S   0,0  0,0   0:00.00 tcpdump
 7105 root      20   0   22564   6080   5332 S   0,0  0,0   0:00.01 tcpdump
 7106 root      20   0   22564   6016   5268 S   0,0  0,0   0:00.01 tcpdump
 7107 root      20   0   22564   6068   5320 S   0,0  0,0   0:00.00 tcpdump
 7108 root      20   0   22564   5916   5168 S   0,0  0,0   0:00.01 tcpdump
 7109 root      20   0   22564   6264   5376 S   0,0  0,0   0:00.00 tcpdump
 7110 root      20   0   22564   6220   5336 S   0,0  0,0   0:00.00 tcpdump
 6955 root      20   0  997928 157836   8912 S   2,0  1,0   0:43.69 ovs-vswitc+
 7025 root      20   0  985408 121708   8912 S   1,0  0,7   0:01.02 ovs-vswitc+
 6849 root      10 -10   20924   4856   4100 S   0,0  0,0   0:00.00 ovsdb-serv+
 6888 root      10 -10   26456   9852   8912 S   0,0  0,1   0:00.00 ovs-vswitc+
 6951 root      20   0   20912   4980   4200 S   0,0  0,0   0:00.03 ovsdb-serv+
 7021 root      20   0   20912   5000   4220 S   0,0  0,0   0:00.02 ovsdb-serv+
 7104 root      20   0   22564   6132   5384 S   0,0  0,0   0:00.00 tcpdump
 7105 root      20   0   22564   6080   5332 S   0,0  0,0   0:00.01 tcpdump
 7106 root      20   0   22564   6016   5268 S   0,0  0,0   0:00.01 tcpdump
 7107 root      20   0   22564   6068   5320 S   0,0  0,0   0:00.00 tcpdump
 7108 root      20   0   22564   5916   5168 S   0,0  0,0   0:00.01 tcpdump
 7109 root      20   0   22564   6264   5376 S   0,0  0,0   0:00.00 tcpdump
 7110 root      20   0   22564   6220   5336 S   0,0  0,0   0:00.00 tcpdump
 7025 root      20   0  985408 121708   8912 S   2,0  0,7   0:01.04 ovs-vswitc+
 6955 root      20   0  997928 157836   8912 S   1,0  1,0   0:43.70 ovs-vswitc+
 6849 root      10 -10   20924   4856   4100 S   0,0  0,0   0:00.00 ovsdb-serv+
 6888 root      10 -10   26456   9852   8912 S   0,0  0,1   0:00.00 ovs-vswitc+
 6951 root      20   0   20912   4980   4200 S   0,0  0,0   0:00.03 ovsdb-serv+
 7021 root      20   0   20912   5000   4220 S   0,0  0,0   0:00.02 ovsdb-serv+
 7104 root      20   0   22564   6132   5384 S   0,0  0,0   0:00.00 tcpdump
 7105 root      20   0   22564   6080   5332 S   0,0  0,0   0:00.01 tcpdump
 7106 root      20   0   22564   6016   5268 S   0,0  0,0   0:00.01 tcpdump
 7107 root      20   0   22564   6068   5320 S   0,0  0,0   0:00.00 tcpdump
 7108 root      20   0   22564   5916   5168 S   0,0  0,0   0:00.01 tcpdump
 7109 root      20   0   22564   6264   5376 S   0,0  0,0   0:00.00 tcpdump
 7110 root      20   0   22564   6220   5336 S   0,0  0,0   0:00.00 tcpdump
 6955 root      20   0  997928 157836   8912 S   1,0  1,0   0:43.71 ovs-vswitc+
 6849 root      10 -10   20924   4856   4100 S   0,0  0,0   0:00.00 ovsdb-serv+
 6888 root      10 -10   26456   9852   8912 S   0,0  0,1   0:00.00 ovs-vswitc+
 6951 root      20   0   20912   4980   4200 S   0,0  0,0   0:00.03 ovsdb-serv+
 7021 root      20   0   20912   5000   4220 S   0,0  0,0   0:00.02 ovsdb-serv+
 7025 root      20   0  985408 121708   8912 S   0,0  0,7   0:01.04 ovs-vswitc+
 7104 root      20   0   22564   6132   5384 S   0,0  0,0   0:00.00 tcpdump
 7105 root      20   0   22564   6080   5332 S   0,0  0,0   0:00.01 tcpdump
 7106 root      20   0   22564   6016   5268 S   0,0  0,0   0:00.01 tcpdump
 7107 root      20   0   22564   6068   5320 S   0,0  0,0   0:00.00 tcpdump
 7108 root      20   0   22564   5916   5168 S   0,0  0,0   0:00.01 tcpdump
 7109 root      20   0   22564   6264   5376 S   0,0  0,0   0:00.00 tcpdump
 7110 root      20   0   22564   6220   5336 S   0,0  0,0   0:00.00 tcpdump
 6955 root      20   0  997928 157836   8912 S   1,0  1,0   0:43.72 ovs-vswitc+
 7025 root      20   0  985408 121708   8912 S   1,0  0,7   0:01.05 ovs-vswitc+
 6849 root      10 -10   20924   4856   4100 S   0,0  0,0   0:00.00 ovsdb-serv+
 6888 root      10 -10   26456   9852   8912 S   0,0  0,1   0:00.00 ovs-vswitc+
 6951 root      20   0   20912   4980   4200 S   0,0  0,0   0:00.03 ovsdb-serv+
 7021 root      20   0   20912   5000   4220 S   0,0  0,0   0:00.02 ovsdb-serv+
 7104 root      20   0   22564   6132   5384 S   0,0  0,0   0:00.00 tcpdump
 7105 root      20   0   22564   6080   5332 S   0,0  0,0   0:00.01 tcpdump
 7106 root      20   0   22564   6016   5268 S   0,0  0,0   0:00.01 tcpdump
 7107 root      20   0   22564   6068   5320 S   0,0  0,0   0:00.00 tcpdump
 7108 root      20   0   22564   5916   5168 S   0,0  0,0   0:00.01 tcpdump
 7109 root      20   0   22564   6264   5376 S   0,0  0,0   0:00.00 tcpdump
 7110 root      20   0   22564   6220   5336 S   0,0  0,0   0:00.00 tcpdump
 6955 root      20   0  997928 157836   8912 S   1,0  1,0   0:43.73 ovs-vswitc+
 7025 root      20   0  985408 121708   8912 S   1,0  0,7   0:01.06 ovs-vswitc+
 6849 root      10 -10   20924   4856   4100 S   0,0  0,0   0:00.00 ovsdb-serv+
 6888 root      10 -10   26456   9852   8912 S   0,0  0,1   0:00.00 ovs-vswitc+
 6951 root      20   0   20912   4980   4200 S   0,0  0,0   0:00.03 ovsdb-serv+
 7021 root      20   0   20912   5000   4220 S   0,0  0,0   0:00.02 ovsdb-serv+
 7104 root      20   0   22564   6132   5384 S   0,0  0,0   0:00.00 tcpdump
 7105 root      20   0   22564   6080   5332 S   0,0  0,0   0:00.01 tcpdump
 7106 root      20   0   22564   6016   5268 S   0,0  0,0   0:00.01 tcpdump
 7107 root      20   0   22564   6068   5320 S   0,0  0,0   0:00.00 tcpdump
 7108 root      20   0   22564   5916   5168 S   0,0  0,0   0:00.01 tcpdump
 7109 root      20   0   22564   6264   5376 S   0,0  0,0   0:00.00 tcpdump
 7110 root      20   0   22564   6220   5336 S   0,0  0,0   0:00.00 tcpdump
 6849 root      10 -10   20924   4856   4100 S   0,0  0,0   0:00.00 ovsdb-serv+
 6888 root      10 -10   26456   9852   8912 S   0,0  0,1   0:00.00 ovs-vswitc+
 6951 root      20   0   20912   4980   4200 S   0,0  0,0   0:00.03 ovsdb-serv+
 6955 root      20   0  997928 157836   8912 S   0,0  1,0   0:43.73 ovs-vswitc+
 7021 root      20   0   20912   5000   4220 S   0,0  0,0   0:00.02 ovsdb-serv+
 7025 root      20   0  985408 121708   8912 S   0,0  0,7   0:01.06 ovs-vswitc+
 7104 root      20   0   22564   6132   5384 S   0,0  0,0   0:00.00 tcpdump
 7105 root      20   0   22564   6080   5332 S   0,0  0,0   0:00.01 tcpdump
 7106 root      20   0   22564   6016   5268 S   0,0  0,0   0:00.01 tcpdump
 7107 root      20   0   22564   6068   5320 S   0,0  0,0   0:00.00 tcpdump
 7108 root      20   0   22564   5916   5168 S   0,0  0,0   0:00.01 tcpdump
 7109 root      20   0   22564   6264   5376 S   0,0  0,0   0:00.00 tcpdump
 7110 root      20   0   22564   6220   5336 S   0,0  0,0   0:00.00 tcpdump
 6849 root      10 -10   20924   4856   4100 S   0,0  0,0   0:00.00 ovsdb-serv+
 6888 root      10 -10   26456   9852   8912 S   0,0  0,1   0:00.00 ovs-vswitc+
 6951 root      20   0   20912   4980   4200 S   0,0  0,0   0:00.03 ovsdb-serv+
 6955 root      20   0  997928 157836   8912 S   0,0  1,0   0:43.73 ovs-vswitc+
 7021 root      20   0   20912   5000   4220 S   0,0  0,0   0:00.02 ovsdb-serv+
 7025 root      20   0  985408 121708   8912 S   0,0  0,7   0:01.06 ovs-vswitc+
 7104 root      20   0   22564   6132   5384 S   0,0  0,0   0:00.00 tcpdump
 7105 root      20   0   22564   6080   5332 S   0,0  0,0   0:00.01 tcpdump
 7106 root      20   0   22564   6016   5268 S   0,0  0,0   0:00.01 tcpdump
 7107 root      20   0   22564   6068   5320 S   0,0  0,0   0:00.00 tcpdump
 7108 root      20   0   22564   5916   5168 S   0,0  0,0   0:00.01 tcpdump
 7109 root      20   0   22564   6264   5376 S   0,0  0,0   0:00.00 tcpdump
 7110 root      20   0   22564   6220   5336 S   0,0  0,0   0:00.00 tcpdump
 6955 root      20   0  997928 157836   8912 S   1,0  1,0   0:43.74 ovs-vswitc+
 7025 root      20   0  985408 121708   8912 S   1,0  0,7   0:01.07 ovs-vswitc+
 6849 root      10 -10   20924   4856   4100 S   0,0  0,0   0:00.00 ovsdb-serv+
 6888 root      10 -10   26456   9852   8912 S   0,0  0,1   0:00.00 ovs-vswitc+
 6951 root      20   0   20912   4980   4200 S   0,0  0,0   0:00.03 ovsdb-serv+
 7021 root      20   0   20912   5000   4220 S   0,0  0,0   0:00.02 ovsdb-serv+
 7104 root      20   0   22564   6132   5384 S   0,0  0,0   0:00.00 tcpdump
 7105 root      20   0   22564   6080   5332 S   0,0  0,0   0:00.01 tcpdump
 7106 root      20   0   22564   6016   5268 S   0,0  0,0   0:00.01 tcpdump
 7107 root      20   0   22564   6068   5320 S   0,0  0,0   0:00.00 tcpdump
 7108 root      20   0   22564   5916   5168 S   0,0  0,0   0:00.01 tcpdump
 7109 root      20   0   22564   6264   5376 S   0,0  0,0   0:00.00 tcpdump
 7110 root      20   0   22564   6220   5336 S   0,0  0,0   0:00.00 tcpdump
 6955 root      20   0  997928 157836   8912 S   1,0  1,0   0:43.75 ovs-vswitc+
 7025 root      20   0  985408 121708   8912 S   1,0  0,7   0:01.08 ovs-vswitc+
 6849 root      10 -10   20924   4856   4100 S   0,0  0,0   0:00.00 ovsdb-serv+
 6888 root      10 -10   26456   9852   8912 S   0,0  0,1   0:00.00 ovs-vswitc+
 6951 root      20   0   20912   4980   4200 S   0,0  0,0   0:00.03 ovsdb-serv+
 7021 root      20   0   20912   5000   4220 S   0,0  0,0   0:00.02 ovsdb-serv+
 7104 root      20   0   22564   6132   5384 S   0,0  0,0   0:00.00 tcpdump
 7105 root      20   0   22564   6080   5332 S   0,0  0,0   0:00.01 tcpdump
 7106 root      20   0   22564   6016   5268 S   0,0  0,0   0:00.01 tcpdump
 7107 root      20   0   22564   6068   5320 S   0,0  0,0   0:00.00 tcpdump
 7108 root      20   0   22564   5916   5168 S   0,0  0,0   0:00.01 tcpdump
 7109 root      20   0   22564   6264   5376 S   0,0  0,0   0:00.00 tcpdump
 7110 root      20   0   22564   6220   5336 S   0,0  0,0   0:00.00 tcpdump
 7025 root      20   0  985408 121708   8912 S   1,0  0,7   0:01.09 ovs-vswitc+
 6849 root      10 -10   20924   4856   4100 S   0,0  0,0   0:00.00 ovsdb-serv+
 6888 root      10 -10   26456   9852   8912 S   0,0  0,1   0:00.00 ovs-vswitc+
 6951 root      20   0   20912   4980   4200 S   0,0  0,0   0:00.03 ovsdb-serv+
 6955 root      20   0  997928 157836   8912 S   0,0  1,0   0:43.75 ovs-vswitc+
 7021 root      20   0   20912   5000   4220 S   0,0  0,0   0:00.02 ovsdb-serv+
 7104 root      20   0   22564   6132   5384 S   0,0  0,0   0:00.00 tcpdump
 7105 root      20   0   22564   6080   5332 S   0,0  0,0   0:00.01 tcpdump
 7106 root      20   0   22564   6016   5268 S   0,0  0,0   0:00.01 tcpdump
 7107 root      20   0   22564   6068   5320 S   0,0  0,0   0:00.00 tcpdump
 7108 root      20   0   22564   5916   5168 S   0,0  0,0   0:00.01 tcpdump
 7109 root      20   0   22564   6264   5376 S   0,0  0,0   0:00.00 tcpdump
 7110 root      20   0   22564   6220   5336 S   0,0  0,0   0:00.00 tcpdump
 6955 root      20   0  997928 157836   8912 S   1,0  1,0   0:43.76 ovs-vswitc+
 7025 root      20   0  985408 121708   8912 S   1,0  0,7   0:01.10 ovs-vswitc+
 6849 root      10 -10   20924   4856   4100 S   0,0  0,0   0:00.00 ovsdb-serv+
 6888 root      10 -10   26456   9852   8912 S   0,0  0,1   0:00.00 ovs-vswitc+
 6951 root      20   0   20912   4980   4200 S   0,0  0,0   0:00.03 ovsdb-serv+
 7021 root      20   0   20912   5000   4220 S   0,0  0,0   0:00.02 ovsdb-serv+
 7104 root      20   0   22564   6132   5384 S   0,0  0,0   0:00.00 tcpdump
 7105 root      20   0   22564   6080   5332 S   0,0  0,0   0:00.01 tcpdump
 7106 root      20   0   22564   6016   5268 S   0,0  0,0   0:00.01 tcpdump
 7107 root      20   0   22564   6068   5320 S   0,0  0,0   0:00.00 tcpdump
 7108 root      20   0   22564   5916   5168 S   0,0  0,0   0:00.01 tcpdump
 7109 root      20   0   22564   6264   5376 S   0,0  0,0   0:00.00 tcpdump
 7110 root      20   0   22564   6220   5336 S   0,0  0,0   0:00.00 tcpdump
 6955 root      20   0  997928 157836   8912 S   2,0  1,0   0:43.78 ovs-vswitc+
 7025 root      20   0  985408 121708   8912 S   1,0  0,7   0:01.11 ovs-vswitc+
 6849 root      10 -10   20924   4856   4100 S   0,0  0,0   0:00.00 ovsdb-serv+
 6888 root      10 -10   26456   9852   8912 S   0,0  0,1   0:00.00 ovs-vswitc+
 6951 root      20   0   20912   4980   4200 S   0,0  0,0   0:00.03 ovsdb-serv+
 7021 root      20   0   20912   5000   4220 S   0,0  0,0   0:00.02 ovsdb-serv+
 7104 root      20   0   22564   6132   5384 S   0,0  0,0   0:00.00 tcpdump
 7105 root      20   0   22564   6080   5332 S   0,0  0,0   0:00.01 tcpdump
 7106 root      20   0   22564   6016   5268 S   0,0  0,0   0:00.01 tcpdump
 7107 root      20   0   22564   6068   5320 S   0,0  0,0   0:00.00 tcpdump
 7108 root      20   0   22564   5916   5168 S   0,0  0,0   0:00.01 tcpdump
 7109 root      20   0   22564   6264   5376 S   0,0  0,0   0:00.00 tcpdump
 7110 root      20   0   22564   6220   5336 S   0,0  0,0   0:00.00 tcpdump
 7025 root      20   0  985408 121708   8912 S   2,0  0,7   0:01.13 ovs-vswitc+
 6955 root      20   0  997928 157836   8912 S   1,0  1,0   0:43.79 ovs-vswitc+
 6849 root      10 -10   20924   4856   4100 S   0,0  0,0   0:00.00 ovsdb-serv+
 6888 root      10 -10   26456   9852   8912 S   0,0  0,1   0:00.00 ovs-vswitc+
 6951 root      20   0   20912   4980   4200 S   0,0  0,0   0:00.03 ovsdb-serv+
 7021 root      20   0   20912   5000   4220 S   0,0  0,0   0:00.02 ovsdb-serv+
 7104 root      20   0   22564   6132   5384 S   0,0  0,0   0:00.00 tcpdump
 7105 root      20   0   22564   6080   5332 S   0,0  0,0   0:00.01 tcpdump
 7106 root      20   0   22564   6016   5268 S   0,0  0,0   0:00.01 tcpdump
 7107 root      20   0   22564   6068   5320 S   0,0  0,0   0:00.00 tcpdump
 7108 root      20   0   22564   5916   5168 S   0,0  0,0   0:00.01 tcpdump
 7109 root      20   0   22564   6264   5376 S   0,0  0,0   0:00.00 tcpdump
 7110 root      20   0   22564   6220   5336 S   0,0  0,0   0:00.00 tcpdump
 6955 root      20   0  997928 157836   8912 S   1,0  1,0   0:43.80 ovs-vswitc+
 6849 root      10 -10   20924   4856   4100 S   0,0  0,0   0:00.00 ovsdb-serv+
 6888 root      10 -10   26456   9852   8912 S   0,0  0,1   0:00.00 ovs-vswitc+
 6951 root      20   0   20912   4980   4200 S   0,0  0,0   0:00.03 ovsdb-serv+
 7021 root      20   0   20912   5000   4220 S   0,0  0,0   0:00.02 ovsdb-serv+
 7025 root      20   0  985408 121708   8912 S   0,0  0,7   0:01.13 ovs-vswitc+
 7104 root      20   0   22564   6132   5384 S   0,0  0,0   0:00.00 tcpdump
 7105 root      20   0   22564   6080   5332 S   0,0  0,0   0:00.01 tcpdump
 7106 root      20   0   22564   6016   5268 S   0,0  0,0   0:00.01 tcpdump
 7107 root      20   0   22564   6068   5320 S   0,0  0,0   0:00.00 tcpdump
 7108 root      20   0   22564   5916   5168 S   0,0  0,0   0:00.01 tcpdump
 7109 root      20   0   22564   6264   5376 S   0,0  0,0   0:00.00 tcpdump
 7110 root      20   0   22564   6220   5336 S   0,0  0,0   0:00.00 tcpdump
 6849 root      10 -10   20924   4856   4100 S   1,0  0,0   0:00.01 ovsdb-serv+
 6888 root      10 -10   26456   9852   8912 S   0,0  0,1   0:00.00 ovs-vswitc+
 6951 root      20   0   20912   4980   4200 S   0,0  0,0   0:00.03 ovsdb-serv+
 6955 root      20   0  997928 157836   8912 S   0,0  1,0   0:43.80 ovs-vswitc+
 7021 root      20   0   20912   5000   4220 S   0,0  0,0   0:00.02 ovsdb-serv+
 7025 root      20   0  985408 121708   8912 S   0,0  0,7   0:01.13 ovs-vswitc+
 7104 root      20   0   22564   6132   5384 S   0,0  0,0   0:00.00 tcpdump
 7105 root      20   0   22564   6080   5332 S   0,0  0,0   0:00.01 tcpdump
 7106 root      20   0   22564   6016   5268 S   0,0  0,0   0:00.01 tcpdump
 7107 root      20   0   22564   6068   5320 S   0,0  0,0   0:00.00 tcpdump
 7108 root      20   0   22564   5916   5168 S   0,0  0,0   0:00.01 tcpdump
 7109 root      20   0   22564   6264   5376 S   0,0  0,0   0:00.00 tcpdump
 7110 root      20   0   22564   6220   5336 S   0,0  0,0   0:00.00 tcpdump
 6955 root      20   0  997928 157836   8912 S   2,0  1,0   0:43.82 ovs-vswitc+
 7025 root      20   0  985408 121708   8912 S   1,0  0,7   0:01.14 ovs-vswitc+
 6849 root      10 -10   20924   4856   4100 S   0,0  0,0   0:00.01 ovsdb-serv+
 6888 root      10 -10   26456   9852   8912 S   0,0  0,1   0:00.00 ovs-vswitc+
 6951 root      20   0   20912   4980   4200 S   0,0  0,0   0:00.03 ovsdb-serv+
 7021 root      20   0   20912   5000   4220 S   0,0  0,0   0:00.02 ovsdb-serv+
 7104 root      20   0   22564   6132   5384 S   0,0  0,0   0:00.00 tcpdump
 7105 root      20   0   22564   6080   5332 S   0,0  0,0   0:00.01 tcpdump
 7106 root      20   0   22564   6016   5268 S   0,0  0,0   0:00.01 tcpdump
 7107 root      20   0   22564   6068   5320 S   0,0  0,0   0:00.00 tcpdump
 7108 root      20   0   22564   5916   5168 S   0,0  0,0   0:00.01 tcpdump
 7109 root      20   0   22564   6264   5376 S   0,0  0,0   0:00.00 tcpdump
 7110 root      20   0   22564   6220   5336 S   0,0  0,0   0:00.00 tcpdump
 7025 root      20   0  985408 121708   8912 S   2,0  0,7   0:01.16 ovs-vswitc+
 6955 root      20   0  997928 157836   8912 S   1,0  1,0   0:43.83 ovs-vswitc+
 6849 root      10 -10   20924   4856   4100 S   0,0  0,0   0:00.01 ovsdb-serv+
 6888 root      10 -10   26456   9852   8912 S   0,0  0,1   0:00.00 ovs-vswitc+
 6951 root      20   0   20912   4980   4200 S   0,0  0,0   0:00.03 ovsdb-serv+
 7021 root      20   0   20912   5000   4220 S   0,0  0,0   0:00.02 ovsdb-serv+
 7104 root      20   0   22564   6132   5384 S   0,0  0,0   0:00.00 tcpdump
 7105 root      20   0   22564   6080   5332 S   0,0  0,0   0:00.01 tcpdump
 7106 root      20   0   22564   6016   5268 S   0,0  0,0   0:00.01 tcpdump
 7107 root      20   0   22564   6068   5320 S   0,0  0,0   0:00.00 tcpdump
 7108 root      20   0   22564   5916   5168 S   0,0  0,0   0:00.01 tcpdump
 7109 root      20   0   22564   6264   5376 S   0,0  0,0   0:00.00 tcpdump
 7110 root      20   0   22564   6220   5336 S   0,0  0,0   0:00.00 tcpdump
 6955 root      20   0  997928 157836   8912 S   1,0  1,0   0:43.84 ovs-vswitc+
 7025 root      20   0  985408 121708   8912 S   1,0  0,7   0:01.17 ovs-vswitc+
 6849 root      10 -10   20924   4856   4100 S   0,0  0,0   0:00.01 ovsdb-serv+
 6888 root      10 -10   26456   9852   8912 S   0,0  0,1   0:00.00 ovs-vswitc+
 6951 root      20   0   20912   4980   4200 S   0,0  0,0   0:00.03 ovsdb-serv+
 7021 root      20   0   20912   5000   4220 S   0,0  0,0   0:00.02 ovsdb-serv+
 7104 root      20   0   22564   6132   5384 S   0,0  0,0   0:00.00 tcpdump
 7105 root      20   0   22564   6080   5332 S   0,0  0,0   0:00.01 tcpdump
 7106 root      20   0   22564   6016   5268 S   0,0  0,0   0:00.01 tcpdump
 7107 root      20   0   22564   6068   5320 S   0,0  0,0   