  629 root      20   0  985304 118364   8912 S  29,4  0,7   0:00.13 ovs-vswitc+
  556 root      20   0  985304 118368   8912 S  23,5  0,7   0:00.12 ovs-vswitc+
  446 root      10 -10   20924   4992   4240 S   0,0  0,0   0:00.00 ovsdb-serv+
  486 root      10 -10   26456   9856   8912 S   0,0  0,1   0:00.00 ovs-vswitc+
  552 root      20   0   20912   5000   4220 S   0,0  0,0   0:00.00 ovsdb-serv+
  624 root      20   0   20912   4964   4180 S   0,0  0,0   0:00.01 ovsdb-serv+
  709 root      20   0   22564   5996   5248 S   0,0  0,0   0:00.00 tcpdump
  710 root      20   0   22564   6128   5380 S   0,0  0,0   0:00.00 tcpdump
  711 root      20   0   22564   6176   5428 S   0,0  0,0   0:00.00 tcpdump
  712 root      20   0   22564   6180   5432 S   0,0  0,0   0:00.00 tcpdump
  713 root      20   0   22564   5988   5236 S   0,0  0,0   0:00.00 tcpdump
  714 root      20   0   22564   6240   5352 S   0,0  0,0   0:00.00 tcpdump
  715 root      20   0   22564   6268   5384 S   0,0  0,0   0:00.00 tcpdump
  556 root      20   0  985304 118368   8912 S   1,0  0,7   0:00.13 ovs-vswitc+
  629 root      20   0  985304 118364   8912 S   1,0  0,7   0:00.14 ovs-vswitc+
  446 root      10 -10   20924   4992   4240 S   0,0  0,0   0:00.00 ovsdb-serv+
  486 root      10 -10   26456   9856   8912 S   0,0  0,1   0:00.00 ovs-vswitc+
  552 root      20   0   20912   5000   4220 S   0,0  0,0   0:00.00 ovsdb-serv+
  624 root      20   0   20912   4964   4180 S   0,0  0,0   0:00.01 ovsdb-serv+
  709 root      20   0   22564   5996   5248 S   0,0  0,0   0:00.00 tcpdump
  710 root      20   0   22564   6128   5380 S   0,0  0,0   0:00.00 tcpdump
  711 root      20   0   22564   6176   5428 S   0,0  0,0   0:00.00 tcpdump
  712 root      20   0   22564   6180   5432 S   0,0  0,0   0:00.00 tcpdump
  713 root      20   0   22564   5988   5236 S   0,0  0,0   0:00.00 tcpdump
  714 root      20   0   22564   6240   5352 S   0,0  0,0   0:00.00 tcpdump
  715 root      20   0   22564   6268   5384 S   0,0  0,0   0:00.00 tcpdump
  446 root      10 -10   20924   4992   4240 S   0,0  0,0   0:00.00 ovsdb-serv+
  486 root      10 -10   26456   9856   8912 S   0,0  0,1   0:00.00 ovs-vswitc+
  552 root      20   0   20912   5000   4220 S   0,0  0,0   0:00.00 ovsdb-serv+
  556 root      20   0  985304 118368   8912 S   0,0  0,7   0:00.13 ovs-vswitc+
  624 root      20   0   20912   4964   4180 S   0,0  0,0   0:00.01 ovsdb-serv+
  629 root      20   0  985304 118364   8912 S   0,0  0,7   0:00.14 ovs-vswitc+
  709 root      20   0   22564   5996   5248 S   0,0  0,0   0:00.00 tcpdump
  710 root      20   0   22564   6128   5380 S   0,0  0,0   0:00.00 tcpdump
  711 root      20   0   22564   6176   5428 S   0,0  0,0   0:00.00 tcpdump
  712 root      20   0   22564   6180   5432 S   0,0  0,0   0:00.00 tcpdump
  713 root      20   0   22564   5988   5236 S   0,0  0,0   0:00.00 tcpdump
  714 root      20   0   22564   6240   5352 S   0,0  0,0   0:00.00 tcpdump
  715 root      20   0   22564   6268   5384 S   0,0  0,0   0:00.00 tcpdump
  556 root      20   0  985304 118368   8912 S   1,0  0,7   0:00.14 ovs-vswitc+
  629 root      20   0  985304 118364   8912 S   1,0  0,7   0:00.15 ovs-vswitc+
  446 root      10 -10   20924   4992   4240 S   0,0  0,0   0:00.00 ovsdb-serv+
  486 root      10 -10   26456   9856   8912 S   0,0  0,1   0:00.00 ovs-vswitc+
  552 root      20   0   20912   5000   4220 S   0,0  0,0   0:00.00 ovsdb-serv+
  624 root      20   0   20912   4964   4180 S   0,0  0,0   0:00.01 ovsdb-serv+
  709 root      20   0   22564   5996   5248 S   0,0  0,0   0:00.00 tcpdump
  710 root      20   0   22564   6128   5380 S   0,0  0,0   0:00.00 tcpdump
  711 root      20   0   22564   6176   5428 S   0,0  0,0   0:00.00 tcpdump
  712 root      20   0   22564   6180   5432 S   0,0  0,0   0:00.00 tcpdump
  713 root      20   0   22564   5988   5236 S   0,0  0,0   0:00.00 tcpdump
  714 root      20   0   22564   6240   5352 S   0,0  0,0   0:00.00 tcpdump
  715 root      20   0   22564   6268   5384 S   0,0  0,0   0:00.00 tcpdump
  629 root      20   0  985304 118364   8912 S   2,0  0,7   0:00.17 ovs-vswitc+
  446 root      10 -10   20924   4992   4240 S   0,0  0,0   0:00.00 ovsdb-serv+
  486 root      10 -10   26456   9856   8912 S   0,0  0,1   0:00.00 ovs-vswitc+
  552 root      20   0   20912   5000   4220 S   0,0  0,0   0:00.00 ovsdb-serv+
  556 root      20   0  985304 118368   8912 S   0,0  0,7   0:00.14 ovs-vswitc+
  624 root      20   0   20912   4964   4180 S   0,0  0,0   0:00.01 ovsdb-serv+
  709 root      20   0   22564   5996   5248 S   0,0  0,0   0:00.00 tcpdump
  710 root      20   0   22564   6128   5380 S   0,0  0,0   0:00.00 tcpdump
  711 root      20   0   22564   6176   5428 S   0,0  0,0   0:00.00 tcpdump
  712 root      20   0   22564   6180   5432 S   0,0  0,0   0:00.00 tcpdump
  713 root      20   0   22564   5988   5236 S   0,0  0,0   0:00.00 tcpdump
  714 root      20   0   22564   6240   5352 S   0,0  0,0   0:00.00 tcpdump
  715 root      20   0   22564   6268   5384 S   0,0  0,0   0:00.00 tcpdump
  552 root      20   0   20912   5000   4220 S   1,0  0,0   0:00.01 ovsdb-serv+
  556 root      20   0  985304 118368   8912 S   1,0  0,7   0:00.15 ovs-vswitc+
  629 root      20   0  985304 118364   8912 S   1,0  0,7   0:00.18 ovs-vswitc+
  446 root      10 -10   20924   4992   4240 S   0,0  0,0   0:00.00 ovsdb-serv+
  486 root      10 -10   26456   9856   8912 S   0,0  0,1   0:00.00 ovs-vswitc+
  624 root      20   0   20912   4964   4180 S   0,0  0,0   0:00.01 ovsdb-serv+
  709 root      20   0   22564   5996   5248 S   0,0  0,0   0:00.00 tcpdump
  710 root      20   0   22564   6128   5380 S   0,0  0,0   0:00.00 tcpdump
  711 root      20   0   22564   6176   5428 S   0,0  0,0   0:00.00 tcpdump
  712 root      20   0   22564   6180   5432 S   0,0  0,0   0:00.00 tcpdump
  713 root      20   0   22564   5988   5236 S   0,0  0,0   0:00.00 tcpdump
  714 root      20   0   22564   6240   5352 S   0,0  0,0   0:00.00 tcpdump
  715 root      20   0   22564   6268   5384 S   0,0  0,0   0:00.00 tcpdump
  556 root      20   0  985304 118368   8912 S   2,0  0,7   0:00.17 ovs-vswitc+
  446 root      10 -10   20924   4992   4240 S   0,0  0,0   0:00.00 ovsdb-serv+
  486 root      10 -10   26456   9856   8912 S   0,0  0,1   0:00.00 ovs-vswitc+
  552 root      20   0   20912   5000   4220 S   0,0  0,0   0:00.01 ovsdb-serv+
  624 root      20   0   20912   4964   4180 S   0,0  0,0   0:00.01 ovsdb-serv+
  629 root      20   0  985304 118364   8912 S   0,0  0,7   0:00.18 ovs-vswitc+
  709 root      20   0   22564   5996   5248 S   0,0  0,0   0:00.00 tcpdump
  710 root      20   0   22564   6128   5380 S   0,0  0,0   0:00.00 tcpdump
  711 root      20   0   22564   6176   5428 S   0,0  0,0   0:00.00 tcpdump
  712 root      20   0   22564   6180   5432 S   0,0  0,0   0:00.00 tcpdump
  713 root      20   0   22564   5988   5236 S   0,0  0,0   0:00.00 tcpdump
  714 root      20   0   22564   6240   5352 S   0,0  0,0   0:00.00 tcpdump
  715 root      20   0   22564   6268   5384 S   0,0  0,0   0:00.00 tcpdump
  629 root      20   0  985416 118544   8912 S   2,0  0,7   0:00.20 ovs-vswitc+
  446 root      10 -10   20924   4992   4240 S   0,0  0,0   0:00.00 ovsdb-serv+
  486 root      10 -10   26456   9856   8912 S   0,0  0,1   0:00.00 ovs-vswitc+
  552 root      20   0   20912   5000   4220 S   0,0  0,0   0:00.01 ovsdb-serv+
  556 root      20   0  985304 118368   8912 S   0,0  0,7   0:00.17 ovs-vswitc+
  624 root      20   0   20912   4964   4180 S   0,0  0,0   0:00.01 ovsdb-serv+
  709 root      20   0   22564   5996   5248 S   0,0  0,0   0:00.00 tcpdump
  710 root      20   0   22564   6128   5380 S   0,0  0,0   0:00.00 tcpdump
  711 root      20   0   22564   6176   5428 S   0,0  0,0   0:00.00 tcpdump
  712 root      20   0   22564   6180   5432 S   0,0  0,0   0:00.00 tcpdump
  713 root      20   0   22564   5988   5236 S   0,0  0,0   0:00.00 tcpdump
  714 root      20   0   22564   6240   5352 S   0,0  0,0   0:00.00 tcpdump
  715 root      20   0   22564   6268   5384 S   0,0  0,0   0:00.00 tcpdump
  629 root      20   0  985420 118544   8912 S   5,0  0,7   0:00.25 ovs-vswitc+
  556 root      20   0  985400 118532   8912 S   2,0  0,7   0:00.19 ovs-vswitc+
  446 root      10 -10   20924   4992   4240 S   0,0  0,0   0:00.00 ovsdb-serv+
  486 root      10 -10   26456   9856   8912 S   0,0  0,1   0:00.00 ovs-vswitc+
  552 root      20   0   20912   5000   4220 S   0,0  0,0   0:00.01 ovsdb-serv+
  624 root      20   0   20912   4964   4180 S   0,0  0,0   0:00.01 ovsdb-serv+
  709 root      20   0   22564   5996   5248 S   0,0  0,0   0:00.00 tcpdump
  710 root      20   0   22564   6128   5380 S   0,0  0,0   0:00.00 tcpdump
  711 root      20   0   22564   6176   5428 S   0,0  0,0   0:00.00 tcpdump
  712 root      20   0   22564   6180   5432 S   0,0  0,0   0:00.00 tcpdump
  713 root      20   0   22564   5988   5236 S   0,0  0,0   0:00.00 tcpdump
  714 root      20   0   22564   6240   5352 S   0,0  0,0   0:00.00 tcpdump
  715 root      20   0   22564   6268   5384 S   0,0  0,0   0:00.00 tcpdump
  556 root      20   0  985400 118532   8912 S   2,0  0,7   0:00.21 ovs-vswitc+
  629 root      20   0  985420 118544   8912 S   1,0  0,7   0:00.26 ovs-vswitc+
  446 root      10 -10   20924   4992   4240 S   0,0  0,0   0:00.00 ovsdb-serv+
  486 root      10 -10   26456   9856   8912 S   0,0  0,1   0:00.00 ovs-vswitc+
  552 root      20   0   20912   5000   4220 S   0,0  0,0   0:00.01 ovsdb-serv+
  624 root      20   0   20912   4964   4180 S   0,0  0,0   0:00.01 ovsdb-serv+
  709 root      20   0   22564   5996   5248 S   0,0  0,0   0:00.00 tcpdump
  710 root      20   0   22564   6128   5380 S   0,0  0,0   0:00.00 tcpdump
  711 root      20   0   22564   6176   5428 S   0,0  0,0   0:00.00 tcpdump
  712 root      20   0   22564   6180   5432 S   0,0  0,0   0:00.00 tcpdump
  713 root      20   0   22564   5988   5236 S   0,0  0,0   0:00.00 tcpdump
  714 root      20   0   22564   6240   5352 S   0,0  0,0   0:00.00 tcpdump
  715 root      20   0   22564   6268   5384 S   0,0  0,0   0:00.00 tcpdump
  556 root      20   0  985400 118532   8912 S   1,0  0,7   0:00.22 ovs-vswitc+
  629 root      20   0  985420 118544   8912 S   1,0  0,7   0:00.27 ovs-vswitc+
  446 root      10 -10   20924   4992   4240 S   0,0  0,0   0:00.00 ovsdb-serv+
  486 root      10 -10   26456   9856   8912 S   0,0  0,1   0:00.00 ovs-vswitc+
  552 root      20   0   20912   5000   4220 S   0,0  0,0   0:00.01 ovsdb-serv+
  624 root      20   0   20912   4964   4180 S   0,0  0,0   0:00.01 ovsdb-serv+
  709 root      20   0   22564   5996   5248 S   0,0  0,0   0:00.00 tcpdump
  710 root      20   0   22564   6128   5380 S   0,0  0,0   0:00.00 tcpdump
  711 root      20   0   22564   6176   5428 S   0,0  0,0   0:00.00 tcpdump
  712 root      20   0   22564   6180   5432 S   0,0  0,0   0:00.00 tcpdump
  713 root      20   0   22564   5988   5236 S   0,0  0,0   0:00.00 tcpdump
  714 root      20   0   22564   6240   5352 S   0,0  0,0   0:00.00 tcpdump
  715 root      20   0   22564   6268   5384 S   0,0  0,0   0:00.00 tcpdump
  556 root      20   0  985400 118532   8912 S   2,0  0,7   0:00.24 ovs-vswitc+
  629 root      20   0  985420 118544   8912 S   1,0  0,7   0:00.28 ovs-vswitc+
  446 root      10 -10   20924   4992   4240 S   0,0  0,0   0:00.00 ovsdb-serv+
  486 root      10 -10   26456   9856   8912 S   0,0  0,1   0:00.00 ovs-vswitc+
  552 root      20   0   20912   5000   4220 S   0,0  0,0   0:00.01 ovsdb-serv+
  624 root      20   0   20912   4964   4180 S   0,0  0,0   0:00.01 ovsdb-serv+
  709 root      20   0   22564   5996   5248 S   0,0  0,0   0:00.00 tcpdump
  710 root      20   0   22564   6128   5380 S   0,0  0,0   0:00.00 tcpdump
  711 root      20   0   22564   6176   5428 S   0,0  0,0   0:00.00 tcpdump
  712 root      20   0   22564   6180   5432 S   0,0  0,0   0:00.00 tcpdump
  713 root      20   0   22564   5988   5236 S   0,0  0,0   0:00.00 tcpdump
  714 root      20   0   22564   6240   5352 S   0,0  0,0   0:00.00 tcpdump
  715 root      20   0   22564   6268   5384 S   0,0  0,0   0:00.00 tcpdump
  629 root      20   0  985420 118544   8912 S   1,0  0,7   0:00.29 ovs-vswitc+
  446 root      10 -10   20924   4992   4240 S   0,0  0,0   0:00.00 ovsdb-serv+
  486 root      10 -10   26456   9856   8912 S   0,0  0,1   0:00.00 ovs-vswitc+
  552 root      20   0   20912   5000   4220 S   0,0  0,0   0:00.01 ovsdb-serv+
  556 root      20   0  985400 118532   8912 S   0,0  0,7   0:00.24 ovs-vswitc+
  624 root      20   0   20912   4964   4180 S   0,0  0,0   0:00.01 ovsdb-serv+
  709 root      20   0   22564   5996   5248 S   0,0  0,0   0:00.00 tcpdump
  710 root      20   0   22564   6128   5380 S   0,0  0,0   0:00.00 tcpdump
  711 root      20   0   22564   6176   5428 S   0,0  0,0   0:00.00 tcpdump
  712 root      20   0   22564   6180   5432 S   0,0  0,0   0:00.00 tcpdump
  713 root      20   0   22564   5988   5236 S   0,0  0,0   0:00.00 tcpdump
  714 root      20   0   22564   6240   5352 S   0,0  0,0   0:00.00 tcpdump
  715 root      20   0   22564   6268   5384 S   0,0  0,0   0:00.00 tcpdump
  556 root      20   0  985400 118532   8912 S   1,0  0,7   0:00.25 ovs-vswitc+
  629 root      20   0  985420 118544   8912 S   1,0  0,7   0:00.30 ovs-vswitc+
  446 root      10 -10   20924   4992   4240 S   0,0  0,0   0:00.00 ovsdb-serv+
  486 root      10 -10   26456   9856   8912 S   0,0  0,1   0:00.00 ovs-vswitc+
  552 root      20   0   20912   5000   4220 S   0,0  0,0   0:00.01 ovsdb-serv+
  624 root      20   0   20912   4964   4180 S   0,0  0,0   0:00.01 ovsdb-serv+
  709 root      20   0   22564   5996   5248 S   0,0  0,0   0:00.00 tcpdump
  710 root      20   0   22564   6128   5380 S   0,0  0,0   0:00.00 tcpdump
  711 root      20   0   22564   6176   5428 S   0,0  0,0   0:00.00 tcpdump
  712 root      20   0   22564   6180   5432 S   0,0  0,0   0:00.00 tcpdump
  713 root      20   0   22564   5988   5236 S   0,0  0,0   0:00.00 tcpdump
  714 root      20   0   22564   6240   5352 S   0,0  0,0   0:00.00 tcpdump
  715 root      20   0   22564   6268   5384 S   0,0  0,0   0:00.00 tcpdump
  556 root      20   0  985400 118532   8912 S   2,0  0,7   0:00.27 ovs-vswitc+
  629 root      20   0  985420 118544   8912 S   1,0  0,7   0:00.31 ovs-vswitc+
  446 root      10 -10   20924   4992   4240 S   0,0  0,0   0:00.00 ovsdb-serv+
  486 root      10 -10   26456   9856   8912 S   0,0  0,1   0:00.00 ovs-vswitc+
  552 root      20   0   20912   5000   4220 S   0,0  0,0   0:00.01 ovsdb-serv+
  624 root      20   0   20912   4964   4180 S   0,0  0,0   0:00.01 ovsdb-serv+
  709 root      20   0   22564   5996   5248 S   0,0  0,0   0:00.00 tcpdump
  710 root      20   0   22564   6128   5380 S   0,0  0,0   0:00.00 tcpdump
  711 root      20   0   22564   6176   5428 S   0,0  0,0   0:00.00 tcpdump
  712 root      20   0   22564   6180   5432 S   0,0  0,0   0:00.00 tcpdump
  713 root      20   0   22564   5988   5236 S   0,0  0,0   0:00.00 tcpdump
  714 root      20   0   22564   6240   5352 S   0,0  0,0   0:00.00 tcpdump
  715 root      20   0   22564   6268   5384 S   0,0  0,0   0:00.00 tcpdump
  629 root      20   0  985420 118544   8912 S   1,0  0,7   0:00.32 ovs-vswitc+
  446 root      10 -10   20924   4992   4240 S   0,0  0,0   0:00.00 ovsdb-serv+
  486 root      10 -10   26456   9856   8912 S   0,0  0,1   0:00.00 ovs-vswitc+
  552 root      20   0   20912   5000   4220 S   0,0  0,0   0:00.01 ovsdb-serv+
  556 root      20   0  985400 118532   8912 S   0,0  0,7   0:00.27 ovs-vswitc+
  624 root      20   0   20912   4964   4180 S   0,0  0,0   0:00.01 ovsdb-serv+
  709 root      20   0   22564   5996   5248 S   0,0  0,0   0:00.00 tcpdump
  710 root      20   0   22564   6128   5380 S   0,0  0,0   0:00.00 tcpdump
  711 root      20   0   22564   6176   5428 S   0,0  0,0   0:00.00 tcpdump
  712 root      20   0   22564   6180   5432 S   0,0  0,0   0:00.00 tcpdump
  713 root      20   0   22564   5988   5236 S   0,0  0,0   0:00.00 tcpdump
  714 root      20   0   22564   6240   5352 S   0,0  0,0   0:00.00 tcpdump
  715 root      20   0   22564   6268   5384 S   0,0  0,0   0:00.00 tcpdump
  556 root      20   0  985400 118532   8912 S   1,0  0,7   0:00.28 ovs-vswitc+
  629 root      20   0  985420 118544   8912 S   1,0  0,7   0:00.33 ovs-vswitc+
  446 root      10 -10   20924   4992   4240 S   0,0  0,0   0:00.00 ovsdb-serv+
  486 root      10 -10   26456   9856   8912 S   0,0  0,1   0:00.00 ovs-vswitc+
  552 root      20   0   20912   5000   4220 S   0,0  0,0   0:00.01 ovsdb-serv+
  624 root      20   0   20912   4964   4180 S   0,0  0,0   0:00.01 ovsdb-serv+
  709 root      20   0   22564   5996   5248 S   0,0  0,0   0:00.00 tcpdump
  710 root      20   0   22564   6128   5380 S   0,0  0,0   0:00.00 tcpdump
  711 root      20   0   22564   6176   5428 S   0,0  0,0   0:00.00 tcpdump
  712 root      20   0   22564   6180   5432 S   0,0  0,0   0:00.00 tcpdump
  713 root      20   0   22564   5988   5236 S   0,0  0,0   0:00.00 tcpdump
  714 root      20   0   22564   6240   5352 S   0,0  0,0   0:00.00 tcpdump
  715 root      20   0   22564   6268   5384 S   0,0  0,0   0:00.00 tcpdump
  556 root      20   0  985400 118532   8912 S   1,0  0,7   0:00.29 ovs-vswitc+
  629 root      20   0  985420 118544   8912 S   1,0  0,7   0:00.34 ovs-vswitc+
  446 root      10 -10   20924   4992   4240 S   0,0  0,0   0:00.00 ovsdb-serv+
  486 root      10 -10   26456   9856   8912 S   0,0  0,1   0:00.00 ovs-vswitc+
  552 root      20   0   20912   5000   4220 S   0,0  0,0   0:00.01 ovsdb-serv+
  624 root      20   0   20912   4964   4180 S   0,0  0,0   0:00.01 ovsdb-serv+
  709 root      20   0   22564   5996   5248 S   0,0  0,0   0:00.00 tcpdump
  710 root      20   0   22564   6128   5380 S   0,0  0,0   0:00.00 tcpdump
  711 root      20   0   22564   6176   5428 S   0,0  0,0   0:00.00 tcpdump
  712 root      20   0   22564   6180   5432 S   0,0  0,0   0:00.00 tcpdump
  713 root      20   0   22564   5988   5236 S   0,0  0,0   0:00.00 tcpdump
  714 root      20   0   22564   6240   5352 S   0,0  0,0   0:00.00 tcpdump
  715 root      20   0   22564   6268   5384 S   0,0  0,0   0:00.00 tcpdump
  556 root      20   0  985400 118532   8912 S   1,0  0,7   0:00.30 ovs-vswitc+
  629 root      20   0  985420 118544   8912 S   1,0  0,7   0:00.35 ovs-vswitc+
  446 root      10 -10   20924   4992   4240 S   0,0  0,0   0:00.00 ovsdb-serv+
  486 root      10 -10   26456   9856   8912 S   0,0  0,1   0:00.00 ovs-vswitc+
  552 root      20   0   20912   5000   4220 S   0,0  0,0   0:00.01 ovsdb-serv+
  624 root      20   0   20912   4964   4180 S   0,0  0,0   0:00.01 ovsdb-serv+
  709 root      20   0   22564   5996   5248 S   0,0  0,0   0:00.00 tcpdump
  710 root      20   0   22564   6128   5380 S   0,0  0,0   0:00.00 tcpdump
  711 root      20   0   22564   6176   5428 S   0,0  0,0   0:00.00 tcpdump
  712 root      20   0   22564   6180   5432 S   0,0  0,0   0:00.00 tcpdump
  713 root      20   0   22564   5988   5236 S   0,0  0,0   0:00.00 tcpdump
  714 root      20   0   22564   6240   5352 S   0,0  0,0   0:00.00 tcpdump
  715 root      20   0   22564   6268   5384 S   0,0  0,0   0:00.00 tcpdump
  629 root      20   0  985420 118544   8912 S   2,0  0,7   0:00.37 ovs-vswitc+
  556 root      20   0  985400 118532   8912 S   1,0  0,7   0:00.31 ovs-vswitc+
  446 root      10 -10   20924   4992   4240 S   0,0  0,0   0:00.00 ovsdb-serv+
  486 root      10 -10   26456   9856   8912 S   0,0  0,1   0:00.00 ovs-vswitc+
  552 root      20   0   20912   5000   4220 S   0,0  0,0   0:00.01 ovsdb-serv+
  624 root      20   0   20912   4964   4180 S   0,0  0,0   0:00.01 ovsdb-serv+
  709 root      20   0   22564   5996   5248 S   0,0  0,0   0:00.00 tcpdump
  710 root      20   0   22564   6128   5380 S   0,0  0,0   0:00.00 tcpdump
  711 root      20   0   22564   6176   5428 S   0,0  0,0   0:00.00 tcpdump
  712 root      20   0   22564   6180   5432 S   0,0  0,0   0:00.00 tcpdump
  713 root      20   0   22564   5988   5236 S   0,0  0,0   0:00.00 tcpdump
  714 root      20   0   22564   6240   5352 S   0,0  0,0   0:00.00 tcpdump
  715 root      20   0   22564   6268   5384 S   0,0  0,0   0:00.00 tcpdump
  556 root      20   0  985400 118532   8912 S   1,0  0,7   0:00.32 ovs-vswitc+
  446 root      10 -10   20924   4992   4240 S   0,0  0,0   0:00.00 ovsdb-serv+
  486 root      10 -10   26456   9856   8912 S   0,0  0,1   0:00.00 ovs-vswitc+
  552 root      20   0   20912   5000   4220 S   0,0  0,0   0:00.01 ovsdb-serv+
  624 root      20   0   20912   4964   4180 S   0,0  0,0   0:00.01 ovsdb-serv+
  629 root      20   0  985420 118544   8912 S   0,0  0,7   0:00.37 ovs-vswitc+
  709 root      20   0   22564   5996   5248 S   0,0  0,0   0:00.00 tcpdump
  710 root      20   0   22564   6128   5380 S   0,0  0,0   0:00.00 tcpdump
  711 root      20   0   22564   6176   5428 S   0,0  0,0   0:00.00 tcpdump
  712 root      20   0   22564   6180   5432 S   0,0  0,0   0:00.00 tcpdump
  713 root      20   0   22564   5988   5236 S   0,0  0,0   0:00.00 tcpdump
  714 root      20   0   22564   6240   5352 S   0,0  0,0   0:00.00 tcpdump
  715 root      20   0   22564   6268   5384 S   0,0  0,0   0:00.00 tcpdump
  556 root      20   0  985400 118532   8912 S   2,0  0,7   0:00.34 ovs-vswitc+
  629 root      20   0  985420 118544   8912 S   1,0  0,7   0:00.38 ovs-vswitc+
  446 root      10 -10   20924   4992   4240 S   0,0  0,0   0:00.00 ovsdb-serv+
  486 root      10 -10   26456   9856   8912 S   0,0  0,1   0:00.00 ovs-vswitc+
  552 root      20   0   20912   5000   4220 S   0,0  0,0   0:00.01 ovsdb-serv+
  624 root      20   0   20912   4964   4180 S   0,0  0,0   0:00.01 ovsdb-serv+
  709 root      20   0   22564   5996   5248 S   0,0  0,0   0:00.00 tcpdump
  710 root      20   0   22564   6128   5380 S   0,0  0,0   0:00.00 tcpdump
  711 root      20   0   22564   6176   5428 S   0,0  0,0   0:00.00 tcpdump
  712 root      20   0   22564   6180   5432 S   0,0  0,0   0:00.00 tcpdump
  713 root      20   0   22564   5988   5236 S   0,0  0,0   0:00.00 tcpdump
  714 root      20   0   22564   6240   5352 S   0,0  0,0   0:00.00 tcpdump
  715 root      20   0   22564   6268   5384 S   0,0  0,0   0:00.00 tcpdump
  556 root      20   0  985400 118532   8912 S   1,0  0,7   0:00.35 ovs-vswitc+
  629 root      20   0  985420 118544   8912 S   1,0  0,7   0:00.39 ovs-vswitc+
  446 root      10 -10   20924   4992   4240 S   0,0  0,0   0:00.00 ovsdb-serv+
  486 root      10 -10   26456   9856   8912 S   0,0  0,1   0:00.00 ovs-vswitc+
  552 root      20   0   20912   5000   4220 S   0,0  0,0   0:00.01 ovsdb-serv+
  624 root      20   0   20912   4964   4180 S   0,0  0,0   0:00.01 ovsdb-serv+
  709 root      20   0   22564   5996   5248 S   0,0  0,0   0:00.00 tcpdump
  710 root      20   0   22564   6128   5380 S   0,0  0,0   0:00.00 tcpdump
  711 root      20   0   22564   6176   5428 S   0,0  0,0   0:00.00 tcpdump
  712 root      20   0   22564   6180   5432 S   0,0  0,0   0:00.00 tcpdump
  713 root      20   0   22564   5988   5236 S   0,0  0,0   0:00.00 tcpdump
  714 root      20   0   22564   6240   5352 S   0,0  0,0   0:00.00 tcpdump
  715 root      20   0   22564   6268   5384 S   0,0  0,0   0:00.00 tcpdump
  556 root      20   0  985400 120112   8912 R  11,8  0,7   0:00.47 ovs-vswitc+
  629 root      20   0  985420 119332   8912 R   7,8  0,7   0:00.47 ovs-vswitc+
  446 root      10 -10   20924   4992   4240 S   0,0  0,0   0:00.00 ovsdb-serv+
  486 root      10 -10   26456   9856   8912 S   0,0  0,1   0:00.00 ovs-vswitc+
  552 root      20   0   20912   5000   4220 S   0,0  0,0   0:00.01 ovsdb-serv+
  624 root      20   0   20912   4964   4180 S   0,0  0,0   0:00.01 ovsdb-serv+
  709 root      20   0   22564   5996   5248 S   0,0  0,0   0:00.00 tcpdump
  710 root      20   0   22564   6128   5380 S   0,0  0,0   0:00.00 tcpdump
  711 root      20   0   22564   6176   5428 S   0,0  0,0   0:00.00 tcpdump
  712 root      20   0   22564   6180   5432 S   0,0  0,0   0:00.00 tcpdump
  713 root      20   0   22564   5988   5236 S   0,0  0,0   0:00.00 tcpdump
  714 root      20   0   22564   6240   5352 S   0,0  0,0   0:00.00 tcpdump
  715 root      20   0   22564   6268   5384 S   0,0  0,0   0:00.00 tcpdump
  556 root      20   0  985436 138360   8912 R 148,5  0,8   0:01.97 ovs-vswitc+
  629 root      20   0  985420 134640   8912 S  93,1  0,8   0:01.41 ovs-vswitc+
  713 root      20   0   22564   5988   5236 S   1,0  0,0   0:00.01 tcpdump
  446 root      10 -10   20924   4992   4240 S   0,0  0,0   0:00.00 ovsdb-serv+
  486 root      10 -10   26456   9856   8912 S   0,0  0,1   0:00.00 ovs-vswitc+
  552 root      20   0   20912   5000   4220 S   0,0  0,0   0:00.01 ovsdb-serv+
  624 root      20   0   20912   4964   4180 S   0,0  0,0   0:00.01 ovsdb-serv+
  709 root      20   0   22564   5996   5248 S   0,0  0,0   0:00.00 tcpdump
  710 root      20   0   22564   6128   5380 S   0,0  0,0   0:00.00 tcpdump
  711 root      20   0   22564   6176   5428 S   0,0  0,0   0:00.00 tcpdump
  712 root      20   0   22564   6180   5432 S   0,0  0,0   0:00.00 tcpdump
  714 root      20   0   22564   6240   5352 S   0,0  0,0   0:00.00 tcpdump
  715 root      20   0   22564   6268   5384 S   0,0  0,0   0:00.00 tcpdump
  629 root      20   0  985420 138600   8912 S  45,5  0,9   0:01.87 ovs-vswitc+
  556 root      20   0  985436 138360   8912 S  41,6  0,8   0:02.39 ovs-vswitc+
  446 root      10 -10   20924   4992   4240 S   0,0  0,0   0:00.00 ovsdb-serv+
  486 root      10 -10   26456   9856   8912 S   0,0  0,1   0:00.00 ovs-vswitc+
  552 root      20   0   20912   5000   4220 S   0,0  0,0   0:00.01 ovsdb-serv+
  624 root      20   0   20912   4964   4180 S   0,0  0,0   0:00.01 ovsdb-serv+
  709 root      20   0   22564   5996   5248 S   0,0  0,0   0:00.00 tcpdump
  710 root      20   0   22564   6128   5380 S   0,0  0,0   0:00.00 tcpdump
  711 root      20   0   22564   6176   5428 S   0,0  0,0   0:00.00 tcpdump
  712 root      20   0   22564   6180   5432 S   0,0  0,0   0:00.00 tcpdump
  713 root      20   0   22564   5988   5236 S   0,0  0,0   0:00.01 tcpdump
  714 root      20   0   22564   6240   5352 S   0,0  0,0   0:00.00 tcpdump
  715 root      20   0   22564   6268   5384 S   0,0  0,0   0:00.00 tcpdump
  556 root      20   0  985436 138360   8912 S   5,0  0,8   0:02.44 ovs-vswitc+
  629 root      20   0  985420 138600   8912 S   2,0  0,9   0:01.89 ovs-vswitc+
  711 root      20   0   22564   6176   5428 S   1,0  0,0   0:00.01 tcpdump
  446 root      10 -10   20924   4992   4240 S   0,0  0,0   0:00.00 ovsdb-serv+
  486 root      10 -10   26456   9856   8912 S   0,0  0,1   0:00.00 ovs-vswitc+
  552 root      20   0   20912   5000   4220 S   0,0  0,0   0:00.01 ovsdb-serv+
  624 root      20   0   20912   4964   4180 S   0,0  0,0   0:00.01 ovsdb-serv+
  709 root      20   0   22564   5996   5248 S   0,0  0,0   0:00.00 tcpdump
  710 root      20   0   22564   6128   5380 S   0,0  0,0   0:00.00 tcpdump
  712 root      20   0   22564   6180   5432 S   0,0  0,0   0:00.00 tcpdump
  713 root      20   0   22564   5988   5236 S   0,0  0,0   0:00.01 tcpdump
  714 root      20   0   22564   6240   5352 S   0,0  0,0   0:00.00 tcpdump
  715 root      20   0   22564   6268   5384 S   0,0  0,0   0:00.00 tcpdump
  556 root      20   0  985436 138360   8912 S   4,0  0,8   0:02.48 ovs-vswitc+
  629 root      20   0  985420 138600   8912 S   2,0  0,9   0:01.91 ovs-vswitc+
  446 root      10 -10   20924   4992   4240 S   0,0  0,0   0:00.00 ovsdb-serv+
  486 root      10 -10   26456   9856   8912 S   0,0  0,1   0:00.00 ovs-vswitc+
  552 root      20   0   20912   5000   4220 S   0,0  0,0   0:00.01 ovsdb-serv+
  624 root      20   0   20912   4964   4180 S   0,0  0,0   0:00.01 ovsdb-serv+
  709 root      20   0   22564   5996   5248 S   0,0  0,0   0:00.00 tcpdump
  710 root      20   0   22564   6128   5380 S   0,0  0,0   0:00.00 tcpdump
  711 root      20   0   22564   6176   5428 S   0,0  0,0   0:00.01 tcpdump
  712 root      20   0   22564   6180   5432 S   0,0  0,0   0:00.00 tcpdump
  713 root      20   0   22564   5988   5236 S   0,0  0,0   0:00.01 tcpdump
  714 root      20   0   22564   6240   5352 S   0,0  0,0   0:00.00 tcpdump
  715 root      20   0   22564   6268   5384 S   0,0  0,0   0:00.00 tcpdump
  556 root      20   0  985436 138360   8912 S   5,0  0,8   0:02.53 ovs-vswitc+
  629 root      20   0  985420 138600   8912 S   2,0  0,9   0:01.93 ovs-vswitc+
  446 root      10 -10   20924   4992   4240 S   0,0  0,0   0:00.00 ovsdb-serv+
  486 root      10 -10   26456   9856   8912 S   0,0  0,1   0:00.00 ovs-vswitc+
  552 root      20   0   20912   5000   4220 S   0,0  0,0   0:00.01 ovsdb-serv+
  624 root      20   0   20912   4964   4180 S   0,0  0,0   0:00.01 ovsdb-serv+
  709 root      20   0   22564   5996   5248 S   0,0  0,0   0:00.00 tcpdump
  710 root      20   0   22564   6128   5380 S   0,0  0,0   0:00.00 tcpdump
  711 root      20   0   22564   6176   5428 S   0,0  0,0   0:00.01 tcpdump
  712 root      20   0   22564   6180   5432 S   0,0  0,0   0:00.00 tcpdump
  713 root      20   0   22564   5988   5236 S   0,0  0,0   0:00.01 tcpdump
  714 root      20   0   22564   6240   5352 S   0,0  0,0   0:00.00 tcpdump
  715 root      20   0   22564   6268   5384 S   0,0  0,0   0:00.00 tcpdump
  556 root      20   0  985436 138360   8912 S   3,9  0,8   0:02.57 ovs-vswitc+
  629 root      20   0  985420 138600   8912 S   2,0  0,9   0:01.95 ovs-vswitc+
  446 root      10 -10   20924   4992   4240 S   0,0  0,0   0:00.00 ovsdb-serv+
  486 root      10 -10   26456   9856   8912 S   0,0  0,1   0:00.00 ovs-vswitc+
  552 root      20   0   20912   5000   4220 S   0,0  0,0   0:00.01 ovsdb-serv+
  624 root      20   0   20912   4964   4180 S   0,0  0,0   0:00.01 ovsdb-serv+
  709 root      20   0   22564   5996   5248 S   0,0  0,0   0:00.00 tcpdump
  710 root      20   0   22564   6128   5380 S   0,0  0,0   0:00.00 tcpdump
  711 root      20   0   22564   6176   5428 S   0,0  0,0   0:00.01 tcpdump
  712 root      20   0   22564   6180   5432 S   0,0  0,0   0:00.00 tcpdump
  713 root      20   0   22564   5988   5236 S   0,0  0,0   0:00.01 tcpdump
  714 root      20   0   22564   6240   5352 S   0,0  0,0   0:00.00 tcpdump
  715 root      20   0   22564   6268   5384 S   0,0  0,0   0:00.00 tcpdump
  556 root      20   0  985436 138360   8912 S   5,0  0,8   0:02.62 ovs-vswitc+
  629 root      20   0  985420 138600   8912 S   2,0  0,9   0:01.97 ovs-vswitc+
  446 root      10 -10   20924   4992   4240 S   0,0  0,0   0:00.00 ovsdb-serv+
  486 root      10 -10   26456   9856   8912 S   0,0  0,1   0:00.00 ovs-vswitc+
  552 root      20   0   20912   5000   4220 S   0,0  0,0   0:00.01 ovsdb-serv+
  624 root      20   0   20912   4964   4180 S   0,0  0,0   0:00.01 ovsdb-serv+
  709 root      20   0   22564   5996   5248 S   0,0  0,0   0:00.00 tcpdump
  710 root      20   0   22564   6128   5380 S   0,0  0,0   0:00.00 tcpdump
  711 root      20   0   22564   6176   5428 S   0,0  0,0   0:00.01 tcpdump
  712 root      20   0   22564   6180   5432 S   0,0  0,0   0:00.00 tcpdump
  713 root      20   0   22564   5988   5236 S   0,0  0,0   0:00.01 tcpdump
  714 root      20   0   22564   6240   5352 S   0,0  0,0   0:00.00 tcpdump
  715 root      20   0   22564   6268   5384 S   0,0  0,0   0:00.00 tcpdump
  556 root      20   0  985436 138360   8912 S   4,0  0,8   0:02.66 ovs-vswitc+
  629 root      20   0  985420 138600   8912 S   2,0  0,9   0:01.99 ovs-vswitc+
  446 root      10 -10   20924   4992   4240 S   0,0  0,0   0:00.00 ovsdb-serv+
  486 root      10 -10   26456   9856   8912 S   0,0  0,1   0:00.00 ovs-vswitc+
  552 root      20   0   20912   5000   4220 S   0,0  0,0   0:00.01 ovsdb-serv+
  624 root      20   0   20912   4964   4180 S   0,0  0,0   0:00.01 ovsdb-serv+
  709 root      20   0   22564   5996   5248 S   0,0  0,0   0:00.00 tcpdump
  710 root      20   0   22564   6128   5380 S   0,0  0,0   0:00.00 tcpdump
  711 root      20   0   22564   6176   5428 S   0,0  0,0   0:00.01 tcpdump
  712 root      20   0   22564   6180   5432 S   0,0  0,0   0:00.00 tcpdump
  713 root      20   0   22564   5988   5236 S   0,0  0,0   0:00.01 tcpdump
  714 root      20   0   22564   6240   5352 S   0,0  0,0   0:00.00 tcpdump
  715 root      20   0   22564   6268   5384 S   0,0  0,0   0:00.00 tcpdump
  556 root      20   0  985436 138360   8912 S   4,9  0,8   0:02.71 ovs-vswitc+
  629 root      20   0  985420 138600   8912 S   1,0  0,9   0:02.00 ovs-vswitc+
  710 root      20   0   22564   6128   5380 S   1,0  0,0   0:00.01 tcpdump
  446 root      10 -10   20924   4992   4240 S   0,0  0,0   0:00.00 ovsdb-serv+
  486 root      10 -10   26456   9856   8912 S   0,0  0,1   0:00.00 ovs-vswitc+
  552 root      20   0   20912   5000   4220 S   0,0  0,0   0:00.01 ovsdb-serv+
  624 root      20   0   20912   4964   4180 S   0,0  0,0   0:00.01 ovsdb-serv+
  709 root      20   0   22564   5996   5248 S   0,0  0,0   0:00.00 tcpdump
  711 root      20   0   22564   6176   5428 S   0,0  0,0   0:00.01 tcpdump
  712 root      20   0   22564   6180   5432 S   0,0  0,0   0:00.00 tcpdump
  713 root      20   0   22564   5988   5236 S   0,0  0,0   0:00.01 tcpdump
  714 root      20   0   22564   6240   5352 S   0,0  0,0   0:00.00 tcpdump
  715 root      20   0   22564   6268   5384 S   0,0  0,0   0:00.00 tcpdump
  556 root      20   0  985436 138360   8912 S   4,0  0,8   0:02.75 ovs-vswitc+
  629 root      20   0  985456 138640   8912 S   3,0  0,9   0:02.03 ovs-vswitc+
  446 root      10 -10   20924   4992   4240 S   0,0  0,0   0:00.00 ovsdb-serv+
  486 root      10 -10   26456   9856   8912 S   0,0  0,1   0:00.00 ovs-vswitc+
  552 root      20   0   20912   5000   4220 S   0,0  0,0   0:00.01 ovsdb-serv+
  624 root      20   0   20912   4964   4180 S   0,0  0,0   0:00.01 ovsdb-serv+
  709 root      20   0   22564   5996   5248 S   0,0  0,0   0:00.00 tcpdump
  710 root      20   0   22564   6128   5380 S   0,0  0,0   0:00.01 tcpdump
  711 root      20   0   22564   6176   5428 S   0,0  0,0   0:00.01 tcpdump
  712 root      20   0   22564   6180   5432 S   0,0  0,0   0:00.00 tcpdump
  713 root      20   0   22564   5988   5236 S   0,0  0,0   0:00.01 tcpdump
  714 root      20   0   22564   6240   5352 S   0,0  0,0   0:00.00 tcpdump
  715 root      20   0   22564   6268   5384 S   0,0  0,0   0:00.00 tcpdump
  556 root      20   0  985436 138360   8912 S   3,0  0,8   0:02.78 ovs-vswitc+
  629 root      20   0  985456 138640   8912 S   2,0  0,9   0:02.05 ovs-vswitc+
  446 root      10 -10   20924   4992   4240 S   0,0  0,0   0:00.00 ovsdb-serv+
  486 root      10 -10   26456   9856   8912 S   0,0  0,1   0:00.00 ovs-vswitc+
  552 root      20   0   20912   5000   4220 S   0,0  0,0   0:00.01 ovsdb-serv+
  624 root      20   0   20912   4964   4180 S   0,0  0,0   0:00.01 ovsdb-serv+
  709 root      20   0   22564   5996   5248 S   0,0  0,0   0:00.00 tcpdump
  710 root      20   0   22564   6128   5380 S   0,0  0,0   0:00.01 tcpdump
  711 root      20   0   22564   6176   5428 S   0,0  0,0   0:00.01 tcpdump
  712 root      20   0   22564   6180   5432 S   0,0  0,0   0:00.00 tcpdump
  713 root      20   0   22564   5988   5236 S   0,0  0,0   0:00.01 tcpdump
  714 root      20   0   22564   6240   5352 S   0,0  0,0   0:00.00 tcpdump
  715 root      20   0   22564   6268   5384 S   0,0  0,0   0:00.00 tcpdump
  556 root      20   0  985436 138360   8912 S   4,9  0,8   0:02.83 ovs-vswitc+
  629 root      20   0  985456 138640   8912 S   3,9  0,9   0:02.09 ovs-vswitc+
  446 root      10 -10   20924   4992   4240 S   0,0  0,0   0:00.00 ovsdb-serv+
  486 root      10 -10   26456   9856   8912 S   0,0  0,1   0:00.00 ovs-vswitc+
  552 root      20   0   20912   5000   4220 S   0,0  0,0   0:00.01 ovsdb-serv+
  624 root      20   0   20912   4964   4180 S   0,0  0,0   0:00.01 ovsdb-serv+
  709 root      20   0   22564   5996   5248 S   0,0  0,0   0:00.00 tcpdump
  710 root      20   0   22564   6128   5380 S   0,0  0,0   0:00.01 tcpdump
  711 root      20   0   22564   6176   5428 S   0,0  0,0   0:00.01 tcpdump
  712 root      20   0   22564   6180   5432 S   0,0  0,0   0:00.00 tcpdump
  713 root      20   0   22564   5988   5236 S   0,0  0,0   0:00.01 tcpdump
  714 root      20   0   22564   6240   5352 S   0,0  0,0   0:00.00 tcpdump
  715 root      20   0   22564   6268   5384 S   0,0  0,0   0:00.00 tcpdump
  556 root      20   0  985436 138360   8912 S   1,0  0,8   0:02.84 ovs-vswitc+
  629 root      20   0  985456 138640   8912 S   1,0  0,9   0:02.10 ovs-vswitc+
  446 root      10 -10   20924   4992   4240 S   0,0  0,0   0:00.00 ovsdb-serv+
  486 root      10 -10   26456   9856   8912 S   0,0  0,1   0:00.00 ovs-vswitc+
  552 root      20   0   20912   5000   4220 S   0,0  0,0   0:00.01 ovsdb-serv+
  624 root      20   0   20912   4964   4180 S   0,0  0,0   0:00.01 ovsdb-serv+
  709 root      20   0   22564   5996   5248 S   0,0  0,0   0:00.00 tcpdump
  710 root      20   0   22564   6128   5380 S   0,0  0,0   0:00.01 tcpdump
  711 root      20   0   22564   6176   5428 S   0,0  0,0   0:00.01 tcpdump
  712 root      20   0   22564   6180   5432 S   0,0  0,0   0:00.00 tcpdump
  713 root      20   0   22564   5988   5236 S   0,0  0,0   0:00.01 tcpdump
  714 root      20   0   22564   6240   5352 S   0,0  0,0   0:00.00 tcpdump
  715 root      20   0   22564   6268   5384 S   0,0  0,0   0:00.00 tcpdump
  556 root      20   0  985436 138360   8912 S   1,0  0,8   0:02.85 ovs-vswitc+
  446 root      10 -10   20924   4992   4240 S   0,0  0,0   0:00.00 ovsdb-serv+
  486 root      10 -10   26456   9856   8912 S   0,0  0,1   0:00.00 ovs-vswitc+
  552 root      20   0   20912   5000   4220 S   0,0  0,0   0:00.01 ovsdb-serv+
  624 root      20   0   20912   4964   4180 S   0,0  0,0   0:00.01 ovsdb-serv+
  629 root      20   0  985456 138640   8912 S   0,0  0,9   0:02.10 ovs-vswitc+
  709 root      20   0   22564   5996   5248 S   0,0  0,0   0:00.00 tcpdump
  710 root      20   0   22564   6128   5380 S   0,0  0,0   0:00.01 tcpdump
  711 root      20   0   22564   6176   5428 S   0,0  0,0   0:00.01 tcpdump
  712 root      20   0   22564   6180   5432 S   0,0  0,0   0:00.00 tcpdump
  713 root      20   0   22564   5988   5236 S   0,0  0,0   0:00.01 tcpdump
  714 root      20   0   22564   6240   5352 S   0,0  0,0   0:00.00 tcpdump
  715 root      20   0   22564   6268   5384 S   0,0  0,0   0:00.00 tcpdump
  629 root      20   0  985456 138640   8912 S   2,0  0,9   0:02.12 ovs-vswitc+
  446 root      10 -10   20924   4992   4240 S   0,0  0,0   0:00.00 ovsdb-serv+
  486 root      10 -10   26456   9856   8912 S   0,0  0,1   0:00.00 ovs-vswitc+
  552 root      20   0   20912   5000   4220 S   0,0  0,0   0:00.01 ovsdb-serv+
  556 root      20   0  985436 138360   8912 S   0,0  0,8   0:02.85 ovs-vswitc+
  624 root      20   0   20912   4964   4180 S   0,0  0,0   0:00.01 ovsdb-serv+
  709 root      20   0   22564   5996   5248 S   0,0  0,0   0:00.00 tcpdump
  710 root      20   0   22564   6128   5380 S   0,0  0,0   0:00.01 tcpdump
  711 root      20   0   22564   6176   5428 S   0,0  0,0   0:00.01 tcpdump
  712 root      20   0   22564   6180   5432 S   0,0  0,0   0:00.00 tcpdump
  713 root      20   0   22564   5988   5236 S   0,0  0,0   0:00.01 tcpdump
  714 root      20   0   22564   6240   5352 S   0,0  0,0   0:00.00 tcpdump
  715 root      20   0   22564   6268   5384 S   0,0  0,0   0:00.00 tcpdump
  556 root      20   0  985436 138360   8912 S   2,0  0,8   0:02.87 ovs-vswitc+
  446 root      10 -10   20924   4992   4240 S   0,0  0,0   0:00.00 ovsdb-serv+
  486 root      10 -10   26456   9856   8912 S   0,0  0,1   0:00.00 ovs-vswitc+
  552 root      20   0   20912   5000   4220 S   0,0  0,0   0:00.01 ovsdb-serv+
  624 root      20   0   20912   4964   4180 S   0,0  0,0   0:00.01 ovsdb-serv+
  629 root      20   0  985456 138640   8912 S   0,0  0,9   0:02.12 ovs-vswitc+
  709 root      20   0   22564   5996   5248 S   0,0  0,0   0:00.00 tcpdump
  710 root      20   0   22564   6128   5380 S   0,0  0,0   0:00.01 tcpdump
  711 root      20   0   22564   6176   5428 S   0,0  0,0   0:00.01 tcpdump
  712 root      20   0   22564   6180   5432 S   0,0  0,0   0:00.00 tcpdump
  713 root      20   0   22564   5988   5236 S   0,0  0,0   0:00.01 tcpdump
  714 root      20   0   22564   6240   5352 S   0,0  0,0   0:00.00 tcpdump
  715 root      20   0   22564   6268   5384 S   0,0  0,0   0:00.00 tcpdump
  629 root      20   0  985456 138640   8912 S   1,0  0,9   0:02.13 ovs-vswitc+
  446 root      10 -10   20924   4992   4240 S   0,0  0,0   0:00.00 ovsdb-serv+
  486 root      10 -10   26456   9856   8912 S   0,0  0,1   0:00.00 ovs-vswitc+
  552 root      20   0   20912   5000   4220 S   0,0  0,0   0:00.01 ovsdb-serv+
  556 root      20   0  985436 138360   8912 S   0,0  0,8   0:02.87 ovs-vswitc+
  624 root      20   0   20912   4964   4180 S   0,0  0,0   0:00.01 ovsdb-serv+
  709 root      20   0   22564   5996   5248 S   0,0  0,0   0:00.00 tcpdump
  710 root      20   0   22564   6128   5380 S   0,0  0,0   0:00.01 tcpdump
  711 root      20   0   22564   6176   5428 S   0,0  0,0   0:00.01 tcpdump
  712 root      20   0   22564   6180   5432 S   0,0  0,0   0:00.00 tcpdump
  713 root      20   0   22564   5988   5236 S   0,0  0,0   0:00.01 tcpdump
  714 root      20   0   22564   6240   5352 S   0,0  0,0   0:00.00 tcpdump
  715 root      20   0   22564   6268   5384 S   0,0  0,0   0:00.00 tcpdump
  556 root      20   0  985436 138360   8912 S   1,0  0,8   0:02.88 ovs-vswitc+
  629 root      20   0  985456 138640   8912 S   1,0  0,9   0:02.14 ovs-vswitc+
  446 root      10 -10   20924   4992   4240 S   0,0  0,0   0:00.00 ovsdb-serv+
  486 root      10 -10   26456   9856   8912 S   0,0  0,1   0:00.00 ovs-vswitc+
  552 root      20   0   20912   5000   4220 S   0,0  0,0   0:00.01 ovsdb-serv+
  624 root      20   0   20912   4964   4180 S   0,0  0,0   0:00.01 ovsdb-serv+
  709 root      20   0   22564   5996   5248 S   0,0  0,0   0:00.00 tcpdump
  710 root      20   0   22564   6128   5380 S   0,0  0,0   0:00.01 tcpdump
  711 root      20   0   22564   6176   5428 S   0,0  0,0   0:00.01 tcpdump
  712 root      20   0   22564   6180   5432 S   0,0  0,0   0:00.00 tcpdump
  713 root      20   0   22564   5988   5236 S   0,0  0,0   0:00.01 tcpdump
  714 root      20   0   22564   6240   5352 S   0,0  0,0   0:00.00 tcpdump
  715 root      20   0   22564   6268   5384 S   0,0  0,0   0:00.00 tcpdump
  556 root      20   0  985436 138360   8912 S   1,0  0,8   0:02.89 ovs-vswitc+
  629 root      20   0  985456 138640   8912 S   1,0  0,9   0:02.15 ovs-vswitc+
  446 root      10 -10   20924   4992   4240 S   0,0  0,0   0:00.00 ovsdb-serv+
  486 root      10 -10   26456   9856   8912 S   0,0  0,1   0:00.00 ovs-vswitc+
  552 root      20   0   20912   5000   4220 S   0,0  0,0   0:00.01 ovsdb-serv+
  624 root      20   0   20912   4964   4180 S   0,0  0,0   0:00.01 ovsdb-serv+
  709 root      20   0   22564   5996   5248 S   0,0  0,0   0:00.00 tcpdump
  710 root      20   0   22564   6128   5380 S   0,0  0,0   0:00.01 tcpdump
  711 root      20   0   22564   6176   5428 S   0,0  0,0   0:00.01 tcpdump
  712 root      20   0   22564   6180   5432 S   0,0  0,0   0:00.00 tcpdump
  713 root      20   0   22564   5988   5236 S   0,0  0,0   0:00.01 tcpdump
  714 root      20   0   22564   6240   5352 S   0,0  0,0   0:00.00 tcpdump
  715 root      20   0   22564   6268   5384 S   0,0  0,0   0:00.00 tcpdump
  629 root      20   0  985456 138640   8912 S   2,0  0,9   0:02.17 ovs-vswitc+
  556 root      20   0  985436 138360   8912 S   1,0  0,8   0:02.90 ovs-vswitc+
  446 root      10 -10   20924   4992   4240 S   0,0  0,0   0:00.00 ovsdb-serv+
  486 root      10 -10   26456   9856   8912 S   0,0  0,1   0:00.00 ovs-vswitc+
  552 root      20   0   20912   5000   4220 S   0,0  0,0   0:00.01 ovsdb-serv+
  624 root      20   0   20912   4964   4180 S   0,0  0,0   0:00.01 ovsdb-serv+
  709 root      20   0   22564   5996   5248 S   0,0  0,0   0:00.00 tcpdump
  710 root      20   0   22564   6128   5380 S   0,0  0,0   0:00.01 tcpdump
  711 root      20   0   22564   6176   5428 S   0,0  0,0   0:00.01 tcpdump
  712 root      20   0   22564   6180   5432 S   0,0  0,0   0:00.00 tcpdump
  713 root      20   0   22564   5988   5236 S   0,0  0,0   0:00.01 tcpdump
  714 root      20   0   22564   6240   5352 S   0,0  0,0   0:00.00 tcpdump
  715 root      20   0   22564   6268   5384 S   0,0  0,0   0:00.00 tcpdump
  556 root      20   0  985436 138360   8912 S   1,0  0,8   0:02.91 ovs-vswitc+
  629 root      20   0  985456 138640   8912 S   1,0  0,9   0:02.18 ovs-vswitc+
  446 root      10 -10   20924   4992   4240 S   0,0  0,0   0:00.00 ovsdb-serv+
  486 root      10 -10   26456   9856   8912 S   0,0  0,1   0:00.00 ovs-vswitc+
  552 root      20   0   20912   5000   4220 S   0,0  0,0   0:00.01 ovsdb-serv+
  624 root      20   0   20912   4964   4180 S   0,0  0,0   0:00.01 ovsdb-serv+
  709 root      20   0   22564   5996   5248 S   0,0  0,0   0:00.00 tcpdump
  710 root      20   0   22564   6128   5380 S   0,0  0,0   0:00.01 tcpdump
  711 root      20   0   22564   6176   5428 S   0,0  0,0   0:00.01 tcpdump
  712 root      20   0   22564   6180   5432 S   0,0  0,0   0:00.00 tcpdump
  713 root      20   0   22564   5988   5236 S   0,0  0,0   0:00.01 tcpdump
  714 root      20   0   22564   6240   5352 S   0,0  0,0   0:00.00 tcpdump
  715 root      20   0   22564   6268   5384 S   0,0  0,0   0:00.00 tcpdump
  556 root      20   0  985436 138360   8912 S   1,0  0,8   0:02.92 ovs-vswitc+
  446 root      10 -10   20924   4992   4240 S   0,0  0,0   0:00.00 ovsdb-serv+
  486 root      10 -10   26456   9856   8912 S   0,0  0,1   0:00.00 ovs-vswitc+
  552 root      20   0   20912   5000   4220 S   0,0  0,0   0:00.01 ovsdb-serv+
  624 root      20   0   20912   4964   4180 S   0,0  0,0   0:00.01 ovsdb-serv+
  629 root      20   0  985456 138640   8912 S   0,0  0,9   0:02.18 ovs-vswitc+
  709 root      20   0   22564   5996   5248 S   0,0  0,0   0:00.00 tcpdump
  710 root      20   0   22564   6128   5380 S   0,0  0,0   0:00.01 tcpdump
  711 root      20   0   22564   6176   5428 S   0,0  0,0   0:00.01 tcpdump
  712 root      20   0   22564   6180   5432 S   0,0  0,0   0:00.00 tcpdump
  713 root      20   0   22564   5988   5236 S   0,0  0,0   0:00.01 tcpdump
  714 root      20   0   22564   6240   5352 S   0,0  0,0   0:00.00 tcpdump
  715 root      20   0   22564   6268   5384 S   0,0  0,0   0:00.00 tcpdump
  556 root      20   0  985436 138360   8912 S   1,0  0,8   0:02.93 ovs-vswitc+
  629 root      20   0  985456 138640   8912 S   1,0  0,9   0:02.19 ovs-vswitc+
  446 root      10 -10   20924   4992   4240 S   0,0  0,0   0:00.00 ovsdb-serv+
  486 root      10 -10   26456   9856   8912 S   0,0  0,1   0:00.00 ovs-vswitc+
  552 root      20   0   20912   5000   4220 S   0,0  0,0   0:00.01 ovsdb-serv+
  624 root      20   0   20912   4964   4180 S   0,0  0,0   0:00.01 ovsdb-serv+
  709 root      20   0   22564   5996   5248 S   0,0  0,0   0:00.00 tcpdump
  710 root      20   0   22564   6128   5380 S   0,0  0,0   0:00.01 tcpdump
  711 root      20   0   22564   6176   5428 S   0,0  0,0   0:00.01 tcpdump
  712 root      20   0   22564   6180   5432 S   0,0  0,0   0:00.00 tcpdump
  713 root      20   0   22564   5988   5236 S   0,0  0,0   0:00.01 tcpdump
  714 root      20   0   22564   6240   5352 S   0,0  0,0   0:00.00 tcpdump
  715 root      20   0   22564   6268   5384 S   0,0  0,0   0:00.00 tcpdump
  556 root      20   0  985436 138360   8912 S   1,0  0,8   0:02.94 ovs-vswitc+
  629 root      20   0  985456 138640   8912 S   1,0  0,9   0:02.20 ovs-vswitc+
  446 root      10 -10   20924   4992   4240 S   0,0  0,0   0:00.00 ovsdb-serv+
  486 root      10 -10   26456   9856   8912 S   0,0  0,1   0:00.00 ovs-vswitc+
  552 root      20   0   20912   5000   4220 S   0,0  0,0   0:00.01 ovsdb-serv+
  624 root      20   0   20912   4964   4180 S   0,0  0,0   0:00.01 ovsdb-serv+
  709 root      20   0   22564   5996   5248 S   0,0  0,0   0:00.00 tcpdump
  710 root      20   0   22564   6128   5380 S   0,0  0,0   0:00.01 tcpdump
  711 root      20   0   22564   6176   5428 S   0,0  0,0   0:00.01 tcpdump
  712 root      20   0   22564   6180   5432 S   0,0  0,0   0:00.00 tcpdump
  713 root      20   0   22564   5988   5236 S   0,0  0,0   0:00.01 tcpdump
  714 root      20   0   22564   6240   5352 S   0,0  0,0   0:00.00 tcpdump
  715 root      20   0   22564   6268   5384 S   0,0  0,0   0:00.00 tcpdump
  556 root      20   0  985436 138360   8912 S   2,0  0,8   0:02.96 ovs-vswitc+
  629 root      20   0  985456 138640   8912 S   1,0  0,9   0:02.21 ovs-vswitc+
  446 root      10 -10   20924   4992   4240 S   0,0  0,0   0:00.00 ovsdb-serv+
  486 root      10 -10   26456   9856   8912 S   0,0  0,1   0:00.00 ovs-vswitc+
  552 root      20   0   20912   5000   4220 S   0,0  0,0   0:00.01 ovsdb-serv+
  624 root      20   0   20912   4964   4180 S   0,0  0,0   0:00.01 ovsdb-serv+
  709 root      20   0   22564   5996   5248 S   0,0  0,0   0:00.00 tcpdump
  710 root      20   0   22564   6128   5380 S   0,0  0,0   0:00.01 tcpdump
  711 root      20   0   22564   6176   5428 S   0,0  0,0   0:00.01 tcpdump
  712 root      20   0   22564   6180   5432 S   0,0  0,0   0:00.00 tcpdump
  713 root      20   0   22564   5988   5236 S   0,0  0,0   0:00.01 tcpdump
  714 root      20   0   22564   6240   5352 S   0,0  0,0   0:00.00 tcpdump
  715 root      20   0   22564   6268   5384 S   0,0  0,0   0:00.00 tcpdump
  552 root      20   0   20912   5000   4220 S   1,0  0,0   0:00.02 ovsdb-serv+
  556 root      20   0  985436 138360   8912 S   1,0  0,8   0:02.97 ovs-vswitc+
  629 root      20   0  985456 138640   8912 S   1,0  0,9   0:02.22 ovs-vswitc+
  446 root      10 -10   20924   4992   4240 S   0,0  0,0   0:00.00 ovsdb-serv+
  486 root      10 -10   26456   9856   8912 S   0,0  0,1   0:00.00 ovs-vswitc+
  624 root      20   0   20912   4964   4180 S   0,0  0,0   0:00.01 ovsdb-serv+
  709 root      20   0   22564   5996   5248 S   0,0  0,0   0:00.00 tcpdump
  710 root      20   0   22564   6128   5380 S   0,0  0,0   0:00.01 tcpdump
  711 root      20   0   22564   6176   5428 S   0,0  0,0   0:00.01 tcpdump
  712 root      20   0   22564   6180   5432 S   0,0  0,0   0:00.00 tcpdump
  713 root      20   0   22564   5988   5236 S   0,0  0,0   0:00.01 tcpdump
  714 root      20   0   22564   6240   5352 S   0,0  0,0   0:00.00 tcpdump
  715 root      20   0   22564   6268   5384 S   0,0  0,0   0:00.00 tcpdump
  629 root      20   0  985456 138640   8912 S   2,0  0,9   0:02.24 ovs-vswitc+
  556 root      20   0  985436 138360   8912 S   1,0  0,8   0:02.98 ovs-vswitc+
  446 root      10 -10   20924   4992   4240 S   0,0  0,0   0:00.00 ovsdb-serv+
  486 root      10 -10   26456   9856   8912 S   0,0  0,1   0:00.00 ovs-vswitc+
  552 root      20   0   20912   5000   4220 S   0,0  0,0   0:00.02 ovsdb-serv+
  624 root      20   0   20912   4964   4180 S   0,0  0,0   0:00.01 ovsdb-serv+
  709 root      20   0   22564   5996   5248 S   0,0  0,0   0:00.00 tcpdump
  710 root      20   0   22564   6128   5380 S   0,0  0,0   0:00.01 tcpdump
  711 root      20   0   22564   6176   5428 S   0,0  0,0   0:00.01 tcpdump
  712 root      20   0   22564   6180   5432 S   0,0  0,0   0:00.00 tcpdump
  713 root      20   0   22564   5988   5236 S   0,0  0,0   0:00.01 tcpdump
  714 root      20   0   22564   6240   5352 S   0,0  0,0   0:00.00 tcpdump
  715 root      20   0   22564   6268   5384 S   0,0  0,0   0:00.00 tcpdump
  556 root      20   0  985436 138360   8912 S   1,0  0,8   0:02.99 ovs-vswitc+
  446 root      10 -10   20924   4992   4240 S   0,0  0,0   0:00.00 ovsdb-serv+
  486 root      10 -10   26456   9856   8912 S   0,0  0,1   0:00.00 ovs-vswitc+
  552 root      20   0   20912   5000   4220 S   0,0  0,0   0:00.02 ovsdb-serv+
  624 root      20   0   20912   4964   4180 S   0,0  0,0   0:00.01 ovsdb-serv+
  629 root      20   0  985456 138640   8912 S   0,0  0,9   0:02.24 ovs-vswitc+
  709 root      20   0   22564   5996   5248 S   0,0  0,0   0:00.00 tcpdump
  710 root      20   0   22564   6128   5380 S   0,0  0,0   0:00.01 tcpdump
  711 root      20   0   22564   6176   5428 S   0,0  0,0   0:00.01 tcpdump
  712 root      20   0   22564   6180   5432 S   0,0  0,0   0:00.00 tcpdump
  713 root      20   0   22564   5988   5236 S   0,0  0,0   0:00.01 tcpdump
  714 root      20   0   22564   6240   5352 S   0,0  0,0   0:00.00 tcpdump
  715 root      20   0   22564   6268   5384 S   0,0  0,0   0:00.00 tcpdump
  556 root      20   0  985436 138360   8912 S   1,0  0,8   0:03.00 ovs-vswitc+
  629 root      20   0  985456 138640   8912 S   1,0  0,9   0:02.25 ovs-vswitc+
  446 root      10 -10   20924   4992   4240 S   0,0  0,0   0:00.00 ovsdb-serv+
  486 root      10 -10   26456   9856   8912 S   0,0  0,1   0:00.00 ovs-vswitc+
  552 root      20   0   20912   5000   4220 S   0,0  0,0   0:00.02 ovsdb-serv+
  624 root      20   0   20912   4964   4180 S   0,0  0,0   0:00.01 ovsdb-serv+
  709 root      20   0   22564   5996   5248 S   0,0  0,0   0:00.00 tcpdump
  710 root      20   0   22564   6128   5380 S   0,0  0,0   0:00.01 