24133 root      20   0  985300 118368   8912 S  18,8  0,7   0:00.16 ovs-vswitc+
24203 root      20   0  985300 118368   8912 S  18,8  0,7   0:00.13 ovs-vswitc+
24199 root      20   0   20912   4964   4184 S   6,2  0,0   0:00.01 ovsdb-serv+
24029 root      10 -10   20924   4920   4168 S   0,0  0,0   0:00.00 ovsdb-serv+
24068 root      10 -10   26456   9856   8912 S   0,0  0,1   0:00.00 ovs-vswitc+
24129 root      20   0   20912   4992   4212 S   0,0  0,0   0:00.01 ovsdb-serv+
24278 root      20   0   22564   6000   5252 S   0,0  0,0   0:00.00 tcpdump
24279 root      20   0   22564   5976   5228 S   0,0  0,0   0:00.00 tcpdump
24280 root      20   0   22564   6052   5304 S   0,0  0,0   0:00.00 tcpdump
24281 root      20   0   22564   6052   5304 S   0,0  0,0   0:00.00 tcpdump
24282 root      20   0   22564   5992   5244 S   0,0  0,0   0:00.00 tcpdump
24283 root      20   0   22564   6212   5320 S   0,0  0,0   0:00.00 tcpdump
24284 root      20   0   22564   6212   5324 S   0,0  0,0   0:00.00 tcpdump
24133 root      20   0  985300 118368   8912 S   1,0  0,7   0:00.17 ovs-vswitc+
24029 root      10 -10   20924   4920   4168 S   0,0  0,0   0:00.00 ovsdb-serv+
24068 root      10 -10   26456   9856   8912 S   0,0  0,1   0:00.00 ovs-vswitc+
24129 root      20   0   20912   4992   4212 S   0,0  0,0   0:00.01 ovsdb-serv+
24199 root      20   0   20912   4964   4184 S   0,0  0,0   0:00.01 ovsdb-serv+
24203 root      20   0  985300 118368   8912 S   0,0  0,7   0:00.13 ovs-vswitc+
24278 root      20   0   22564   6000   5252 S   0,0  0,0   0:00.00 tcpdump
24279 root      20   0   22564   5976   5228 S   0,0  0,0   0:00.00 tcpdump
24280 root      20   0   22564   6052   5304 S   0,0  0,0   0:00.00 tcpdump
24281 root      20   0   22564   6052   5304 S   0,0  0,0   0:00.00 tcpdump
24282 root      20   0   22564   5992   5244 S   0,0  0,0   0:00.00 tcpdump
24283 root      20   0   22564   6212   5320 S   0,0  0,0   0:00.00 tcpdump
24284 root      20   0   22564   6212   5324 S   0,0  0,0   0:00.00 tcpdump
24203 root      20   0  985300 118368   8912 S   2,0  0,7   0:00.15 ovs-vswitc+
24133 root      20   0  985300 118368   8912 S   1,0  0,7   0:00.18 ovs-vswitc+
24029 root      10 -10   20924   4920   4168 S   0,0  0,0   0:00.00 ovsdb-serv+
24068 root      10 -10   26456   9856   8912 S   0,0  0,1   0:00.00 ovs-vswitc+
24129 root      20   0   20912   4992   4212 S   0,0  0,0   0:00.01 ovsdb-serv+
24199 root      20   0   20912   4964   4184 S   0,0  0,0   0:00.01 ovsdb-serv+
24278 root      20   0   22564   6000   5252 S   0,0  0,0   0:00.00 tcpdump
24279 root      20   0   22564   5976   5228 S   0,0  0,0   0:00.00 tcpdump
24280 root      20   0   22564   6052   5304 S   0,0  0,0   0:00.00 tcpdump
24281 root      20   0   22564   6052   5304 S   0,0  0,0   0:00.00 tcpdump
24282 root      20   0   22564   5992   5244 S   0,0  0,0   0:00.00 tcpdump
24283 root      20   0   22564   6212   5320 S   0,0  0,0   0:00.00 tcpdump
24284 root      20   0   22564   6212   5324 S   0,0  0,0   0:00.00 tcpdump
24133 root      20   0  985300 118368   8912 S   1,0  0,7   0:00.19 ovs-vswitc+
24203 root      20   0  985300 118368   8912 S   1,0  0,7   0:00.16 ovs-vswitc+
24029 root      10 -10   20924   4920   4168 S   0,0  0,0   0:00.00 ovsdb-serv+
24068 root      10 -10   26456   9856   8912 S   0,0  0,1   0:00.00 ovs-vswitc+
24129 root      20   0   20912   4992   4212 S   0,0  0,0   0:00.01 ovsdb-serv+
24199 root      20   0   20912   4964   4184 S   0,0  0,0   0:00.01 ovsdb-serv+
24278 root      20   0   22564   6000   5252 S   0,0  0,0   0:00.00 tcpdump
24279 root      20   0   22564   5976   5228 S   0,0  0,0   0:00.00 tcpdump
24280 root      20   0   22564   6052   5304 S   0,0  0,0   0:00.00 tcpdump
24281 root      20   0   22564   6052   5304 S   0,0  0,0   0:00.00 tcpdump
24282 root      20   0   22564   5992   5244 S   0,0  0,0   0:00.00 tcpdump
24283 root      20   0   22564   6212   5320 S   0,0  0,0   0:00.00 tcpdump
24284 root      20   0   22564   6212   5324 S   0,0  0,0   0:00.00 tcpdump
24203 root      20   0  985300 118368   8912 S   2,0  0,7   0:00.18 ovs-vswitc+
24029 root      10 -10   20924   4920   4168 S   0,0  0,0   0:00.00 ovsdb-serv+
24068 root      10 -10   26456   9856   8912 S   0,0  0,1   0:00.00 ovs-vswitc+
24129 root      20   0   20912   4992   4212 S   0,0  0,0   0:00.01 ovsdb-serv+
24133 root      20   0  985300 118368   8912 S   0,0  0,7   0:00.19 ovs-vswitc+
24199 root      20   0   20912   4964   4184 S   0,0  0,0   0:00.01 ovsdb-serv+
24278 root      20   0   22564   6000   5252 S   0,0  0,0   0:00.00 tcpdump
24279 root      20   0   22564   5976   5228 S   0,0  0,0   0:00.00 tcpdump
24280 root      20   0   22564   6052   5304 S   0,0  0,0   0:00.00 tcpdump
24281 root      20   0   22564   6052   5304 S   0,0  0,0   0:00.00 tcpdump
24282 root      20   0   22564   5992   5244 S   0,0  0,0   0:00.00 tcpdump
24283 root      20   0   22564   6212   5320 S   0,0  0,0   0:00.00 tcpdump
24284 root      20   0   22564   6212   5324 S   0,0  0,0   0:00.00 tcpdump
24029 root      10 -10   20924   4920   4168 S   0,0  0,0   0:00.00 ovsdb-serv+
24068 root      10 -10   26456   9856   8912 S   0,0  0,1   0:00.00 ovs-vswitc+
24129 root      20   0   20912   4992   4212 S   0,0  0,0   0:00.01 ovsdb-serv+
24133 root      20   0  985300 118368   8912 S   0,0  0,7   0:00.19 ovs-vswitc+
24199 root      20   0   20912   4964   4184 S   0,0  0,0   0:00.01 ovsdb-serv+
24203 root      20   0  985300 118368   8912 S   0,0  0,7   0:00.18 ovs-vswitc+
24278 root      20   0   22564   6000   5252 S   0,0  0,0   0:00.00 tcpdump
24279 root      20   0   22564   5976   5228 S   0,0  0,0   0:00.00 tcpdump
24280 root      20   0   22564   6052   5304 S   0,0  0,0   0:00.00 tcpdump
24281 root      20   0   22564   6052   5304 S   0,0  0,0   0:00.00 tcpdump
24282 root      20   0   22564   5992   5244 S   0,0  0,0   0:00.00 tcpdump
24283 root      20   0   22564   6212   5320 S   0,0  0,0   0:00.00 tcpdump
24284 root      20   0   22564   6212   5324 S   0,0  0,0   0:00.00 tcpdump
24133 root      20   0  985300 118368   8912 S   2,0  0,7   0:00.21 ovs-vswitc+
24029 root      10 -10   20924   4920   4168 S   0,0  0,0   0:00.00 ovsdb-serv+
24068 root      10 -10   26456   9856   8912 S   0,0  0,1   0:00.00 ovs-vswitc+
24129 root      20   0   20912   4992   4212 S   0,0  0,0   0:00.01 ovsdb-serv+
24199 root      20   0   20912   4964   4184 S   0,0  0,0   0:00.01 ovsdb-serv+
24203 root      20   0  985300 118368   8912 S   0,0  0,7   0:00.18 ovs-vswitc+
24278 root      20   0   22564   6000   5252 S   0,0  0,0   0:00.00 tcpdump
24279 root      20   0   22564   5976   5228 S   0,0  0,0   0:00.00 tcpdump
24280 root      20   0   22564   6052   5304 S   0,0  0,0   0:00.00 tcpdump
24281 root      20   0   22564   6052   5304 S   0,0  0,0   0:00.00 tcpdump
24282 root      20   0   22564   5992   5244 S   0,0  0,0   0:00.00 tcpdump
24283 root      20   0   22564   6212   5320 S   0,0  0,0   0:00.00 tcpdump
24284 root      20   0   22564   6212   5324 S   0,0  0,0   0:00.00 tcpdump
24133 root      20   0  985300 118368   8912 S   1,0  0,7   0:00.22 ovs-vswitc+
24203 root      20   0  985300 118368   8912 S   1,0  0,7   0:00.19 ovs-vswitc+
24029 root      10 -10   20924   4920   4168 S   0,0  0,0   0:00.00 ovsdb-serv+
24068 root      10 -10   26456   9856   8912 S   0,0  0,1   0:00.00 ovs-vswitc+
24129 root      20   0   20912   4992   4212 S   0,0  0,0   0:00.01 ovsdb-serv+
24199 root      20   0   20912   4964   4184 S   0,0  0,0   0:00.01 ovsdb-serv+
24278 root      20   0   22564   6000   5252 S   0,0  0,0   0:00.00 tcpdump
24279 root      20   0   22564   5976   5228 S   0,0  0,0   0:00.00 tcpdump
24280 root      20   0   22564   6052   5304 S   0,0  0,0   0:00.00 tcpdump
24281 root      20   0   22564   6052   5304 S   0,0  0,0   0:00.00 tcpdump
24282 root      20   0   22564   5992   5244 S   0,0  0,0   0:00.00 tcpdump
24283 root      20   0   22564   6212   5320 S   0,0  0,0   0:00.00 tcpdump
24284 root      20   0   22564   6212   5324 S   0,0  0,0   0:00.00 tcpdump
24203 root      20   0  985416 118552   8912 S   2,0  0,7   0:00.21 ovs-vswitc+
24029 root      10 -10   20924   4920   4168 S   0,0  0,0   0:00.00 ovsdb-serv+
24068 root      10 -10   26456   9856   8912 S   0,0  0,1   0:00.00 ovs-vswitc+
24129 root      20   0   20912   4992   4212 S   0,0  0,0   0:00.01 ovsdb-serv+
24133 root      20   0  985300 118368   8912 S   0,0  0,7   0:00.22 ovs-vswitc+
24199 root      20   0   20912   4964   4184 S   0,0  0,0   0:00.01 ovsdb-serv+
24278 root      20   0   22564   6000   5252 S   0,0  0,0   0:00.00 tcpdump
24279 root      20   0   22564   5976   5228 S   0,0  0,0   0:00.00 tcpdump
24280 root      20   0   22564   6052   5304 S   0,0  0,0   0:00.00 tcpdump
24281 root      20   0   22564   6052   5304 S   0,0  0,0   0:00.00 tcpdump
24282 root      20   0   22564   5992   5244 S   0,0  0,0   0:00.00 tcpdump
24283 root      20   0   22564   6212   5320 S   0,0  0,0   0:00.00 tcpdump
24284 root      20   0   22564   6212   5324 S   0,0  0,0   0:00.00 tcpdump
24133 root      20   0  985300 118368   8912 S   1,0  0,7   0:00.23 ovs-vswitc+
24029 root      10 -10   20924   4920   4168 S   0,0  0,0   0:00.00 ovsdb-serv+
24068 root      10 -10   26456   9856   8912 S   0,0  0,1   0:00.00 ovs-vswitc+
24129 root      20   0   20912   4992   4212 S   0,0  0,0   0:00.01 ovsdb-serv+
24199 root      20   0   20912   4964   4184 S   0,0  0,0   0:00.01 ovsdb-serv+
24203 root      20   0  985416 118552   8912 S   0,0  0,7   0:00.21 ovs-vswitc+
24278 root      20   0   22564   6000   5252 S   0,0  0,0   0:00.00 tcpdump
24279 root      20   0   22564   5976   5228 S   0,0  0,0   0:00.00 tcpdump
24280 root      20   0   22564   6052   5304 S   0,0  0,0   0:00.00 tcpdump
24281 root      20   0   22564   6052   5304 S   0,0  0,0   0:00.00 tcpdump
24282 root      20   0   22564   5992   5244 S   0,0  0,0   0:00.00 tcpdump
24283 root      20   0   22564   6212   5320 S   0,0  0,0   0:00.00 tcpdump
24284 root      20   0   22564   6212   5324 S   0,0  0,0   0:00.00 tcpdump
24203 root      20   0  985416 118552   8912 S   2,0  0,7   0:00.23 ovs-vswitc+
24133 root      20   0  985300 118368   8912 S   1,0  0,7   0:00.24 ovs-vswitc+
24029 root      10 -10   20924   4920   4168 S   0,0  0,0   0:00.00 ovsdb-serv+
24068 root      10 -10   26456   9856   8912 S   0,0  0,1   0:00.00 ovs-vswitc+
24129 root      20   0   20912   4992   4212 S   0,0  0,0   0:00.01 ovsdb-serv+
24199 root      20   0   20912   4964   4184 S   0,0  0,0   0:00.01 ovsdb-serv+
24278 root      20   0   22564   6000   5252 S   0,0  0,0   0:00.00 tcpdump
24279 root      20   0   22564   5976   5228 S   0,0  0,0   0:00.00 tcpdump
24280 root      20   0   22564   6052   5304 S   0,0  0,0   0:00.00 tcpdump
24281 root      20   0   22564   6052   5304 S   0,0  0,0   0:00.00 tcpdump
24282 root      20   0   22564   5992   5244 S   0,0  0,0   0:00.00 tcpdump
24283 root      20   0   22564   6212   5320 S   0,0  0,0   0:00.00 tcpdump
24284 root      20   0   22564   6212   5324 S   0,0  0,0   0:00.00 tcpdump
24203 root      20   0  985416 118552   8912 S   2,0  0,7   0:00.25 ovs-vswitc+
24133 root      20   0  985300 118368   8912 S   1,0  0,7   0:00.25 ovs-vswitc+
24029 root      10 -10   20924   4920   4168 S   0,0  0,0   0:00.00 ovsdb-serv+
24068 root      10 -10   26456   9856   8912 S   0,0  0,1   0:00.00 ovs-vswitc+
24129 root      20   0   20912   4992   4212 S   0,0  0,0   0:00.01 ovsdb-serv+
24199 root      20   0   20912   4964   4184 S   0,0  0,0   0:00.01 ovsdb-serv+
24278 root      20   0   22564   6000   5252 S   0,0  0,0   0:00.00 tcpdump
24279 root      20   0   22564   5976   5228 S   0,0  0,0   0:00.00 tcpdump
24280 root      20   0   22564   6052   5304 S   0,0  0,0   0:00.00 tcpdump
24281 root      20   0   22564   6052   5304 S   0,0  0,0   0:00.00 tcpdump
24282 root      20   0   22564   5992   5244 S   0,0  0,0   0:00.00 tcpdump
24283 root      20   0   22564   6212   5320 S   0,0  0,0   0:00.00 tcpdump
24284 root      20   0   22564   6212   5324 S   0,0  0,0   0:00.00 tcpdump
24133 root      20   0  985300 118368   8912 S   1,0  0,7   0:00.26 ovs-vswitc+
24203 root      20   0  985416 118552   8912 S   1,0  0,7   0:00.26 ovs-vswitc+
24029 root      10 -10   20924   4920   4168 S   0,0  0,0   0:00.00 ovsdb-serv+
24068 root      10 -10   26456   9856   8912 S   0,0  0,1   0:00.00 ovs-vswitc+
24129 root      20   0   20912   4992   4212 S   0,0  0,0   0:00.01 ovsdb-serv+
24199 root      20   0   20912   4964   4184 S   0,0  0,0   0:00.01 ovsdb-serv+
24278 root      20   0   22564   6000   5252 S   0,0  0,0   0:00.00 tcpdump
24279 root      20   0   22564   5976   5228 S   0,0  0,0   0:00.00 tcpdump
24280 root      20   0   22564   6052   5304 S   0,0  0,0   0:00.00 tcpdump
24281 root      20   0   22564   6052   5304 S   0,0  0,0   0:00.00 tcpdump
24282 root      20   0   22564   5992   5244 S   0,0  0,0   0:00.00 tcpdump
24283 root      20   0   22564   6212   5320 S   0,0  0,0   0:00.00 tcpdump
24284 root      20   0   22564   6212   5324 S   0,0  0,0   0:00.00 tcpdump
24029 root      10 -10   20924   4920   4168 S   0,0  0,0   0:00.00 ovsdb-serv+
24068 root      10 -10   26456   9856   8912 S   0,0  0,1   0:00.00 ovs-vswitc+
24129 root      20   0   20912   4992   4212 S   0,0  0,0   0:00.01 ovsdb-serv+
24133 root      20   0  985300 118368   8912 S   0,0  0,7   0:00.26 ovs-vswitc+
24199 root      20   0   20912   4964   4184 S   0,0  0,0   0:00.01 ovsdb-serv+
24203 root      20   0  985416 118552   8912 S   0,0  0,7   0:00.26 ovs-vswitc+
24278 root      20   0   22564   6000   5252 S   0,0  0,0   0:00.00 tcpdump
24279 root      20   0   22564   5976   5228 S   0,0  0,0   0:00.00 tcpdump
24280 root      20   0   22564   6052   5304 S   0,0  0,0   0:00.00 tcpdump
24281 root      20   0   22564   6052   5304 S   0,0  0,0   0:00.00 tcpdump
24282 root      20   0   22564   5992   5244 S   0,0  0,0   0:00.00 tcpdump
24283 root      20   0   22564   6212   5320 S   0,0  0,0   0:00.00 tcpdump
24284 root      20   0   22564   6212   5324 S   0,0  0,0   0:00.00 tcpdump
24203 root      20   0  985416 118552   8912 S   2,0  0,7   0:00.28 ovs-vswitc+
24133 root      20   0  985300 118368   8912 S   1,0  0,7   0:00.27 ovs-vswitc+
24029 root      10 -10   20924   4920   4168 S   0,0  0,0   0:00.00 ovsdb-serv+
24068 root      10 -10   26456   9856   8912 S   0,0  0,1   0:00.00 ovs-vswitc+
24129 root      20   0   20912   4992   4212 S   0,0  0,0   0:00.01 ovsdb-serv+
24199 root      20   0   20912   4964   4184 S   0,0  0,0   0:00.01 ovsdb-serv+
24278 root      20   0   22564   6000   5252 S   0,0  0,0   0:00.00 tcpdump
24279 root      20   0   22564   5976   5228 S   0,0  0,0   0:00.00 tcpdump
24280 root      20   0   22564   6052   5304 S   0,0  0,0   0:00.00 tcpdump
24281 root      20   0   22564   6052   5304 S   0,0  0,0   0:00.00 tcpdump
24282 root      20   0   22564   5992   5244 S   0,0  0,0   0:00.00 tcpdump
24283 root      20   0   22564   6212   5320 S   0,0  0,0   0:00.00 tcpdump
24284 root      20   0   22564   6212   5324 S   0,0  0,0   0:00.00 tcpdump
24133 root      20   0  985300 118368   8912 S   1,0  0,7   0:00.28 ovs-vswitc+
24203 root      20   0  985416 118552   8912 S   1,0  0,7   0:00.29 ovs-vswitc+
24029 root      10 -10   20924   4920   4168 S   0,0  0,0   0:00.00 ovsdb-serv+
24068 root      10 -10   26456   9856   8912 S   0,0  0,1   0:00.00 ovs-vswitc+
24129 root      20   0   20912   4992   4212 S   0,0  0,0   0:00.01 ovsdb-serv+
24199 root      20   0   20912   4964   4184 S   0,0  0,0   0:00.01 ovsdb-serv+
24278 root      20   0   22564   6000   5252 S   0,0  0,0   0:00.00 tcpdump
24279 root      20   0   22564   5976   5228 S   0,0  0,0   0:00.00 tcpdump
24280 root      20   0   22564   6052   5304 S   0,0  0,0   0:00.00 tcpdump
24281 root      20   0   22564   6052   5304 S   0,0  0,0   0:00.00 tcpdump
24282 root      20   0   22564   5992   5244 S   0,0  0,0   0:00.00 tcpdump
24283 root      20   0   22564   6212   5320 S   0,0  0,0   0:00.00 tcpdump
24284 root      20   0   22564   6212   5324 S   0,0  0,0   0:00.00 tcpdump
24133 root      20   0  985300 118368   8912 S   1,0  0,7   0:00.29 ovs-vswitc+
24029 root      10 -10   20924   4920   4168 S   0,0  0,0   0:00.00 ovsdb-serv+
24068 root      10 -10   26456   9856   8912 S   0,0  0,1   0:00.00 ovs-vswitc+
24129 root      20   0   20912   4992   4212 S   0,0  0,0   0:00.01 ovsdb-serv+
24199 root      20   0   20912   4964   4184 S   0,0  0,0   0:00.01 ovsdb-serv+
24203 root      20   0  985416 118552   8912 S   0,0  0,7   0:00.29 ovs-vswitc+
24278 root      20   0   22564   6000   5252 S   0,0  0,0   0:00.00 tcpdump
24279 root      20   0   22564   5976   5228 S   0,0  0,0   0:00.00 tcpdump
24280 root      20   0   22564   6052   5304 S   0,0  0,0   0:00.00 tcpdump
24281 root      20   0   22564   6052   5304 S   0,0  0,0   0:00.00 tcpdump
24282 root      20   0   22564   5992   5244 S   0,0  0,0   0:00.00 tcpdump
24283 root      20   0   22564   6212   5320 S   0,0  0,0   0:00.00 tcpdump
24284 root      20   0   22564   6212   5324 S   0,0  0,0   0:00.00 tcpdump
24133 root      20   0  985300 118368   8912 S   1,0  0,7   0:00.30 ovs-vswitc+
24203 root      20   0  985416 118552   8912 S   1,0  0,7   0:00.30 ovs-vswitc+
24029 root      10 -10   20924   4920   4168 S   0,0  0,0   0:00.00 ovsdb-serv+
24068 root      10 -10   26456   9856   8912 S   0,0  0,1   0:00.00 ovs-vswitc+
24129 root      20   0   20912   4992   4212 S   0,0  0,0   0:00.01 ovsdb-serv+
24199 root      20   0   20912   4964   4184 S   0,0  0,0   0:00.01 ovsdb-serv+
24278 root      20   0   22564   6000   5252 S   0,0  0,0   0:00.00 tcpdump
24279 root      20   0   22564   5976   5228 S   0,0  0,0   0:00.00 tcpdump
24280 root      20   0   22564   6052   5304 S   0,0  0,0   0:00.00 tcpdump
24281 root      20   0   22564   6052   5304 S   0,0  0,0   0:00.00 tcpdump
24282 root      20   0   22564   5992   5244 S   0,0  0,0   0:00.00 tcpdump
24283 root      20   0   22564   6212   5320 S   0,0  0,0   0:00.00 tcpdump
24284 root      20   0   22564   6212   5324 S   0,0  0,0   0:00.00 tcpdump
24133 root      20   0  985412 118548   8912 S   1,0  0,7   0:00.31 ovs-vswitc+
24203 root      20   0  985416 118552   8912 S   1,0  0,7   0:00.31 ovs-vswitc+
24029 root      10 -10   20924   4920   4168 S   0,0  0,0   0:00.00 ovsdb-serv+
24068 root      10 -10   26456   9856   8912 S   0,0  0,1   0:00.00 ovs-vswitc+
24129 root      20   0   20912   4992   4212 S   0,0  0,0   0:00.01 ovsdb-serv+
24199 root      20   0   20912   4964   4184 S   0,0  0,0   0:00.01 ovsdb-serv+
24278 root      20   0   22564   6000   5252 S   0,0  0,0   0:00.00 tcpdump
24279 root      20   0   22564   5976   5228 S   0,0  0,0   0:00.00 tcpdump
24280 root      20   0   22564   6052   5304 S   0,0  0,0   0:00.00 tcpdump
24281 root      20   0   22564   6052   5304 S   0,0  0,0   0:00.00 tcpdump
24282 root      20   0   22564   5992   5244 S   0,0  0,0   0:00.00 tcpdump
24283 root      20   0   22564   6212   5320 S   0,0  0,0   0:00.00 tcpdump
24284 root      20   0   22564   6212   5324 S   0,0  0,0   0:00.00 tcpdump
24133 root      20   0  985412 118548   8912 S   1,0  0,7   0:00.32 ovs-vswitc+
24203 root      20   0  985416 118552   8912 S   1,0  0,7   0:00.32 ovs-vswitc+
24029 root      10 -10   20924   4920   4168 S   0,0  0,0   0:00.00 ovsdb-serv+
24068 root      10 -10   26456   9856   8912 S   0,0  0,1   0:00.00 ovs-vswitc+
24129 root      20   0   20912   4992   4212 S   0,0  0,0   0:00.01 ovsdb-serv+
24199 root      20   0   20912   4964   4184 S   0,0  0,0   0:00.01 ovsdb-serv+
24278 root      20   0   22564   6000   5252 S   0,0  0,0   0:00.00 tcpdump
24279 root      20   0   22564   5976   5228 S   0,0  0,0   0:00.00 tcpdump
24280 root      20   0   22564   6052   5304 S   0,0  0,0   0:00.00 tcpdump
24281 root      20   0   22564   6052   5304 S   0,0  0,0   0:00.00 tcpdump
24282 root      20   0   22564   5992   5244 S   0,0  0,0   0:00.00 tcpdump
24283 root      20   0   22564   6212   5320 S   0,0  0,0   0:00.00 tcpdump
24284 root      20   0   22564   6212   5324 S   0,0  0,0   0:00.00 tcpdump
24203 root      20   0  985416 118552   8912 S   2,9  0,7   0:00.35 ovs-vswitc+
24133 root      20   0  985412 118548   8912 S   1,0  0,7   0:00.33 ovs-vswitc+
24029 root      10 -10   20924   4920   4168 S   0,0  0,0   0:00.00 ovsdb-serv+
24068 root      10 -10   26456   9856   8912 S   0,0  0,1   0:00.00 ovs-vswitc+
24129 root      20   0   20912   4992   4212 S   0,0  0,0   0:00.01 ovsdb-serv+
24199 root      20   0   20912   4964   4184 S   0,0  0,0   0:00.01 ovsdb-serv+
24278 root      20   0   22564   6000   5252 S   0,0  0,0   0:00.00 tcpdump
24279 root      20   0   22564   5976   5228 S   0,0  0,0   0:00.00 tcpdump
24280 root      20   0   22564   6052   5304 S   0,0  0,0   0:00.00 tcpdump
24281 root      20   0   22564   6052   5304 S   0,0  0,0   0:00.00 tcpdump
24282 root      20   0   22564   5992   5244 S   0,0  0,0   0:00.00 tcpdump
24283 root      20   0   22564   6212   5320 S   0,0  0,0   0:00.00 tcpdump
24284 root      20   0   22564   6212   5324 S   0,0  0,0   0:00.00 tcpdump
24133 root      20   0  985412 118548   8912 S   1,0  0,7   0:00.34 ovs-vswitc+
24203 root      20   0  985416 118552   8912 S   1,0  0,7   0:00.36 ovs-vswitc+
24029 root      10 -10   20924   4920   4168 S   0,0  0,0   0:00.00 ovsdb-serv+
24068 root      10 -10   26456   9856   8912 S   0,0  0,1   0:00.00 ovs-vswitc+
24129 root      20   0   20912   4992   4212 S   0,0  0,0   0:00.01 ovsdb-serv+
24199 root      20   0   20912   4964   4184 S   0,0  0,0   0:00.01 ovsdb-serv+
24278 root      20   0   22564   6000   5252 S   0,0  0,0   0:00.00 tcpdump
24279 root      20   0   22564   5976   5228 S   0,0  0,0   0:00.00 tcpdump
24280 root      20   0   22564   6052   5304 S   0,0  0,0   0:00.00 tcpdump
24281 root      20   0   22564   6052   5304 S   0,0  0,0   0:00.00 tcpdump
24282 root      20   0   22564   5992   5244 S   0,0  0,0   0:00.00 tcpdump
24283 root      20   0   22564   6212   5320 S   0,0  0,0   0:00.00 tcpdump
24284 root      20   0   22564   6212   5324 S   0,0  0,0   0:00.00 tcpdump
24133 root      20   0  985412 118548   8912 S   1,0  0,7   0:00.35 ovs-vswitc+
24203 root      20   0  985416 118552   8912 S   1,0  0,7   0:00.37 ovs-vswitc+
24029 root      10 -10   20924   4920   4168 S   0,0  0,0   0:00.00 ovsdb-serv+
24068 root      10 -10   26456   9856   8912 S   0,0  0,1   0:00.00 ovs-vswitc+
24129 root      20   0   20912   4992   4212 S   0,0  0,0   0:00.01 ovsdb-serv+
24199 root      20   0   20912   4964   4184 S   0,0  0,0   0:00.01 ovsdb-serv+
24278 root      20   0   22564   6000   5252 S   0,0  0,0   0:00.00 tcpdump
24279 root      20   0   22564   5976   5228 S   0,0  0,0   0:00.00 tcpdump
24280 root      20   0   22564   6052   5304 S   0,0  0,0   0:00.00 tcpdump
24281 root      20   0   22564   6052   5304 S   0,0  0,0   0:00.00 tcpdump
24282 root      20   0   22564   5992   5244 S   0,0  0,0   0:00.00 tcpdump
24283 root      20   0   22564   6212   5320 S   0,0  0,0   0:00.00 tcpdump
24284 root      20   0   22564   6212   5324 S   0,0  0,0   0:00.00 tcpdump
24203 root      20   0  985416 118552   8912 S   3,0  0,7   0:00.40 ovs-vswitc+
24133 root      20   0  985412 118548   8912 S   2,0  0,7   0:00.37 ovs-vswitc+
24029 root      10 -10   20924   4920   4168 S   0,0  0,0   0:00.00 ovsdb-serv+
24068 root      10 -10   26456   9856   8912 S   0,0  0,1   0:00.00 ovs-vswitc+
24129 root      20   0   20912   4992   4212 S   0,0  0,0   0:00.01 ovsdb-serv+
24199 root      20   0   20912   4964   4184 S   0,0  0,0   0:00.01 ovsdb-serv+
24278 root      20   0   22564   6000   5252 S   0,0  0,0   0:00.00 tcpdump
24279 root      20   0   22564   5976   5228 S   0,0  0,0   0:00.00 tcpdump
24280 root      20   0   22564   6052   5304 S   0,0  0,0   0:00.00 tcpdump
24281 root      20   0   22564   6052   5304 S   0,0  0,0   0:00.00 tcpdump
24282 root      20   0   22564   5992   5244 S   0,0  0,0   0:00.00 tcpdump
24283 root      20   0   22564   6212   5320 S   0,0  0,0   0:00.00 tcpdump
24284 root      20   0   22564   6212   5324 S   0,0  0,0   0:00.00 tcpdump
24133 root      20   0  985412 123556   8912 S  43,6  0,8   0:00.81 ovs-vswitc+
24203 root      20   0  985416 123300   8912 S  40,6  0,8   0:00.81 ovs-vswitc+
24029 root      10 -10   20924   4920   4168 S   0,0  0,0   0:00.00 ovsdb-serv+
24068 root      10 -10   26456   9856   8912 S   0,0  0,1   0:00.00 ovs-vswitc+
24129 root      20   0   20912   4992   4212 S   0,0  0,0   0:00.01 ovsdb-serv+
24199 root      20   0   20912   4964   4184 S   0,0  0,0   0:00.01 ovsdb-serv+
24278 root      20   0   22564   6000   5252 S   0,0  0,0   0:00.00 tcpdump
24279 root      20   0   22564   5976   5228 S   0,0  0,0   0:00.00 tcpdump
24280 root      20   0   22564   6052   5304 S   0,0  0,0   0:00.00 tcpdump
24281 root      20   0   22564   6052   5304 S   0,0  0,0   0:00.00 tcpdump
24282 root      20   0   22564   5992   5244 S   0,0  0,0   0:00.00 tcpdump
24283 root      20   0   22564   6212   5320 S   0,0  0,0   0:00.00 tcpdump
24284 root      20   0   22564   6212   5324 S   0,0  0,0   0:00.00 tcpdump
24133 root      20   0  985412 128308   8912 S  45,5  0,8   0:01.27 ovs-vswitc+
24203 root      20   0  985416 128576   8912 S  40,6  0,8   0:01.22 ovs-vswitc+
24029 root      10 -10   20924   4920   4168 S   0,0  0,0   0:00.00 ovsdb-serv+
24068 root      10 -10   26456   9856   8912 S   0,0  0,1   0:00.00 ovs-vswitc+
24129 root      20   0   20912   4992   4212 S   0,0  0,0   0:00.01 ovsdb-serv+
24199 root      20   0   20912   4964   4184 S   0,0  0,0   0:00.01 ovsdb-serv+
24278 root      20   0   22564   6000   5252 S   0,0  0,0   0:00.00 tcpdump
24279 root      20   0   22564   5976   5228 S   0,0  0,0   0:00.00 tcpdump
24280 root      20   0   22564   6052   5304 S   0,0  0,0   0:00.00 tcpdump
24281 root      20   0   22564   6052   5304 S   0,0  0,0   0:00.00 tcpdump
24282 root      20   0   22564   5992   5244 S   0,0  0,0   0:00.00 tcpdump
24283 root      20   0   22564   6212   5320 S   0,0  0,0   0:00.00 tcpdump
24284 root      20   0   22564   6212   5324 S   0,0  0,0   0:00.00 tcpdump
24133 root      20   0  985412 133324   8912 S  42,6  0,8   0:01.70 ovs-vswitc+
24203 root      20   0  985416 133592   8912 S  42,6  0,8   0:01.65 ovs-vswitc+
24282 root      20   0   22564   5992   5244 S   1,0  0,0   0:00.01 tcpdump
24029 root      10 -10   20924   4920   4168 S   0,0  0,0   0:00.00 ovsdb-serv+
24068 root      10 -10   26456   9856   8912 S   0,0  0,1   0:00.00 ovs-vswitc+
24129 root      20   0   20912   4992   4212 S   0,0  0,0   0:00.01 ovsdb-serv+
24199 root      20   0   20912   4964   4184 S   0,0  0,0   0:00.01 ovsdb-serv+
24278 root      20   0   22564   6000   5252 S   0,0  0,0   0:00.00 tcpdump
24279 root      20   0   22564   5976   5228 S   0,0  0,0   0:00.00 tcpdump
24280 root      20   0   22564   6052   5304 S   0,0  0,0   0:00.00 tcpdump
24281 root      20   0   22564   6052   5304 S   0,0  0,0   0:00.00 tcpdump
24283 root      20   0   22564   6212   5320 S   0,0  0,0   0:00.00 tcpdump
24284 root      20   0   22564   6212   5324 S   0,0  0,0   0:00.00 tcpdump
24203 root      20   0  985416 138608   8912 S  42,6  0,9   0:02.08 ovs-vswitc+
24133 root      20   0  985412 138340   8912 S  41,6  0,8   0:02.12 ovs-vswitc+
24029 root      10 -10   20924   4920   4168 S   0,0  0,0   0:00.00 ovsdb-serv+
24068 root      10 -10   26456   9856   8912 S   0,0  0,1   0:00.00 ovs-vswitc+
24129 root      20   0   20912   4992   4212 S   0,0  0,0   0:00.01 ovsdb-serv+
24199 root      20   0   20912   4964   4184 S   0,0  0,0   0:00.01 ovsdb-serv+
24278 root      20   0   22564   6000   5252 S   0,0  0,0   0:00.00 tcpdump
24279 root      20   0   22564   5976   5228 S   0,0  0,0   0:00.00 tcpdump
24280 root      20   0   22564   6052   5304 S   0,0  0,0   0:00.00 tcpdump
24281 root      20   0   22564   6052   5304 S   0,0  0,0   0:00.00 tcpdump
24282 root      20   0   22564   5992   5244 S   0,0  0,0   0:00.01 tcpdump
24283 root      20   0   22564   6212   5320 S   0,0  0,0   0:00.00 tcpdump
24284 root      20   0   22564   6212   5324 S   0,0  0,0   0:00.00 tcpdump
24133 root      20   0  985412 143356   8912 S  40,6  0,9   0:02.53 ovs-vswitc+
24203 root      20   0  985416 143888   8912 S  40,6  0,9   0:02.49 ovs-vswitc+
24029 root      10 -10   20924   4920   4168 S   0,0  0,0   0:00.00 ovsdb-serv+
24068 root      10 -10   26456   9856   8912 S   0,0  0,1   0:00.00 ovs-vswitc+
24129 root      20   0   20912   4992   4212 S   0,0  0,0   0:00.01 ovsdb-serv+
24199 root      20   0   20912   4964   4184 S   0,0  0,0   0:00.01 ovsdb-serv+
24278 root      20   0   22564   6000   5252 S   0,0  0,0   0:00.00 tcpdump
24279 root      20   0   22564   5976   5228 S   0,0  0,0   0:00.00 tcpdump
24280 root      20   0   22564   6052   5304 S   0,0  0,0   0:00.00 tcpdump
24281 root      20   0   22564   6052   5304 S   0,0  0,0   0:00.00 tcpdump
24282 root      20   0   22564   5992   5244 S   0,0  0,0   0:00.01 tcpdump
24283 root      20   0   22564   6212   5320 S   0,0  0,0   0:00.00 tcpdump
24284 root      20   0   22564   6212   5324 S   0,0  0,0   0:00.00 tcpdump
24133 root      20   0  985412 148372   8912 R  43,6  0,9   0:02.97 ovs-vswitc+
24203 root      20   0  985416 148904   8912 R  42,6  0,9   0:02.92 ovs-vswitc+
24029 root      10 -10   20924   4920   4168 S   0,0  0,0   0:00.00 ovsdb-serv+
24068 root      10 -10   26456   9856   8912 S   0,0  0,1   0:00.00 ovs-vswitc+
24129 root      20   0   20912   4992   4212 S   0,0  0,0   0:00.01 ovsdb-serv+
24199 root      20   0   20912   4964   4184 S   0,0  0,0   0:00.01 ovsdb-serv+
24278 root      20   0   22564   6000   5252 S   0,0  0,0   0:00.00 tcpdump
24279 root      20   0   22564   5976   5228 S   0,0  0,0   0:00.00 tcpdump
24280 root      20   0   22564   6052   5304 S   0,0  0,0   0:00.00 tcpdump
24281 root      20   0   22564   6052   5304 S   0,0  0,0   0:00.00 tcpdump
24282 root      20   0   22564   5992   5244 S   0,0  0,0   0:00.01 tcpdump
24283 root      20   0   22564   6212   5320 S   0,0  0,0   0:00.00 tcpdump
24284 root      20   0   22564   6212   5324 S   0,0  0,0   0:00.00 tcpdump
24133 root      20   0  985412 153388   8912 S  48,5  0,9   0:03.46 ovs-vswitc+
24203 root      20   0  985416 153656   8912 R  41,6  0,9   0:03.34 ovs-vswitc+
24029 root      10 -10   20924   4920   4168 S   0,0  0,0   0:00.00 ovsdb-serv+
24068 root      10 -10   26456   9856   8912 S   0,0  0,1   0:00.00 ovs-vswitc+
24129 root      20   0   20912   4992   4212 S   0,0  0,0   0:00.01 ovsdb-serv+
24199 root      20   0   20912   4964   4184 S   0,0  0,0   0:00.01 ovsdb-serv+
24278 root      20   0   22564   6000   5252 S   0,0  0,0   0:00.00 tcpdump
24279 root      20   0   22564   5976   5228 S   0,0  0,0   0:00.00 tcpdump
24280 root      20   0   22564   6052   5304 S   0,0  0,0   0:00.00 tcpdump
24281 root      20   0   22564   6052   5304 S   0,0  0,0   0:00.00 tcpdump
24282 root      20   0   22564   5992   5244 S   0,0  0,0   0:00.01 tcpdump
24283 root      20   0   22564   6212   5320 S   0,0  0,0   0:00.00 tcpdump
24284 root      20   0   22564   6212   5324 S   0,0  0,0   0:00.00 tcpdump
24133 root      20   0  985412 158404   8912 S  43,6  1,0   0:03.90 ovs-vswitc+
24203 root      20   0  985416 158672   8912 S  43,6  1,0   0:03.78 ovs-vswitc+
24029 root      10 -10   20924   4920   4168 S   0,0  0,0   0:00.00 ovsdb-serv+
24068 root      10 -10   26456   9856   8912 S   0,0  0,1   0:00.00 ovs-vswitc+
24129 root      20   0   20912   4992   4212 S   0,0  0,0   0:00.01 ovsdb-serv+
24199 root      20   0   20912   4964   4184 S   0,0  0,0   0:00.01 ovsdb-serv+
24278 root      20   0   22564   6000   5252 S   0,0  0,0   0:00.00 tcpdump
24279 root      20   0   22564   5976   5228 S   0,0  0,0   0:00.00 tcpdump
24280 root      20   0   22564   6052   5304 S   0,0  0,0   0:00.00 tcpdump
24281 root      20   0   22564   6052   5304 S   0,0  0,0   0:00.00 tcpdump
24282 root      20   0   22564   5992   5244 S   0,0  0,0   0:00.01 tcpdump
24283 root      20   0   22564   6212   5320 S   0,0  0,0   0:00.00 tcpdump
24284 root      20   0   22564   6212   5324 S   0,0  0,0   0:00.00 tcpdump
24133 root      20   0  985412 161292   8912 S  52,5  1,0   0:04.43 ovs-vswitc+
24203 root      20   0  985452 161604   8912 S  52,5  1,0   0:04.31 ovs-vswitc+
24029 root      10 -10   20924   4920   4168 S   0,0  0,0   0:00.00 ovsdb-serv+
24068 root      10 -10   26456   9856   8912 S   0,0  0,1   0:00.00 ovs-vswitc+
24129 root      20   0   20912   4992   4212 S   0,0  0,0   0:00.01 ovsdb-serv+
24199 root      20   0   20912   4964   4184 S   0,0  0,0   0:00.01 ovsdb-serv+
24278 root      20   0   22564   6000   5252 S   0,0  0,0   0:00.00 tcpdump
24279 root      20   0   22564   5976   5228 S   0,0  0,0   0:00.00 tcpdump
24280 root      20   0   22564   6052   5304 S   0,0  0,0   0:00.00 tcpdump
24281 root      20   0   22564   6052   5304 S   0,0  0,0   0:00.00 tcpdump
24282 root      20   0   22564   5992   5244 S   0,0  0,0   0:00.01 tcpdump
24283 root      20   0   22564   6212   5320 S   0,0  0,0   0:00.00 tcpdump
24284 root      20   0   22564   6212   5324 S   0,0  0,0   0:00.00 tcpdump
24133 root      20   0  985412 161292   8912 S  41,6  1,0   0:04.85 ovs-vswitc+
24203 root      20   0  985452 161604   8912 S  41,6  1,0   0:04.73 ovs-vswitc+
24029 root      10 -10   20924   4920   4168 S   0,0  0,0   0:00.00 ovsdb-serv+
24068 root      10 -10   26456   9856   8912 S   0,0  0,1   0:00.00 ovs-vswitc+
24129 root      20   0   20912   4992   4212 S   0,0  0,0   0:00.01 ovsdb-serv+
24199 root      20   0   20912   4964   4184 S   0,0  0,0   0:00.01 ovsdb-serv+
24278 root      20   0   22564   6000   5252 S   0,0  0,0   0:00.00 tcpdump
24279 root      20   0   22564   5976   5228 S   0,0  0,0   0:00.00 tcpdump
24280 root      20   0   22564   6052   5304 S   0,0  0,0   0:00.00 tcpdump
24281 root      20   0   22564   6052   5304 S   0,0  0,0   0:00.00 tcpdump
24282 root      20   0   22564   5992   5244 S   0,0  0,0   0:00.01 tcpdump
24283 root      20   0   22564   6212   5320 S   0,0  0,0   0:00.00 tcpdump
24284 root      20   0   22564   6212   5324 S   0,0  0,0   0:00.00 tcpdump
24133 root      20   0  985412 161292   8912 S  42,6  1,0   0:05.28 ovs-vswitc+
24203 root      20   0  985452 161604   8912 S  40,6  1,0   0:05.14 ovs-vswitc+
24029 root      10 -10   20924   4920   4168 S   0,0  0,0   0:00.00 ovsdb-serv+
24068 root      10 -10   26456   9856   8912 S   0,0  0,1   0:00.00 ovs-vswitc+
24129 root      20   0   20912   4992   4212 S   0,0  0,0   0:00.01 ovsdb-serv+
24199 root      20   0   20912   4964   4184 S   0,0  0,0   0:00.01 ovsdb-serv+
24278 root      20   0   22564   6000   5252 S   0,0  0,0   0:00.00 tcpdump
24279 root      20   0   22564   5976   5228 S   0,0  0,0   0:00.00 tcpdump
24280 root      20   0   22564   6052   5304 S   0,0  0,0   0:00.00 tcpdump
24281 root      20   0   22564   6052   5304 S   0,0  0,0   0:00.00 tcpdump
24282 root      20   0   22564   5992   5244 S   0,0  0,0   0:00.01 tcpdump
24283 root      20   0   22564   6212   5320 S   0,0  0,0   0:00.00 tcpdump
24284 root      20   0   22564   6212   5324 S   0,0  0,0   0:00.00 tcpdump
24133 root      20   0  985412 161292   8912 R  42,6  1,0   0:05.71 ovs-vswitc+
24203 root      20   0  985452 161604   8912 S  37,6  1,0   0:05.52 ovs-vswitc+
24279 root      20   0   22564   5976   5228 S   1,0  0,0   0:00.01 tcpdump
24029 root      10 -10   20924   4920   4168 S   0,0  0,0   0:00.00 ovsdb-serv+
24068 root      10 -10   26456   9856   8912 S   0,0  0,1   0:00.00 ovs-vswitc+
24129 root      20   0   20912   4992   4212 S   0,0  0,0   0:00.01 ovsdb-serv+
24199 root      20   0   20912   4964   4184 S   0,0  0,0   0:00.01 ovsdb-serv+
24278 root      20   0   22564   6000   5252 S   0,0  0,0   0:00.00 tcpdump
24280 root      20   0   22564   6052   5304 S   0,0  0,0   0:00.00 tcpdump
24281 root      20   0   22564   6052   5304 S   0,0  0,0   0:00.00 tcpdump
24282 root      20   0   22564   5992   5244 S   0,0  0,0   0:00.01 tcpdump
24283 root      20   0   22564   6212   5320 S   0,0  0,0   0:00.00 tcpdump
24284 root      20   0   22564   6212   5324 S   0,0  0,0   0:00.00 tcpdump
24133 root      20   0  985412 161292   8912 R  41,6  1,0   0:06.13 ovs-vswitc+
24203 root      20   0  985452 161604   8912 R  40,6  1,0   0:05.93 ovs-vswitc+
24280 root      20   0   22564   6052   5304 S   1,0  0,0   0:00.01 tcpdump
24029 root      10 -10   20924   4920   4168 S   0,0  0,0   0:00.00 ovsdb-serv+
24068 root      10 -10   26456   9856   8912 S   0,0  0,1   0:00.00 ovs-vswitc+
24129 root      20   0   20912   4992   4212 S   0,0  0,0   0:00.01 ovsdb-serv+
24199 root      20   0   20912   4964   4184 S   0,0  0,0   0:00.01 ovsdb-serv+
24278 root      20   0   22564   6000   5252 S   0,0  0,0   0:00.00 tcpdump
24279 root      20   0   22564   5976   5228 S   0,0  0,0   0:00.01 tcpdump
24281 root      20   0   22564   6052   5304 S   0,0  0,0   0:00.00 tcpdump
24282 root      20   0   22564   5992   5244 S   0,0  0,0   0:00.01 tcpdump
24283 root      20   0   22564   6212   5320 S   0,0  0,0   0:00.00 tcpdump
24284 root      20   0   22564   6212   5324 S   0,0  0,0   0:00.00 tcpdump
24133 root      20   0  985412 161292   8912 S  45,5  1,0   0:06.59 ovs-vswitc+
24203 root      20   0  985452 161604   8912 S  43,6  1,0   0:06.37 ovs-vswitc+
24029 root      10 -10   20924   4920   4168 S   0,0  0,0   0:00.00 ovsdb-serv+
24068 root      10 -10   26456   9856   8912 S   0,0  0,1   0:00.00 ovs-vswitc+
24129 root      20   0   20912   4992   4212 S   0,0  0,0   0:00.01 ovsdb-serv+
24199 root      20   0   20912   4964   4184 S   0,0  0,0   0:00.01 ovsdb-serv+
24278 root      20   0   22564   6000   5252 S   0,0  0,0   0:00.00 tcpdump
24279 root      20   0   22564   5976   5228 S   0,0  0,0   0:00.01 tcpdump
24280 root      20   0   22564   6052   5304 S   0,0  0,0   0:00.01 tcpdump
24281 root      20   0   22564   6052   5304 S   0,0  0,0   0:00.00 tcpdump
24282 root      20   0   22564   5992   5244 S   0,0  0,0   0:00.01 tcpdump
24283 root      20   0   22564   6212   5320 S   0,0  0,0   0:00.00 tcpdump
24284 root      20   0   22564   6212   5324 S   0,0  0,0   0:00.00 tcpdump
24133 root      20   0  985412 161292   8912 S  44,6  1,0   0:07.04 ovs-vswitc+
24203 root      20   0  985452 161604   8912 S  44,6  1,0   0:06.82 ovs-vswitc+
24282 root      20   0   22564   5992   5244 S   1,0  0,0   0:00.02 tcpdump
24029 root      10 -10   20924   4920   4168 S   0,0  0,0   0:00.00 ovsdb-serv+
24068 root      10 -10   26456   9856   8912 S   0,0  0,1   0:00.00 ovs-vswitc+
24129 root      20   0   20912   4992   4212 S   0,0  0,0   0:00.01 ovsdb-serv+
24199 root      20   0   20912   4964   4184 S   0,0  0,0   0:00.01 ovsdb-serv+
24278 root      20   0   22564   6000   5252 S   0,0  0,0   0:00.00 tcpdump
24279 root      20   0   22564   5976   5228 S   0,0  0,0   0:00.01 tcpdump
24280 root      20   0   22564   6052   5304 S   0,0  0,0   0:00.01 tcpdump
24281 root      20   0   22564   6052   5304 S   0,0  0,0   0:00.00 tcpdump
24283 root      20   0   22564   6212   5320 S   0,0  0,0   0:00.00 tcpdump
24284 root      20   0   22564   6212   5324 S   0,0  0,0   0:00.00 tcpdump
24133 root      20   0  985412 161292   8912 S  47,5  1,0   0:07.52 ovs-vswitc+
24203 root      20   0  985452 161604   8912 S  42,6  1,0   0:07.25 ovs-vswitc+
24029 root      10 -10   20924   4920   4168 S   0,0  0,0   0:00.00 ovsdb-serv+
24068 root      10 -10   26456   9856   8912 S   0,0  0,1   0:00.00 ovs-vswitc+
24129 root      20   0   20912   4992   4212 S   0,0  0,0   0:00.01 ovsdb-serv+
24199 root      20   0   20912   4964   4184 S   0,0  0,0   0:00.01 ovsdb-serv+
24278 root      20   0   22564   6000   5252 S   0,0  0,0   0:00.00 tcpdump
24279 root      20   0   22564   5976   5228 S   0,0  0,0   0:00.01 tcpdump
24280 root      20   0   22564   6052   5304 S   0,0  0,0   0:00.01 tcpdump
24281 root      20   0   22564   6052   5304 S   0,0  0,0   0:00.00 tcpdump
24282 root      20   0   22564   5992   5244 S   0,0  0,0   0:00.02 tcpdump
24283 root      20   0   22564   6212   5320 S   0,0  0,0   0:00.00 tcpdump
24284 root      20   0   22564   6212   5324 S   0,0  0,0   0:00.00 tcpdump
24133 root      20   0  985412 161292   8912 S  34,7  1,0   0:07.87 ovs-vswitc+
24203 root      20   0  985452 161604   8912 S  32,7  1,0   0:07.58 ovs-vswitc+
24029 root      10 -10   20924   4920   4168 S   0,0  0,0   0:00.00 ovsdb-serv+
24068 root      10 -10   26456   9856   8912 S   0,0  0,1   0:00.00 ovs-vswitc+
24129 root      20   0   20912   4992   4212 S   0,0  0,0   0:00.01 ovsdb-serv+
24199 root      20   0   20912   4964   4184 S   0,0  0,0   0:00.01 ovsdb-serv+
24278 root      20   0   22564   6000   5252 S   0,0  0,0   0:00.00 tcpdump
24279 root      20   0   22564   5976   5228 S   0,0  0,0   0:00.01 tcpdump
24280 root      20   0   22564   6052   5304 S   0,0  0,0   0:00.01 tcpdump
24281 root      20   0   22564   6052   5304 S   0,0  0,0   0:00.00 tcpdump
24282 root      20   0   22564   5992   5244 S   0,0  0,0   0:00.02 tcpdump
24283 root      20   0   22564   6212   5320 S   0,0  0,0   0:00.00 tcpdump
24284 root      20   0   22564   6212   5324 S   0,0  0,0   0:00.00 tcpdump
24133 root      20   0  985412 161292   8912 S   9,9  1,0   0:07.97 ovs-vswitc+
24203 root      20   0  985452 161604   8912 S   8,9  1,0   0:07.67 ovs-vswitc+
24029 root      10 -10   20924   4920   4168 S   0,0  0,0   0:00.00 ovsdb-serv+
24068 root      10 -10   26456   9856   8912 S   0,0  0,1   0:00.00 ovs-vswitc+
24129 root      20   0   20912   4992   4212 S   0,0  0,0   0:00.01 ovsdb-serv+
24199 root      20   0   20912   4964   4184 S   0,0  0,0   0:00.01 ovsdb-serv+
24278 root      20   0   22564   6000   5252 S   0,0  0,0   0:00.00 tcpdump
24279 root      20   0   22564   5976   5228 S   0,0  0,0   0:00.01 tcpdump
24280 root      20   0   22564   6052   5304 S   0,0  0,0   0:00.01 tcpdump
24281 root      20   0   22564   6052   5304 S   0,0  0,0   0:00.00 tcpdump
24282 root      20   0   22564   5992   5244 S   0,0  0,0   0:00.02 tcpdump
24283 root      20   0   22564   6212   5320 S   0,0  0,0   0:00.00 tcpdump
24284 root      20   0   22564   6212   5324 S   0,0  0,0   0:00.00 tcpdump
24133 root      20   0  985412 161292   8912 S   6,9  1,0   0:08.04 ovs-vswitc+
24203 root      20   0  985452 161604   8912 S   6,9  1,0   0:07.74 ovs-vswitc+
24029 root      10 -10   20924   4920   4168 S   0,0  0,0   0:00.00 ovsdb-serv+
24068 root      10 -10   26456   9856   8912 S   0,0  0,1   0:00.00 ovs-vswitc+
24129 root      20   0   20912   4992   4212 S   0,0  0,0   0:00.01 ovsdb-serv+
24199 root      20   0   20912   4964   4184 S   0,0  0,0   0:00.01 ovsdb-serv+
24278 root      20   0   22564   6000   5252 S   0,0  0,0   0:00.00 tcpdump
24279 root      20   0   22564   5976   5228 S   0,0  0,0   0:00.01 tcpdump
24280 root      20   0   22564   6052   5304 S   0,0  0,0   0:00.01 tcpdump
24281 root      20   0   22564   6052   5304 S   0,0  0,0   0:00.00 tcpdump
24282 root      20   0   22564   5992   5244 S   0,0  0,0   0:00.02 tcpdump
24283 root      20   0   22564   6212   5320 S   0,0  0,0   0:00.00 tcpdump
24284 root      20   0   22564   6212   5324 S   0,0  0,0   0:00.00 tcpdump
24133 root      20   0  985412 161292   8912 S  10,9  1,0   0:08.15 ovs-vswitc+
24203 root      20   0  985452 161604   8912 S  10,9  1,0   0:07.85 ovs-vswitc+
24029 root      10 -10   20924   4920   4168 S   0,0  0,0   0:00.00 ovsdb-serv+
24068 root      10 -10   26456   9856   8912 S   0,0  0,1   0:00.00 ovs-vswitc+
24129 root      20   0   20912   4992   4212 S   0,0  0,0   0:00.01 ovsdb-serv+
24199 root      20   0   20912   4964   4184 S   0,0  0,0   0:00.01 ovsdb-serv+
24278 root      20   0   22564   6000   5252 S   0,0  0,0   0:00.00 tcpdump
24279 root      20   0   22564   5976   5228 S   0,0  0,0   0:00.01 tcpdump
24280 root      20   0   22564   6052   5304 S   0,0  0,0   0:00.01 tcpdump
24281 root      20   0   22564   6052   5304 S   0,0  0,0   0:00.00 tcpdump
24282 root      20   0   22564   5992   5244 S   0,0  0,0   0:00.02 tcpdump
24283 root      20   0   22564   6212   5320 S   0,0  0,0   0:00.00 tcpdump
24284 root      20   0   22564   6212   5324 S   0,0  0,0   0:00.00 tcpdump
24133 root      20   0  985412 161292   8912 S  10,9  1,0   0:08.26 ovs-vswitc+
24203 root      20   0  985452 161604   8912 S   9,9  1,0   0:07.95 ovs-vswitc+
24029 root      10 -10   20924   4920   4168 S   0,0  0,0   0:00.00 ovsdb-serv+
24068 root      10 -10   26456   9856   8912 S   0,0  0,1   0:00.00 ovs-vswitc+
24129 root      20   0   20912   4992   4212 S   0,0  0,0   0:00.01 ovsdb-serv+
24199 root      20   0   20912   4964   4184 S   0,0  0,0   0:00.01 ovsdb-serv+
24278 root      20   0   22564   6000   5252 S   0,0  0,0   0:00.00 tcpdump
24279 root      20   0   22564   5976   5228 S   0,0  0,0   0:00.01 tcpdump
24280 root      20   0   22564   6052   5304 S   0,0  0,0   0:00.01 tcpdump
24281 root      20   0   22564   6052   5304 S   0,0  0,0   0:00.00 tcpdump
24282 root      20   0   22564   5992   5244 S   0,0  0,0   0:00.02 tcpdump
24283 root      20   0   22564   6212   5320 S   0,0  0,0   0:00.00 tcpdump
24284 root      20   0   22564   6212   5324 S   0,0  0,0   0:00.00 tcpdump
24133 root      20   0  985412 161292   8912 S  10,9  1,0   0:08.37 ovs-vswitc+
24203 root      20   0  985452 161604   8912 S  10,9  1,0   0:08.06 ovs-vswitc+
24129 root      20   0   20912   4992   4212 S   1,0  0,0   0:00.02 ovsdb-serv+
24199 root      20   0   20912   4964   4184 S   1,0  0,0   0:00.02 ovsdb-serv+
24029 root      10 -10   20924   4920   4168 S   0,0  0,0   0:00.00 ovsdb-serv+
24068 root      10 -10   26456   9856   8912 S   0,0  0,1   0:00.00 ovs-vswitc+
24278 root      20   0   22564   6000   5252 S   0,0  0,0   0:00.00 tcpdump
24279 root      20   0   22564   5976   5228 S   0,0  0,0   0:00.01 tcpdump
24280 root      20   0   22564   6052   5304 S   0,0  0,0   0:00.01 tcpdump
24281 root      20   0   22564   6052   5304 S   0,0  0,0   0:00.00 tcpdump
24282 root      20   0   22564   5992   5244 S   0,0  0,0   0:00.02 tcpdump
24283 root      20   0   22564   6212   5320 S   0,0  0,0   0:00.00 tcpdump
24284 root      20   0   22564   6212   5324 S   0,0  0,0   0:00.00 tcpdump
24133 root      20   0  985412 161292   8912 S   4,9  1,0   0:08.42 ovs-vswitc+
24203 root      20   0  985452 161604   8912 S   4,9  1,0   0:08.11 ovs-vswitc+
24029 root      10 -10   20924   4920   4168 S   0,0  0,0   0:00.00 ovsdb-serv+
24068 root      10 -10   26456   9856   8912 S   0,0  0,1   0:00.00 ovs-vswitc+
24129 root      20   0   20912   4992   4212 S   0,0  0,0   0:00.02 ovsdb-serv+
24199 root      20   0   20912   4964   4184 S   0,0  0,0   0:00.02 ovsdb-serv+
24278 root      20   0   22564   6000   5252 S   0,0  0,0   0:00.00 tcpdump
24279 root      20   0   22564   5976   5228 S   0,0  0,0   0:00.01 tcpdump
24280 root      20   0   22564   6052   5304 S   0,0  0,0   0:00.01 tcpdump
24281 root      20   0   22564   6052   5304 S   0,0  0,0   0:00.00 tcpdump
24282 root      20   0   22564   5992   5244 S   0,0  0,0   0:00.02 tcpdump
24283 root      20   0   22564   6212   5320 S   0,0  0,0   0:00.00 tcpdump
24284 root      20   0   22564   6212   5324 S   0,0  0,0   0:00.00 tcpdump
24203 root      20   0  985452 161604   8912 S   5,9  1,0   0:08.17 ovs-vswitc+
24133 root      20   0  985412 161292   8912 S   5,0  1,0   0:08.47 ovs-vswitc+
24029 root      10 -10   20924   4920   4168 S   0,0  0,0   0:00.00 ovsdb-serv+
24068 root      10 -10   26456   9856   8912 S   0,0  0,1   0:00.00 ovs-vswitc+
24129 root      20   0   20912   4992   4212 S   0,0  0,0   0:00.02 ovsdb-serv+
24199 root      20   0   20912   4964   4184 S   0,0  0,0   0:00.02 ovsdb-serv+
24278 root      20   0   22564   6000   5252 S   0,0  0,0   0:00.00 tcpdump
24279 root      20   0   22564   5976   5228 S   0,0  0,0   0:00.01 tcpdump
24280 root      20   0   22564   6052   5304 S   0,0  0,0   0:00.01 tcpdump
24281 root      20   0   22564   6052   5304 S   0,0  0,0   0:00.00 tcpdump
24282 root      20   0   22564   5992   5244 S   0,0  0,0   0:00.02 tcpdump
24283 root      20   0   22564   6212   5320 S   0,0  0,0   0:00.00 tcpdump
24284 root      20   0   22564   6212   5324 S   0,0  0,0   0:00.00 tcpdump
24203 root      20   0  985452 161604   8912 S   5,9  1,0   0:08.23 ovs-vswitc+
24133 root      20   0  985412 161292   8912 S   4,0  1,0   0:08.51 ovs-vswitc+
24029 root      10 -10   20924   4920   4168 S   0,0  0,0   0:00.00 ovsdb-serv+
24068 root      10 -10   26456   9856   8912 S   0,0  0,1   0:00.00 ovs-vswitc+
24129 root      20   0   20912   4992   4212 S   0,0  0,0   0:00.02 ovsdb-serv+
24199 root      20   0   20912   4964   4184 S   0,0  0,0   0:00.02 ovsdb-serv+
24278 root      20   0   22564   6000   5252 S   0,0  0,0   0:00.00 tcpdump
24279 root      20   0   22564   5976   5228 S   0,0  0,0   0:00.01 tcpdump
24280 root      20   0   22564   6052   5304 S   0,0  0,0   0:00.01 tcpdump
24281 root      20   0   22564   6052   5304 S   0,0  0,0   0:00.00 tcpdump
24282 root      20   0   22564   5992   5244 S   0,0  0,0   0:00.02 tcpdump
24283 root      20   0   22564   6212   5320 S   0,0  0,0   0:00.00 tcpdump
24284 root      20   0   22564   6212   5324 S   0,0  0,0   0:00.00 tcpdump
24203 root      20   0  985452 161604   8912 S   3,9  1,0   0:08.27 ovs-vswitc+
24133 root      20   0  985412 161292   8912 S   2,0  1,0   0:08.53 ovs-vswitc+
24029 root      10 -10   20924   4920   4168 S   0,0  0,0   0:00.00 ovsdb-serv+
24068 root      10 -10   26456   9856   8912 S   0,0  0,1   0:00.00 ovs-vswitc+
24129 root      20   0   20912   4992   4212 S   0,0  0,0   0:00.02 ovsdb-serv+
24199 root      20   0   20912   4964   4184 S   0,0  0,0   0:00.02 ovsdb-serv+
24278 root      20   0   22564   6000   5252 S   0,0  0,0   0:00.00 tcpdump
24279 root      20   0   22564   5976   5228 S   0,0  0,0   0:00.01 tcpdump
24280 root      20   0   22564   6052   5304 S   0,0  0,0   0:00.01 tcpdump
24281 root      20   0   22564   6052   5304 S   0,0  0,0   0:00.00 tcpdump
24282 root      20   0   22564   5992   5244 S   0,0  0,0   0:00.02 tcpdump
24283 root      20   0   22564   6212   5320 S   0,0  0,0   0:00.00 tcpdump
24284 root      20   0   22564   6212   5324 S   0,0  0,0   0:00.00 tcpdump
24133 root      20   0  985412 161292   8912 S   2,0  1,0   0:08.55 ovs-vswitc+
24203 root      20   0  985452 161604   8912 S   2,0  1,0   0:08.29 ovs-vswitc+
24029 root      10 -10   20924   4920   4168 S   0,0  0,0   0:00.00 ovsdb-serv+
24068 root      10 -10   26456   9856   8912 S   0,0  0,1   0:00.00 ovs-vswitc+
24129 root      20   0   20912   4992   4212 S   0,0  0,0   0:00.02 ovsdb-serv+
24199 root      20   0   20912   4964   4184 S   0,0  0,0   0:00.02 ovsdb-serv+
24278 root      20   0   22564   6000   5252 S   0,0  0,0   0:00.00 tcpdump
24279 root      20   0   22564   5976   5228 S   0,0  0,0   0:00.01 tcpdump
24280 root      20   0   22564   6052   5304 S   0,0  0,0   0:00.01 tcpdump
24281 root      20   0   22564   6052   5304 S   0,0  0,0   0:00.00 tcpdump
24282 root      20   0   22564   5992   5244 S   0,0  0,0   0:00.02 tcpdump
24283 root      20   0   22564   6212   5320 S   0,0  0,0   0:00.00 tcpdump
24284 root      20   0   22564   6212   5324 S   0,0  0,0   0:00.00 tcpdump
24133 root      20   0  985412 161292   8912 S   1,0  1,0   0:08.56 ovs-vswitc+
24203 root      20   0  985452 161604   8912 S   1,0  1,0   0:08.30 ovs-vswitc+
24029 root      10 -10   20924   4920   4168 S   0,0  0,0   0:00.00 ovsdb-serv+
24068 root      10 -10   26456   9856   8912 S   0,0  0,1   0:00.00 ovs-vswitc+
24129 root      20   0   20912   4992   4212 S   0,0  0,0   0:00.02 ovsdb-serv+
24199 root      20   0   20912   4964   4184 S   0,0  0,0   0:00.02 ovsdb-serv+
24278 root      20   0   22564   6000   5252 S   0,0  0,0   0:00.00 tcpdump
24279 root      20   0   22564   5976   5228 S   0,0  0,0   0:00.01 tcpdump
24280 root      20   0   22564   6052   5304 S   0,0  0,0   0:00.01 tcpdump
24281 root      20   0   22564   6052   5304 S   0,0  0,0   0:00.00 tcpdump
24282 root      20   0   22564   5992   5244 S   0,0  0,0   0:00.02 tcpdump
24283 root      20   0   22564   6212   5320 S   0,0  0,0   0:00.00 tcpdump
24284 root      20   0   22564   6212   5324 S   0,0  0,0   0:00.00 tcpdump
24133 root      20   0  985412 161292   8912 S   2,0  1,0   0:08.58 ovs-vswitc+
24203 root      20   0  985452 161604   8912 S   2,0  1,0   0:08.32 ovs-vswitc+
24029 root      10 -10   20924   4920   4168 S   0,0  0,0   0:00.00 ovsdb-serv+
24068 root      10 -10   26456   9856   8912 S   0,0  0,1   0:00.00 ovs-vswitc+
24129 root      20   0   20912   4992   4212 S   0,0  0,0   0:00.02 ovsdb-serv+
24199 root      20   0   20912   4964   4184 S   0,0  0,0   0:00.02 ovsdb-serv+
24278 root      20   0   22564   6000   5252 S   0,0  0,0   0:00.00 tcpdump
24279 root      20   0   22564   5976   5228 S   0,0  0,0   0:00.01 tcpdump
24280 root      20   0   22564   6052   5304 S   0,0  0,0   0:00.01 tcpdump
24281 root      20   0   22564   6052   5304 S   0,0  0,0   0:00.00 tcpdump
24282 root      20   0   22564   5992   5244 S   0,0  0,0   0:00.02 tcpdump
24283 root      20   0   22564   6212   5320 S   0,0  0,0   0:00.00 tcpdump
24284 root      20   0   22564   6212   5324 S   0,0  0,0   0:00.00 tcpdump
24133 root      20   0  985412 161292   8912 S   1,0  1,0   0:08.59 ovs-vswitc+
24029 root      10 -10   20924   4920   4168 S   0,0  0,0   0:00.00 ovsdb-serv+
24068 root      10 -10   26456   9856   8912 S   0,0  0,1   0:00.00 ovs-vswitc+
24129 root      20   0   20912   4992   4212 S   0,0  0,0   0:00.02 ovsdb-serv+
24199 root      20   0   20912   4964   4184 S   0,0  0,0   0:00.02 ovsdb-serv+
24203 root      20   0  985452 161604   8912 S   0,0  1,0   0:08.32 ovs-vswitc+
24278 root      20   0   22564   6000   5252 S   0,0  0,0   0:00.00 tcpdump
24279 root      20   0   22564   5976   5228 S   0,0  0,0   0:00.01 tcpdump
24280 root      20   0   22564   6052   5304 S   0,0  0,0   0:00.01 tcpdump
24281 root      20   0   22564   6052   5304 S   0,0  0,0   0:00.00 tcpdump
24282 root      20   0   22564   5992   5244 S   0,0  0,0   0:00.02 tcpdump
24283 root      20   0   22564   6212   5320 S   0,0  0,0   0:00.00 tcpdump
24284 root      20   0   22564   6212   5324 S   0,0  0,0   0:00.00 tcpdump
24203 root      20   0  985452 161604   8912 S   1,0  1,0   0:08.33 ovs-vswitc+
24029 root      10 -10   20924   4920   4168 S   0,0  0,0   0:00.00 ovsdb-serv+
24068 root      10 -10   26456   9856   8912 S   0,0  0,1   0:00.00 ovs-vswitc+
24129 root      20   0   20912   4992   4212 S   0,0  0,0   0:00.02 ovsdb-serv+
24133 root      20   0  985412 161292   8912 S   0,0  1,0   0:08.59 ovs-vswitc+
24199 root      20   0   20912   4964   4184 S   0,0  0,0   0:00.02 ovsdb-serv+
24278 root      20   0   22564   6000   5252 S   0,0  0,0   0:00.00 tcpdump
24279 root      20   0   22564   5976   5228 S   0,0  0,0   0:00.01 tcpdump
24280 root      20   0   22564   6052   5304 S   0,0  0,0   0:00.01 tcpdump
24281 root      20   0   22564   6052   5304 S   0,0  0,0   0:00.00 tcpdump
24282 root      20   0   22564   5992   5244 S   0,0  0,0   0:00.02 tcpdump
24283 root      20   0   22564   6212   5320 S   0,0  0,0   0:00.00 tcpdump
24284 root      20   0   22564   6212   5324 S   0,0  0,0   0:00.00 tcpdump
24133 root      20   0  985412 161292   8912 S   2,0  1,0   0:08.61 ovs-vswitc+
24203 root      20   0  985452 161604   8912 S   2,0  1,0   0:08.35 ovs-vswitc+
24029 root      10 -10   20924   4920   4168 S   0,0  0,0   0:00.00 ovsdb-serv+
24068 root      10 -10   26456   9856   8912 S   0,0  0,1   0:00.00 ovs-vswitc+
24129 root      20   0   20912   4992   4212 S   0,0  0,0   0:00.02 ovsdb-serv+
24199 root      20   0   20912   4964   4184 S   0,0  0,0   0:00.02 ovsdb-serv+
24278 root      20   0   22564   6000   5252 S   0,0  0,0   0:00.00 tcpdump
24279 root      20   0   22564   5976   5228 S   0,0  0,0   0:00.01 tcpdump
24280 root      20   0   22564   6052   5304 S   0,0  0,0   0:00.01 tcpdump
24281 root      20   0   22564   6052   5304 S   0,0  0,0   0:00.00 tcpdump
24282 root      20   0   22564   5992   5244 S   0,0  0,0   0:00.02 tcpdump
24283 root      20   0   22564   6212   5320 S   0,0  0,0   0:00.00 tcpdump
24284 root      20   0   22564   6212   5324 S   0,0  0,0   0:00.00 tcpdump
24203 root      20   0  985452 161604   8912 S   1,0  1,0   0:08.36 ovs-vswitc+
24029 root      10 -10   20924   4920   4168 S   0,0  0,0   0:00.00 ovsdb-serv+
24068 root      10 -10   26456   9856   8912 S   0,0  0,1   0:00.00 ovs-vswitc+
24129 root      20   0   20912   4992   4212 S   0,0  0,0   0:00.02 ovsdb-serv+
24133 root      20   0  985412 161292   8912 S   0,0  1,0   0:08.61 ovs-vswitc+
24199 root      20   0   20912   4964   4184 S   0,0  0,0   0:00.02 ovsdb-serv+
24278 root      20   0   22564   6000   5252 S   0,0  0,0   0:00.00 tcpdump
24279 root      20   0   22564   5976   5228 S   0,0  0,0   0:00.01 tcpdump
24280 root      20   0   22564   6052   