14217 root      20   0  985308 118368   8912 S  13,3  0,7   0:00.17 ovs-vswitc+
14287 root      20   0  985308 118372   8912 S  13,3  0,7   0:00.11 ovs-vswitc+
14111 root      10 -10   20924   5028   4280 S   0,0  0,0   0:00.00 ovsdb-serv+
14150 root      10 -10   26456   9856   8912 S   0,0  0,1   0:00.00 ovs-vswitc+
14213 root      20   0   20912   5096   4312 S   0,0  0,0   0:00.01 ovsdb-serv+
14283 root      20   0   20912   4968   4208 S   0,0  0,0   0:00.01 ovsdb-serv+
14362 root      20   0   22564   5996   5248 S   0,0  0,0   0:00.00 tcpdump
14363 root      20   0   22564   6160   5412 S   0,0  0,0   0:00.00 tcpdump
14364 root      20   0   22564   6072   5324 S   0,0  0,0   0:00.00 tcpdump
14365 root      20   0   22564   6048   5300 S   0,0  0,0   0:00.00 tcpdump
14366 root      20   0   22564   6028   5280 S   0,0  0,0   0:00.00 tcpdump
14367 root      20   0   22564   6328   5440 S   0,0  0,0   0:00.00 tcpdump
14368 root      20   0   22564   6084   5344 S   0,0  0,0   0:00.00 tcpdump
14217 root      20   0  985308 118368   8912 S   1,0  0,7   0:00.18 ovs-vswitc+
14111 root      10 -10   20924   5028   4280 S   0,0  0,0   0:00.00 ovsdb-serv+
14150 root      10 -10   26456   9856   8912 S   0,0  0,1   0:00.00 ovs-vswitc+
14213 root      20   0   20912   5096   4312 S   0,0  0,0   0:00.01 ovsdb-serv+
14283 root      20   0   20912   4968   4208 S   0,0  0,0   0:00.01 ovsdb-serv+
14287 root      20   0  985308 118372   8912 S   0,0  0,7   0:00.11 ovs-vswitc+
14362 root      20   0   22564   5996   5248 S   0,0  0,0   0:00.00 tcpdump
14363 root      20   0   22564   6160   5412 S   0,0  0,0   0:00.00 tcpdump
14364 root      20   0   22564   6072   5324 S   0,0  0,0   0:00.00 tcpdump
14365 root      20   0   22564   6048   5300 S   0,0  0,0   0:00.00 tcpdump
14366 root      20   0   22564   6028   5280 S   0,0  0,0   0:00.00 tcpdump
14367 root      20   0   22564   6328   5440 S   0,0  0,0   0:00.00 tcpdump
14368 root      20   0   22564   6084   5344 S   0,0  0,0   0:00.00 tcpdump
14287 root      20   0  985308 118372   8912 S   1,0  0,7   0:00.12 ovs-vswitc+
14111 root      10 -10   20924   5028   4280 S   0,0  0,0   0:00.00 ovsdb-serv+
14150 root      10 -10   26456   9856   8912 S   0,0  0,1   0:00.00 ovs-vswitc+
14213 root      20   0   20912   5096   4312 S   0,0  0,0   0:00.01 ovsdb-serv+
14217 root      20   0  985308 118368   8912 S   0,0  0,7   0:00.18 ovs-vswitc+
14283 root      20   0   20912   4968   4208 S   0,0  0,0   0:00.01 ovsdb-serv+
14362 root      20   0   22564   5996   5248 S   0,0  0,0   0:00.00 tcpdump
14363 root      20   0   22564   6160   5412 S   0,0  0,0   0:00.00 tcpdump
14364 root      20   0   22564   6072   5324 S   0,0  0,0   0:00.00 tcpdump
14365 root      20   0   22564   6048   5300 S   0,0  0,0   0:00.00 tcpdump
14366 root      20   0   22564   6028   5280 S   0,0  0,0   0:00.00 tcpdump
14367 root      20   0   22564   6328   5440 S   0,0  0,0   0:00.00 tcpdump
14368 root      20   0   22564   6084   5344 S   0,0  0,0   0:00.00 tcpdump
14287 root      20   0  985308 118372   8912 S   3,0  0,7   0:00.15 ovs-vswitc+
14217 root      20   0  985308 118368   8912 S   1,0  0,7   0:00.19 ovs-vswitc+
14111 root      10 -10   20924   5028   4280 S   0,0  0,0   0:00.00 ovsdb-serv+
14150 root      10 -10   26456   9856   8912 S   0,0  0,1   0:00.00 ovs-vswitc+
14213 root      20   0   20912   5096   4312 S   0,0  0,0   0:00.01 ovsdb-serv+
14283 root      20   0   20912   4968   4208 S   0,0  0,0   0:00.01 ovsdb-serv+
14362 root      20   0   22564   5996   5248 S   0,0  0,0   0:00.00 tcpdump
14363 root      20   0   22564   6160   5412 S   0,0  0,0   0:00.00 tcpdump
14364 root      20   0   22564   6072   5324 S   0,0  0,0   0:00.00 tcpdump
14365 root      20   0   22564   6048   5300 S   0,0  0,0   0:00.00 tcpdump
14366 root      20   0   22564   6028   5280 S   0,0  0,0   0:00.00 tcpdump
14367 root      20   0   22564   6328   5440 S   0,0  0,0   0:00.00 tcpdump
14368 root      20   0   22564   6084   5344 S   0,0  0,0   0:00.00 tcpdump
14217 root      20   0  985308 118368   8912 S   1,0  0,7   0:00.20 ovs-vswitc+
14111 root      10 -10   20924   5028   4280 S   0,0  0,0   0:00.00 ovsdb-serv+
14150 root      10 -10   26456   9856   8912 S   0,0  0,1   0:00.00 ovs-vswitc+
14213 root      20   0   20912   5096   4312 S   0,0  0,0   0:00.01 ovsdb-serv+
14283 root      20   0   20912   4968   4208 S   0,0  0,0   0:00.01 ovsdb-serv+
14287 root      20   0  985308 118372   8912 S   0,0  0,7   0:00.15 ovs-vswitc+
14362 root      20   0   22564   5996   5248 S   0,0  0,0   0:00.00 tcpdump
14363 root      20   0   22564   6160   5412 S   0,0  0,0   0:00.00 tcpdump
14364 root      20   0   22564   6072   5324 S   0,0  0,0   0:00.00 tcpdump
14365 root      20   0   22564   6048   5300 S   0,0  0,0   0:00.00 tcpdump
14366 root      20   0   22564   6028   5280 S   0,0  0,0   0:00.00 tcpdump
14367 root      20   0   22564   6328   5440 S   0,0  0,0   0:00.00 tcpdump
14368 root      20   0   22564   6084   5344 S   0,0  0,0   0:00.00 tcpdump
14287 root      20   0  985308 118372   8912 S   1,0  0,7   0:00.16 ovs-vswitc+
14111 root      10 -10   20924   5028   4280 S   0,0  0,0   0:00.00 ovsdb-serv+
14150 root      10 -10   26456   9856   8912 S   0,0  0,1   0:00.00 ovs-vswitc+
14213 root      20   0   20912   5096   4312 S   0,0  0,0   0:00.01 ovsdb-serv+
14217 root      20   0  985308 118368   8912 S   0,0  0,7   0:00.20 ovs-vswitc+
14283 root      20   0   20912   4968   4208 S   0,0  0,0   0:00.01 ovsdb-serv+
14362 root      20   0   22564   5996   5248 S   0,0  0,0   0:00.00 tcpdump
14363 root      20   0   22564   6160   5412 S   0,0  0,0   0:00.00 tcpdump
14364 root      20   0   22564   6072   5324 S   0,0  0,0   0:00.00 tcpdump
14365 root      20   0   22564   6048   5300 S   0,0  0,0   0:00.00 tcpdump
14366 root      20   0   22564   6028   5280 S   0,0  0,0   0:00.00 tcpdump
14367 root      20   0   22564   6328   5440 S   0,0  0,0   0:00.00 tcpdump
14368 root      20   0   22564   6084   5344 S   0,0  0,0   0:00.00 tcpdump
14217 root      20   0  985308 118368   8912 S   1,0  0,7   0:00.21 ovs-vswitc+
14287 root      20   0  985308 118372   8912 S   1,0  0,7   0:00.17 ovs-vswitc+
14111 root      10 -10   20924   5028   4280 S   0,0  0,0   0:00.00 ovsdb-serv+
14150 root      10 -10   26456   9856   8912 S   0,0  0,1   0:00.00 ovs-vswitc+
14213 root      20   0   20912   5096   4312 S   0,0  0,0   0:00.01 ovsdb-serv+
14283 root      20   0   20912   4968   4208 S   0,0  0,0   0:00.01 ovsdb-serv+
14362 root      20   0   22564   5996   5248 S   0,0  0,0   0:00.00 tcpdump
14363 root      20   0   22564   6160   5412 S   0,0  0,0   0:00.00 tcpdump
14364 root      20   0   22564   6072   5324 S   0,0  0,0   0:00.00 tcpdump
14365 root      20   0   22564   6048   5300 S   0,0  0,0   0:00.00 tcpdump
14366 root      20   0   22564   6028   5280 S   0,0  0,0   0:00.00 tcpdump
14367 root      20   0   22564   6328   5440 S   0,0  0,0   0:00.00 tcpdump
14368 root      20   0   22564   6084   5344 S   0,0  0,0   0:00.00 tcpdump
14111 root      10 -10   20924   5028   4280 S   0,0  0,0   0:00.00 ovsdb-serv+
14150 root      10 -10   26456   9856   8912 S   0,0  0,1   0:00.00 ovs-vswitc+
14213 root      20   0   20912   5096   4312 S   0,0  0,0   0:00.01 ovsdb-serv+
14217 root      20   0  985308 118368   8912 S   0,0  0,7   0:00.21 ovs-vswitc+
14283 root      20   0   20912   4968   4208 S   0,0  0,0   0:00.01 ovsdb-serv+
14287 root      20   0  985308 118372   8912 S   0,0  0,7   0:00.17 ovs-vswitc+
14362 root      20   0   22564   5996   5248 S   0,0  0,0   0:00.00 tcpdump
14363 root      20   0   22564   6160   5412 S   0,0  0,0   0:00.00 tcpdump
14364 root      20   0   22564   6072   5324 S   0,0  0,0   0:00.00 tcpdump
14365 root      20   0   22564   6048   5300 S   0,0  0,0   0:00.00 tcpdump
14366 root      20   0   22564   6028   5280 S   0,0  0,0   0:00.00 tcpdump
14367 root      20   0   22564   6328   5440 S   0,0  0,0   0:00.00 tcpdump
14368 root      20   0   22564   6084   5344 S   0,0  0,0   0:00.00 tcpdump
14287 root      20   0  985416 118548   8912 S   2,0  0,7   0:00.19 ovs-vswitc+
14217 root      20   0  985308 118368   8912 S   1,0  0,7   0:00.22 ovs-vswitc+
14111 root      10 -10   20924   5028   4280 S   0,0  0,0   0:00.00 ovsdb-serv+
14150 root      10 -10   26456   9856   8912 S   0,0  0,1   0:00.00 ovs-vswitc+
14213 root      20   0   20912   5096   4312 S   0,0  0,0   0:00.01 ovsdb-serv+
14283 root      20   0   20912   4968   4208 S   0,0  0,0   0:00.01 ovsdb-serv+
14362 root      20   0   22564   5996   5248 S   0,0  0,0   0:00.00 tcpdump
14363 root      20   0   22564   6160   5412 S   0,0  0,0   0:00.00 tcpdump
14364 root      20   0   22564   6072   5324 S   0,0  0,0   0:00.00 tcpdump
14365 root      20   0   22564   6048   5300 S   0,0  0,0   0:00.00 tcpdump
14366 root      20   0   22564   6028   5280 S   0,0  0,0   0:00.00 tcpdump
14367 root      20   0   22564   6328   5440 S   0,0  0,0   0:00.00 tcpdump
14368 root      20   0   22564   6084   5344 S   0,0  0,0   0:00.00 tcpdump
14217 root      20   0  985400 118532   8912 S   2,0  0,7   0:00.24 ovs-vswitc+
14287 root      20   0  985416 118548   8912 S   2,0  0,7   0:00.21 ovs-vswitc+
14111 root      10 -10   20924   5028   4280 S   0,0  0,0   0:00.00 ovsdb-serv+
14150 root      10 -10   26456   9856   8912 S   0,0  0,1   0:00.00 ovs-vswitc+
14213 root      20   0   20912   5096   4312 S   0,0  0,0   0:00.01 ovsdb-serv+
14283 root      20   0   20912   4968   4208 S   0,0  0,0   0:00.01 ovsdb-serv+
14362 root      20   0   22564   5996   5248 S   0,0  0,0   0:00.00 tcpdump
14363 root      20   0   22564   6160   5412 S   0,0  0,0   0:00.00 tcpdump
14364 root      20   0   22564   6072   5324 S   0,0  0,0   0:00.00 tcpdump
14365 root      20   0   22564   6048   5300 S   0,0  0,0   0:00.00 tcpdump
14366 root      20   0   22564   6028   5280 S   0,0  0,0   0:00.00 tcpdump
14367 root      20   0   22564   6328   5440 S   0,0  0,0   0:00.00 tcpdump
14368 root      20   0   22564   6084   5344 S   0,0  0,0   0:00.00 tcpdump
14217 root      20   0  985400 118532   8912 S   1,0  0,7   0:00.25 ovs-vswitc+
14287 root      20   0  985416 118548   8912 S   1,0  0,7   0:00.22 ovs-vswitc+
14111 root      10 -10   20924   5028   4280 S   0,0  0,0   0:00.00 ovsdb-serv+
14150 root      10 -10   26456   9856   8912 S   0,0  0,1   0:00.00 ovs-vswitc+
14213 root      20   0   20912   5096   4312 S   0,0  0,0   0:00.01 ovsdb-serv+
14283 root      20   0   20912   4968   4208 S   0,0  0,0   0:00.01 ovsdb-serv+
14362 root      20   0   22564   5996   5248 S   0,0  0,0   0:00.00 tcpdump
14363 root      20   0   22564   6160   5412 S   0,0  0,0   0:00.00 tcpdump
14364 root      20   0   22564   6072   5324 S   0,0  0,0   0:00.00 tcpdump
14365 root      20   0   22564   6048   5300 S   0,0  0,0   0:00.00 tcpdump
14366 root      20   0   22564   6028   5280 S   0,0  0,0   0:00.00 tcpdump
14367 root      20   0   22564   6328   5440 S   0,0  0,0   0:00.00 tcpdump
14368 root      20   0   22564   6084   5344 S   0,0  0,0   0:00.00 tcpdump
14287 root      20   0  985416 118548   8912 S   1,0  0,7   0:00.23 ovs-vswitc+
14111 root      10 -10   20924   5028   4280 S   0,0  0,0   0:00.00 ovsdb-serv+
14150 root      10 -10   26456   9856   8912 S   0,0  0,1   0:00.00 ovs-vswitc+
14213 root      20   0   20912   5096   4312 S   0,0  0,0   0:00.01 ovsdb-serv+
14217 root      20   0  985400 118532   8912 S   0,0  0,7   0:00.25 ovs-vswitc+
14283 root      20   0   20912   4968   4208 S   0,0  0,0   0:00.01 ovsdb-serv+
14362 root      20   0   22564   5996   5248 S   0,0  0,0   0:00.00 tcpdump
14363 root      20   0   22564   6160   5412 S   0,0  0,0   0:00.00 tcpdump
14364 root      20   0   22564   6072   5324 S   0,0  0,0   0:00.00 tcpdump
14365 root      20   0   22564   6048   5300 S   0,0  0,0   0:00.00 tcpdump
14366 root      20   0   22564   6028   5280 S   0,0  0,0   0:00.00 tcpdump
14367 root      20   0   22564   6328   5440 S   0,0  0,0   0:00.00 tcpdump
14368 root      20   0   22564   6084   5344 S   0,0  0,0   0:00.00 tcpdump
14217 root      20   0  985400 118532   8912 S   1,0  0,7   0:00.26 ovs-vswitc+
14287 root      20   0  985416 118548   8912 S   1,0  0,7   0:00.24 ovs-vswitc+
14111 root      10 -10   20924   5028   4280 S   0,0  0,0   0:00.00 ovsdb-serv+
14150 root      10 -10   26456   9856   8912 S   0,0  0,1   0:00.00 ovs-vswitc+
14213 root      20   0   20912   5096   4312 S   0,0  0,0   0:00.01 ovsdb-serv+
14283 root      20   0   20912   4968   4208 S   0,0  0,0   0:00.01 ovsdb-serv+
14362 root      20   0   22564   5996   5248 S   0,0  0,0   0:00.00 tcpdump
14363 root      20   0   22564   6160   5412 S   0,0  0,0   0:00.00 tcpdump
14364 root      20   0   22564   6072   5324 S   0,0  0,0   0:00.00 tcpdump
14365 root      20   0   22564   6048   5300 S   0,0  0,0   0:00.00 tcpdump
14366 root      20   0   22564   6028   5280 S   0,0  0,0   0:00.00 tcpdump
14367 root      20   0   22564   6328   5440 S   0,0  0,0   0:00.00 tcpdump
14368 root      20   0   22564   6084   5344 S   0,0  0,0   0:00.00 tcpdump
14217 root      20   0  985400 118532   8912 S   2,0  0,7   0:00.28 ovs-vswitc+
14287 root      20   0  985416 118548   8912 S   2,0  0,7   0:00.26 ovs-vswitc+
14111 root      10 -10   20924   5028   4280 S   0,0  0,0   0:00.00 ovsdb-serv+
14150 root      10 -10   26456   9856   8912 S   0,0  0,1   0:00.00 ovs-vswitc+
14213 root      20   0   20912   5096   4312 S   0,0  0,0   0:00.01 ovsdb-serv+
14283 root      20   0   20912   4968   4208 S   0,0  0,0   0:00.01 ovsdb-serv+
14362 root      20   0   22564   5996   5248 S   0,0  0,0   0:00.00 tcpdump
14363 root      20   0   22564   6160   5412 S   0,0  0,0   0:00.00 tcpdump
14364 root      20   0   22564   6072   5324 S   0,0  0,0   0:00.00 tcpdump
14365 root      20   0   22564   6048   5300 S   0,0  0,0   0:00.00 tcpdump
14366 root      20   0   22564   6028   5280 S   0,0  0,0   0:00.00 tcpdump
14367 root      20   0   22564   6328   5440 S   0,0  0,0   0:00.00 tcpdump
14368 root      20   0   22564   6084   5344 S   0,0  0,0   0:00.00 tcpdump
14217 root      20   0  985400 118532   8912 S   1,0  0,7   0:00.29 ovs-vswitc+
14287 root      20   0  985416 118548   8912 S   1,0  0,7   0:00.27 ovs-vswitc+
14111 root      10 -10   20924   5028   4280 S   0,0  0,0   0:00.00 ovsdb-serv+
14150 root      10 -10   26456   9856   8912 S   0,0  0,1   0:00.00 ovs-vswitc+
14213 root      20   0   20912   5096   4312 S   0,0  0,0   0:00.01 ovsdb-serv+
14283 root      20   0   20912   4968   4208 S   0,0  0,0   0:00.01 ovsdb-serv+
14362 root      20   0   22564   5996   5248 S   0,0  0,0   0:00.00 tcpdump
14363 root      20   0   22564   6160   5412 S   0,0  0,0   0:00.00 tcpdump
14364 root      20   0   22564   6072   5324 S   0,0  0,0   0:00.00 tcpdump
14365 root      20   0   22564   6048   5300 S   0,0  0,0   0:00.00 tcpdump
14366 root      20   0   22564   6028   5280 S   0,0  0,0   0:00.00 tcpdump
14367 root      20   0   22564   6328   5440 S   0,0  0,0   0:00.00 tcpdump
14368 root      20   0   22564   6084   5344 S   0,0  0,0   0:00.00 tcpdump
14217 root      20   0  985400 118532   8912 S   1,0  0,7   0:00.30 ovs-vswitc+
14111 root      10 -10   20924   5028   4280 S   0,0  0,0   0:00.00 ovsdb-serv+
14150 root      10 -10   26456   9856   8912 S   0,0  0,1   0:00.00 ovs-vswitc+
14213 root      20   0   20912   5096   4312 S   0,0  0,0   0:00.01 ovsdb-serv+
14283 root      20   0   20912   4968   4208 S   0,0  0,0   0:00.01 ovsdb-serv+
14287 root      20   0  985416 118548   8912 S   0,0  0,7   0:00.27 ovs-vswitc+
14362 root      20   0   22564   5996   5248 S   0,0  0,0   0:00.00 tcpdump
14363 root      20   0   22564   6160   5412 S   0,0  0,0   0:00.00 tcpdump
14364 root      20   0   22564   6072   5324 S   0,0  0,0   0:00.00 tcpdump
14365 root      20   0   22564   6048   5300 S   0,0  0,0   0:00.00 tcpdump
14366 root      20   0   22564   6028   5280 S   0,0  0,0   0:00.00 tcpdump
14367 root      20   0   22564   6328   5440 S   0,0  0,0   0:00.00 tcpdump
14368 root      20   0   22564   6084   5344 S   0,0  0,0   0:00.00 tcpdump
14287 root      20   0  985416 118548   8912 S   2,0  0,7   0:00.29 ovs-vswitc+
14217 root      20   0  985400 118532   8912 S   1,0  0,7   0:00.31 ovs-vswitc+
14111 root      10 -10   20924   5028   4280 S   0,0  0,0   0:00.00 ovsdb-serv+
14150 root      10 -10   26456   9856   8912 S   0,0  0,1   0:00.00 ovs-vswitc+
14213 root      20   0   20912   5096   4312 S   0,0  0,0   0:00.01 ovsdb-serv+
14283 root      20   0   20912   4968   4208 S   0,0  0,0   0:00.01 ovsdb-serv+
14362 root      20   0   22564   5996   5248 S   0,0  0,0   0:00.00 tcpdump
14363 root      20   0   22564   6160   5412 S   0,0  0,0   0:00.00 tcpdump
14364 root      20   0   22564   6072   5324 S   0,0  0,0   0:00.00 tcpdump
14365 root      20   0   22564   6048   5300 S   0,0  0,0   0:00.00 tcpdump
14366 root      20   0   22564   6028   5280 S   0,0  0,0   0:00.00 tcpdump
14367 root      20   0   22564   6328   5440 S   0,0  0,0   0:00.00 tcpdump
14368 root      20   0   22564   6084   5344 S   0,0  0,0   0:00.00 tcpdump
14217 root      20   0  985400 118532   8912 S   1,0  0,7   0:00.32 ovs-vswitc+
14287 root      20   0  985416 118548   8912 S   1,0  0,7   0:00.30 ovs-vswitc+
14111 root      10 -10   20924   5028   4280 S   0,0  0,0   0:00.00 ovsdb-serv+
14150 root      10 -10   26456   9856   8912 S   0,0  0,1   0:00.00 ovs-vswitc+
14213 root      20   0   20912   5096   4312 S   0,0  0,0   0:00.01 ovsdb-serv+
14283 root      20   0   20912   4968   4208 S   0,0  0,0   0:00.01 ovsdb-serv+
14362 root      20   0   22564   5996   5248 S   0,0  0,0   0:00.00 tcpdump
14363 root      20   0   22564   6160   5412 S   0,0  0,0   0:00.00 tcpdump
14364 root      20   0   22564   6072   5324 S   0,0  0,0   0:00.00 tcpdump
14365 root      20   0   22564   6048   5300 S   0,0  0,0   0:00.00 tcpdump
14366 root      20   0   22564   6028   5280 S   0,0  0,0   0:00.00 tcpdump
14367 root      20   0   22564   6328   5440 S   0,0  0,0   0:00.00 tcpdump
14368 root      20   0   22564   6084   5344 S   0,0  0,0   0:00.00 tcpdump
14217 root      20   0  985400 118532   8912 S   1,0  0,7   0:00.33 ovs-vswitc+
14287 root      20   0  985416 118548   8912 S   1,0  0,7   0:00.31 ovs-vswitc+
14111 root      10 -10   20924   5028   4280 S   0,0  0,0   0:00.00 ovsdb-serv+
14150 root      10 -10   26456   9856   8912 S   0,0  0,1   0:00.00 ovs-vswitc+
14213 root      20   0   20912   5096   4312 S   0,0  0,0   0:00.01 ovsdb-serv+
14283 root      20   0   20912   4968   4208 S   0,0  0,0   0:00.01 ovsdb-serv+
14362 root      20   0   22564   5996   5248 S   0,0  0,0   0:00.00 tcpdump
14363 root      20   0   22564   6160   5412 S   0,0  0,0   0:00.00 tcpdump
14364 root      20   0   22564   6072   5324 S   0,0  0,0   0:00.00 tcpdump
14365 root      20   0   22564   6048   5300 S   0,0  0,0   0:00.00 tcpdump
14366 root      20   0   22564   6028   5280 S   0,0  0,0   0:00.00 tcpdump
14367 root      20   0   22564   6328   5440 S   0,0  0,0   0:00.00 tcpdump
14368 root      20   0   22564   6084   5344 S   0,0  0,0   0:00.00 tcpdump
14217 root      20   0  985400 118532   8912 S   2,0  0,7   0:00.35 ovs-vswitc+
14287 root      20   0  985416 118548   8912 S   1,0  0,7   0:00.32 ovs-vswitc+
14111 root      10 -10   20924   5028   4280 S   0,0  0,0   0:00.00 ovsdb-serv+
14150 root      10 -10   26456   9856   8912 S   0,0  0,1   0:00.00 ovs-vswitc+
14213 root      20   0   20912   5096   4312 S   0,0  0,0   0:00.01 ovsdb-serv+
14283 root      20   0   20912   4968   4208 S   0,0  0,0   0:00.01 ovsdb-serv+
14362 root      20   0   22564   5996   5248 S   0,0  0,0   0:00.00 tcpdump
14363 root      20   0   22564   6160   5412 S   0,0  0,0   0:00.00 tcpdump
14364 root      20   0   22564   6072   5324 S   0,0  0,0   0:00.00 tcpdump
14365 root      20   0   22564   6048   5300 S   0,0  0,0   0:00.00 tcpdump
14366 root      20   0   22564   6028   5280 S   0,0  0,0   0:00.00 tcpdump
14367 root      20   0   22564   6328   5440 S   0,0  0,0   0:00.00 tcpdump
14368 root      20   0   22564   6084   5344 S   0,0  0,0   0:00.00 tcpdump
14287 root      20   0  985416 118548   8912 S   2,0  0,7   0:00.34 ovs-vswitc+
14111 root      10 -10   20924   5028   4280 S   0,0  0,0   0:00.00 ovsdb-serv+
14150 root      10 -10   26456   9856   8912 S   0,0  0,1   0:00.00 ovs-vswitc+
14213 root      20   0   20912   5096   4312 S   0,0  0,0   0:00.01 ovsdb-serv+
14217 root      20   0  985400 118532   8912 S   0,0  0,7   0:00.35 ovs-vswitc+
14283 root      20   0   20912   4968   4208 S   0,0  0,0   0:00.01 ovsdb-serv+
14362 root      20   0   22564   5996   5248 S   0,0  0,0   0:00.00 tcpdump
14363 root      20   0   22564   6160   5412 S   0,0  0,0   0:00.00 tcpdump
14364 root      20   0   22564   6072   5324 S   0,0  0,0   0:00.00 tcpdump
14365 root      20   0   22564   6048   5300 S   0,0  0,0   0:00.00 tcpdump
14366 root      20   0   22564   6028   5280 S   0,0  0,0   0:00.00 tcpdump
14367 root      20   0   22564   6328   5440 S   0,0  0,0   0:00.00 tcpdump
14368 root      20   0   22564   6084   5344 S   0,0  0,0   0:00.00 tcpdump
14217 root      20   0  985400 118532   8912 S   1,0  0,7   0:00.36 ovs-vswitc+
14111 root      10 -10   20924   5028   4280 S   0,0  0,0   0:00.00 ovsdb-serv+
14150 root      10 -10   26456   9856   8912 S   0,0  0,1   0:00.00 ovs-vswitc+
14213 root      20   0   20912   5096   4312 S   0,0  0,0   0:00.01 ovsdb-serv+
14283 root      20   0   20912   4968   4208 S   0,0  0,0   0:00.01 ovsdb-serv+
14287 root      20   0  985416 118548   8912 S   0,0  0,7   0:00.34 ovs-vswitc+
14362 root      20   0   22564   5996   5248 S   0,0  0,0   0:00.00 tcpdump
14363 root      20   0   22564   6160   5412 S   0,0  0,0   0:00.00 tcpdump
14364 root      20   0   22564   6072   5324 S   0,0  0,0   0:00.00 tcpdump
14365 root      20   0   22564   6048   5300 S   0,0  0,0   0:00.00 tcpdump
14366 root      20   0   22564   6028   5280 S   0,0  0,0   0:00.00 tcpdump
14367 root      20   0   22564   6328   5440 S   0,0  0,0   0:00.00 tcpdump
14368 root      20   0   22564   6084   5344 S   0,0  0,0   0:00.00 tcpdump
14217 root      20   0  985400 118532   8912 S   2,0  0,7   0:00.38 ovs-vswitc+
14287 root      20   0  985416 118548   8912 S   1,0  0,7   0:00.35 ovs-vswitc+
14111 root      10 -10   20924   5028   4280 S   0,0  0,0   0:00.00 ovsdb-serv+
14150 root      10 -10   26456   9856   8912 S   0,0  0,1   0:00.00 ovs-vswitc+
14213 root      20   0   20912   5096   4312 S   0,0  0,0   0:00.01 ovsdb-serv+
14283 root      20   0   20912   4968   4208 S   0,0  0,0   0:00.01 ovsdb-serv+
14362 root      20   0   22564   5996   5248 S   0,0  0,0   0:00.00 tcpdump
14363 root      20   0   22564   6160   5412 S   0,0  0,0   0:00.00 tcpdump
14364 root      20   0   22564   6072   5324 S   0,0  0,0   0:00.00 tcpdump
14365 root      20   0   22564   6048   5300 S   0,0  0,0   0:00.00 tcpdump
14366 root      20   0   22564   6028   5280 S   0,0  0,0   0:00.00 tcpdump
14367 root      20   0   22564   6328   5440 S   0,0  0,0   0:00.00 tcpdump
14368 root      20   0   22564   6084   5344 S   0,0  0,0   0:00.00 tcpdump
14287 root      20   0  985416 118548   8912 S   3,0  0,7   0:00.38 ovs-vswitc+
14217 root      20   0  985400 118532   8912 S   2,0  0,7   0:00.40 ovs-vswitc+
14111 root      10 -10   20924   5028   4280 S   0,0  0,0   0:00.00 ovsdb-serv+
14150 root      10 -10   26456   9856   8912 S   0,0  0,1   0:00.00 ovs-vswitc+
14213 root      20   0   20912   5096   4312 S   0,0  0,0   0:00.01 ovsdb-serv+
14283 root      20   0   20912   4968   4208 S   0,0  0,0   0:00.01 ovsdb-serv+
14362 root      20   0   22564   5996   5248 S   0,0  0,0   0:00.00 tcpdump
14363 root      20   0   22564   6160   5412 S   0,0  0,0   0:00.00 tcpdump
14364 root      20   0   22564   6072   5324 S   0,0  0,0   0:00.00 tcpdump
14365 root      20   0   22564   6048   5300 S   0,0  0,0   0:00.00 tcpdump
14366 root      20   0   22564   6028   5280 S   0,0  0,0   0:00.00 tcpdump
14367 root      20   0   22564   6328   5440 S   0,0  0,0   0:00.00 tcpdump
14368 root      20   0   22564   6084   5344 S   0,0  0,0   0:00.00 tcpdump
14217 root      20   0  985400 118792   8912 S   8,9  0,7   0:00.49 ovs-vswitc+
14287 root      20   0  985416 118808   8912 S   8,9  0,7   0:00.47 ovs-vswitc+
14111 root      10 -10   20924   5028   4280 S   0,0  0,0   0:00.00 ovsdb-serv+
14150 root      10 -10   26456   9856   8912 S   0,0  0,1   0:00.00 ovs-vswitc+
14213 root      20   0   20912   5096   4312 S   0,0  0,0   0:00.01 ovsdb-serv+
14283 root      20   0   20912   4968   4208 S   0,0  0,0   0:00.01 ovsdb-serv+
14362 root      20   0   22564   5996   5248 S   0,0  0,0   0:00.00 tcpdump
14363 root      20   0   22564   6160   5412 S   0,0  0,0   0:00.00 tcpdump
14364 root      20   0   22564   6072   5324 S   0,0  0,0   0:00.00 tcpdump
14365 root      20   0   22564   6048   5300 S   0,0  0,0   0:00.00 tcpdump
14366 root      20   0   22564   6028   5280 S   0,0  0,0   0:00.00 tcpdump
14367 root      20   0   22564   6328   5440 S   0,0  0,0   0:00.00 tcpdump
14368 root      20   0   22564   6084   5344 S   0,0  0,0   0:00.00 tcpdump
14217 root      20   0  985400 119320   8912 S   9,9  0,7   0:00.59 ovs-vswitc+
14287 root      20   0  985416 119336   8912 S   8,9  0,7   0:00.56 ovs-vswitc+
14111 root      10 -10   20924   5028   4280 S   0,0  0,0   0:00.00 ovsdb-serv+
14150 root      10 -10   26456   9856   8912 S   0,0  0,1   0:00.00 ovs-vswitc+
14213 root      20   0   20912   5096   4312 S   0,0  0,0   0:00.01 ovsdb-serv+
14283 root      20   0   20912   4968   4208 S   0,0  0,0   0:00.01 ovsdb-serv+
14362 root      20   0   22564   5996   5248 S   0,0  0,0   0:00.00 tcpdump
14363 root      20   0   22564   6160   5412 S   0,0  0,0   0:00.00 tcpdump
14364 root      20   0   22564   6072   5324 S   0,0  0,0   0:00.00 tcpdump
14365 root      20   0   22564   6048   5300 S   0,0  0,0   0:00.00 tcpdump
14366 root      20   0   22564   6028   5280 S   0,0  0,0   0:00.00 tcpdump
14367 root      20   0   22564   6328   5440 S   0,0  0,0   0:00.00 tcpdump
14368 root      20   0   22564   6084   5344 S   0,0  0,0   0:00.00 tcpdump
14217 root      20   0  985400 119848   8912 S   9,9  0,7   0:00.69 ovs-vswitc+
14287 root      20   0  985416 119864   8912 S   9,9  0,7   0:00.66 ovs-vswitc+
14111 root      10 -10   20924   5028   4280 S   0,0  0,0   0:00.00 ovsdb-serv+
14150 root      10 -10   26456   9856   8912 S   0,0  0,1   0:00.00 ovs-vswitc+
14213 root      20   0   20912   5096   4312 S   0,0  0,0   0:00.01 ovsdb-serv+
14283 root      20   0   20912   4968   4208 S   0,0  0,0   0:00.01 ovsdb-serv+
14362 root      20   0   22564   5996   5248 S   0,0  0,0   0:00.00 tcpdump
14363 root      20   0   22564   6160   5412 S   0,0  0,0   0:00.00 tcpdump
14364 root      20   0   22564   6072   5324 S   0,0  0,0   0:00.00 tcpdump
14365 root      20   0   22564   6048   5300 S   0,0  0,0   0:00.00 tcpdump
14366 root      20   0   22564   6028   5280 S   0,0  0,0   0:00.00 tcpdump
14367 root      20   0   22564   6328   5440 S   0,0  0,0   0:00.00 tcpdump
14368 root      20   0   22564   6084   5344 S   0,0  0,0   0:00.00 tcpdump
14217 root      20   0  985400 120376   8912 S   9,9  0,7   0:00.79 ovs-vswitc+
14287 root      20   0  985416 120392   8912 S   8,9  0,7   0:00.75 ovs-vswitc+
14111 root      10 -10   20924   5028   4280 S   0,0  0,0   0:00.00 ovsdb-serv+
14150 root      10 -10   26456   9856   8912 S   0,0  0,1   0:00.00 ovs-vswitc+
14213 root      20   0   20912   5096   4312 S   0,0  0,0   0:00.01 ovsdb-serv+
14283 root      20   0   20912   4968   4208 S   0,0  0,0   0:00.01 ovsdb-serv+
14362 root      20   0   22564   5996   5248 S   0,0  0,0   0:00.00 tcpdump
14363 root      20   0   22564   6160   5412 S   0,0  0,0   0:00.00 tcpdump
14364 root      20   0   22564   6072   5324 S   0,0  0,0   0:00.00 tcpdump
14365 root      20   0   22564   6048   5300 S   0,0  0,0   0:00.00 tcpdump
14366 root      20   0   22564   6028   5280 S   0,0  0,0   0:00.00 tcpdump
14367 root      20   0   22564   6328   5440 S   0,0  0,0   0:00.00 tcpdump
14368 root      20   0   22564   6084   5344 S   0,0  0,0   0:00.00 tcpdump
14217 root      20   0  985400 120904   8912 S   8,9  0,7   0:00.88 ovs-vswitc+
14287 root      20   0  985416 120920   8912 S   8,9  0,7   0:00.84 ovs-vswitc+
14111 root      10 -10   20924   5028   4280 S   0,0  0,0   0:00.00 ovsdb-serv+
14150 root      10 -10   26456   9856   8912 S   0,0  0,1   0:00.00 ovs-vswitc+
14213 root      20   0   20912   5096   4312 S   0,0  0,0   0:00.01 ovsdb-serv+
14283 root      20   0   20912   4968   4208 S   0,0  0,0   0:00.01 ovsdb-serv+
14362 root      20   0   22564   5996   5248 S   0,0  0,0   0:00.00 tcpdump
14363 root      20   0   22564   6160   5412 S   0,0  0,0   0:00.00 tcpdump
14364 root      20   0   22564   6072   5324 S   0,0  0,0   0:00.00 tcpdump
14365 root      20   0   22564   6048   5300 S   0,0  0,0   0:00.00 tcpdump
14366 root      20   0   22564   6028   5280 S   0,0  0,0   0:00.00 tcpdump
14367 root      20   0   22564   6328   5440 S   0,0  0,0   0:00.00 tcpdump
14368 root      20   0   22564   6084   5344 S   0,0  0,0   0:00.00 tcpdump
14217 root      20   0  985400 121168   8912 S  10,0  0,7   0:00.98 ovs-vswitc+
14287 root      20   0  985416 121184   8912 S  10,0  0,7   0:00.94 ovs-vswitc+
14111 root      10 -10   20924   5028   4280 S   0,0  0,0   0:00.00 ovsdb-serv+
14150 root      10 -10   26456   9856   8912 S   0,0  0,1   0:00.00 ovs-vswitc+
14213 root      20   0   20912   5096   4312 S   0,0  0,0   0:00.01 ovsdb-serv+
14283 root      20   0   20912   4968   4208 S   0,0  0,0   0:00.01 ovsdb-serv+
14362 root      20   0   22564   5996   5248 S   0,0  0,0   0:00.00 tcpdump
14363 root      20   0   22564   6160   5412 S   0,0  0,0   0:00.00 tcpdump
14364 root      20   0   22564   6072   5324 S   0,0  0,0   0:00.00 tcpdump
14365 root      20   0   22564   6048   5300 S   0,0  0,0   0:00.00 tcpdump
14366 root      20   0   22564   6028   5280 S   0,0  0,0   0:00.00 tcpdump
14367 root      20   0   22564   6328   5440 S   0,0  0,0   0:00.00 tcpdump
14368 root      20   0   22564   6084   5344 S   0,0  0,0   0:00.00 tcpdump
14217 root      20   0  985400 121696   8912 S  10,9  0,7   0:01.09 ovs-vswitc+
14287 root      20   0  985416 121712   8912 S   9,9  0,7   0:01.04 ovs-vswitc+
14111 root      10 -10   20924   5028   4280 S   0,0  0,0   0:00.00 ovsdb-serv+
14150 root      10 -10   26456   9856   8912 S   0,0  0,1   0:00.00 ovs-vswitc+
14213 root      20   0   20912   5096   4312 S   0,0  0,0   0:00.01 ovsdb-serv+
14283 root      20   0   20912   4968   4208 S   0,0  0,0   0:00.01 ovsdb-serv+
14362 root      20   0   22564   5996   5248 S   0,0  0,0   0:00.00 tcpdump
14363 root      20   0   22564   6160   5412 S   0,0  0,0   0:00.00 tcpdump
14364 root      20   0   22564   6072   5324 S   0,0  0,0   0:00.00 tcpdump
14365 root      20   0   22564   6048   5300 S   0,0  0,0   0:00.00 tcpdump
14366 root      20   0   22564   6028   5280 S   0,0  0,0   0:00.00 tcpdump
14367 root      20   0   22564   6328   5440 S   0,0  0,0   0:00.00 tcpdump
14368 root      20   0   22564   6084   5344 S   0,0  0,0   0:00.00 tcpdump
14217 root      20   0  985400 121696   8912 S   3,0  0,7   0:01.12 ovs-vswitc+
14287 root      20   0  985416 121712   8912 S   3,0  0,7   0:01.07 ovs-vswitc+
14111 root      10 -10   20924   5028   4280 S   0,0  0,0   0:00.00 ovsdb-serv+
14150 root      10 -10   26456   9856   8912 S   0,0  0,1   0:00.00 ovs-vswitc+
14213 root      20   0   20912   5096   4312 S   0,0  0,0   0:00.01 ovsdb-serv+
14283 root      20   0   20912   4968   4208 S   0,0  0,0   0:00.01 ovsdb-serv+
14362 root      20   0   22564   5996   5248 S   0,0  0,0   0:00.00 tcpdump
14363 root      20   0   22564   6160   5412 S   0,0  0,0   0:00.00 tcpdump
14364 root      20   0   22564   6072   5324 S   0,0  0,0   0:00.00 tcpdump
14365 root      20   0   22564   6048   5300 S   0,0  0,0   0:00.00 tcpdump
14366 root      20   0   22564   6028   5280 S   0,0  0,0   0:00.00 tcpdump
14367 root      20   0   22564   6328   5440 S   0,0  0,0   0:00.00 tcpdump
14368 root      20   0   22564   6084   5344 S   0,0  0,0   0:00.00 tcpdump
14217 root      20   0  985400 121696   8912 S   2,0  0,7   0:01.14 ovs-vswitc+
14287 root      20   0  985416 121712   8912 S   2,0  0,7   0:01.09 ovs-vswitc+
14111 root      10 -10   20924   5028   4280 S   0,0  0,0   0:00.00 ovsdb-serv+
14150 root      10 -10   26456   9856   8912 S   0,0  0,1   0:00.00 ovs-vswitc+
14213 root      20   0   20912   5096   4312 S   0,0  0,0   0:00.01 ovsdb-serv+
14283 root      20   0   20912   4968   4208 S   0,0  0,0   0:00.01 ovsdb-serv+
14362 root      20   0   22564   5996   5248 S   0,0  0,0   0:00.00 tcpdump
14363 root      20   0   22564   6160   5412 S   0,0  0,0   0:00.00 tcpdump
14364 root      20   0   22564   6072   5324 S   0,0  0,0   0:00.00 tcpdump
14365 root      20   0   22564   6048   5300 S   0,0  0,0   0:00.00 tcpdump
14366 root      20   0   22564   6028   5280 S   0,0  0,0   0:00.00 tcpdump
14367 root      20   0   22564   6328   5440 S   0,0  0,0   0:00.00 tcpdump
14368 root      20   0   22564   6084   5344 S   0,0  0,0   0:00.00 tcpdump
14217 root      20   0  985400 121696   8912 S   2,9  0,7   0:01.17 ovs-vswitc+
14287 root      20   0  985416 121712   8912 S   2,0  0,7   0:01.11 ovs-vswitc+
14111 root      10 -10   20924   5028   4280 S   0,0  0,0   0:00.00 ovsdb-serv+
14150 root      10 -10   26456   9856   8912 S   0,0  0,1   0:00.00 ovs-vswitc+
14213 root      20   0   20912   5096   4312 S   0,0  0,0   0:00.01 ovsdb-serv+
14283 root      20   0   20912   4968   4208 S   0,0  0,0   0:00.01 ovsdb-serv+
14362 root      20   0   22564   5996   5248 S   0,0  0,0   0:00.00 tcpdump
14363 root      20   0   22564   6160   5412 S   0,0  0,0   0:00.00 tcpdump
14364 root      20   0   22564   6072   5324 S   0,0  0,0   0:00.00 tcpdump
14365 root      20   0   22564   6048   5300 S   0,0  0,0   0:00.00 tcpdump
14366 root      20   0   22564   6028   5280 S   0,0  0,0   0:00.00 tcpdump
14367 root      20   0   22564   6328   5440 S   0,0  0,0   0:00.00 tcpdump
14368 root      20   0   22564   6084   5344 S   0,0  0,0   0:00.00 tcpdump
14287 root      20   0  985416 121712   8912 S   3,0  0,7   0:01.14 ovs-vswitc+
14217 root      20   0  985400 121696   8912 S   2,0  0,7   0:01.19 ovs-vswitc+
14111 root      10 -10   20924   5028   4280 S   0,0  0,0   0:00.00 ovsdb-serv+
14150 root      10 -10   26456   9856   8912 S   0,0  0,1   0:00.00 ovs-vswitc+
14213 root      20   0   20912   5096   4312 S   0,0  0,0   0:00.01 ovsdb-serv+
14283 root      20   0   20912   4968   4208 S   0,0  0,0   0:00.01 ovsdb-serv+
14362 root      20   0   22564   5996   5248 S   0,0  0,0   0:00.00 tcpdump
14363 root      20   0   22564   6160   5412 S   0,0  0,0   0:00.00 tcpdump
14364 root      20   0   22564   6072   5324 S   0,0  0,0   0:00.00 tcpdump
14365 root      20   0   22564   6048   5300 S   0,0  0,0   0:00.00 tcpdump
14366 root      20   0   22564   6028   5280 S   0,0  0,0   0:00.00 tcpdump
14367 root      20   0   22564   6328   5440 S   0,0  0,0   0:00.00 tcpdump
14368 root      20   0   22564   6084   5344 S   0,0  0,0   0:00.00 tcpdump
14217 root      20   0  985400 121696   8912 S   4,0  0,7   0:01.23 ovs-vswitc+
14287 root      20   0  985416 121712   8912 S   3,0  0,7   0:01.17 ovs-vswitc+
14111 root      10 -10   20924   5028   4280 S   0,0  0,0   0:00.00 ovsdb-serv+
14150 root      10 -10   26456   9856   8912 S   0,0  0,1   0:00.00 ovs-vswitc+
14213 root      20   0   20912   5096   4312 S   0,0  0,0   0:00.01 ovsdb-serv+
14283 root      20   0   20912   4968   4208 S   0,0  0,0   0:00.01 ovsdb-serv+
14362 root      20   0   22564   5996   5248 S   0,0  0,0   0:00.00 tcpdump
14363 root      20   0   22564   6160   5412 S   0,0  0,0   0:00.00 tcpdump
14364 root      20   0   22564   6072   5324 S   0,0  0,0   0:00.00 tcpdump
14365 root      20   0   22564   6048   5300 S   0,0  0,0   0:00.00 tcpdump
14366 root      20   0   22564   6028   5280 S   0,0  0,0   0:00.00 tcpdump
14367 root      20   0   22564   6328   5440 S   0,0  0,0   0:00.00 tcpdump
14368 root      20   0   22564   6084   5344 S   0,0  0,0   0:00.00 tcpdump
14217 root      20   0  985400 121696   8912 S   2,9  0,7   0:01.26 ovs-vswitc+
14287 root      20   0  985416 121712   8912 S   1,0  0,7   0:01.18 ovs-vswitc+
14111 root      10 -10   20924   5028   4280 S   0,0  0,0   0:00.00 ovsdb-serv+
14150 root      10 -10   26456   9856   8912 S   0,0  0,1   0:00.00 ovs-vswitc+
14213 root      20   0   20912   5096   4312 S   0,0  0,0   0:00.01 ovsdb-serv+
14283 root      20   0   20912   4968   4208 S   0,0  0,0   0:00.01 ovsdb-serv+
14362 root      20   0   22564   5996   5248 S   0,0  0,0   0:00.00 tcpdump
14363 root      20   0   22564   6160   5412 S   0,0  0,0   0:00.00 tcpdump
14364 root      20   0   22564   6072   5324 S   0,0  0,0   0:00.00 tcpdump
14365 root      20   0   22564   6048   5300 S   0,0  0,0   0:00.00 tcpdump
14366 root      20   0   22564   6028   5280 S   0,0  0,0   0:00.00 tcpdump
14367 root      20   0   22564   6328   5440 S   0,0  0,0   0:00.00 tcpdump
14368 root      20   0   22564   6084   5344 S   0,0  0,0   0:00.00 tcpdump
14217 root      20   0  985400 121696   8912 S   3,0  0,7   0:01.29 ovs-vswitc+
14287 root      20   0  985416 121712   8912 S   2,0  0,7   0:01.20 ovs-vswitc+
14111 root      10 -10   20924   5028   4280 S   0,0  0,0   0:00.00 ovsdb-serv+
14150 root      10 -10   26456   9856   8912 S   0,0  0,1   0:00.00 ovs-vswitc+
14213 root      20   0   20912   5096   4312 S   0,0  0,0   0:00.01 ovsdb-serv+
14283 root      20   0   20912   4968   4208 S   0,0  0,0   0:00.01 ovsdb-serv+
14362 root      20   0   22564   5996   5248 S   0,0  0,0   0:00.00 tcpdump
14363 root      20   0   22564   6160   5412 S   0,0  0,0   0:00.00 tcpdump
14364 root      20   0   22564   6072   5324 S   0,0  0,0   0:00.00 tcpdump
14365 root      20   0   22564   6048   5300 S   0,0  0,0   0:00.00 tcpdump
14366 root      20   0   22564   6028   5280 S   0,0  0,0   0:00.00 tcpdump
14367 root      20   0   22564   6328   5440 S   0,0  0,0   0:00.00 tcpdump
14368 root      20   0   22564   6084   5344 S   0,0  0,0   0:00.00 tcpdump
14217 root      20   0  985400 121696   8912 S   2,0  0,7   0:01.31 ovs-vswitc+
14287 root      20   0  985416 121712   8912 S   2,0  0,7   0:01.22 ovs-vswitc+
14111 root      10 -10   20924   5028   4280 S   0,0  0,0   0:00.00 ovsdb-serv+
14150 root      10 -10   26456   9856   8912 S   0,0  0,1   0:00.00 ovs-vswitc+
14213 root      20   0   20912   5096   4312 S   0,0  0,0   0:00.01 ovsdb-serv+
14283 root      20   0   20912   4968   4208 S   0,0  0,0   0:00.01 ovsdb-serv+
14362 root      20   0   22564   5996   5248 S   0,0  0,0   0:00.00 tcpdump
14363 root      20   0   22564   6160   5412 S   0,0  0,0   0:00.00 tcpdump
14364 root      20   0   22564   6072   5324 S   0,0  0,0   0:00.00 tcpdump
14365 root      20   0   22564   6048   5300 S   0,0  0,0   0:00.00 tcpdump
14366 root      20   0   22564   6028   5280 S   0,0  0,0   0:00.00 tcpdump
14367 root      20   0   22564   6328   5440 S   0,0  0,0   0:00.00 tcpdump
14368 root      20   0   22564   6084   5344 S   0,0  0,0   0:00.00 tcpdump
14217 root      20   0  985400 121696   8912 S   2,9  0,7   0:01.34 ovs-vswitc+
14287 root      20   0  985416 121712   8912 S   2,0  0,7   0:01.24 ovs-vswitc+
14111 root      10 -10   20924   5028   4280 S   0,0  0,0   0:00.00 ovsdb-serv+
14150 root      10 -10   26456   9856   8912 S   0,0  0,1   0:00.00 ovs-vswitc+
14213 root      20   0   20912   5096   4312 S   0,0  0,0   0:00.01 ovsdb-serv+
14283 root      20   0   20912   4968   4208 S   0,0  0,0   0:00.01 ovsdb-serv+
14362 root      20   0   22564   5996   5248 S   0,0  0,0   0:00.00 tcpdump
14363 root      20   0   22564   6160   5412 S   0,0  0,0   0:00.00 tcpdump
14364 root      20   0   22564   6072   5324 S   0,0  0,0   0:00.00 tcpdump
14365 root      20   0   22564   6048   5300 S   0,0  0,0   0:00.00 tcpdump
14366 root      20   0   22564   6028   5280 S   0,0  0,0   0:00.00 tcpdump
14367 root      20   0   22564   6328   5440 S   0,0  0,0   0:00.00 tcpdump
14368 root      20   0   22564   6084   5344 S   0,0  0,0   0:00.00 tcpdump
14217 root      20   0  985400 121696   8912 S   2,0  0,7   0:01.36 ovs-vswitc+
14287 root      20   0  985416 121712   8912 S   2,0  0,7   0:01.26 ovs-vswitc+
14283 root      20   0   20912   4968   4208 S   1,0  0,0   0:00.02 ovsdb-serv+
14111 root      10 -10   20924   5028   4280 S   0,0  0,0   0:00.00 ovsdb-serv+
14150 root      10 -10   26456   9856   8912 S   0,0  0,1   0:00.00 ovs-vswitc+
14213 root      20   0   20912   5096   4312 S   0,0  0,0   0:00.01 ovsdb-serv+
14362 root      20   0   22564   5996   5248 S   0,0  0,0   0:00.00 tcpdump
14363 root      20   0   22564   6160   5412 S   0,0  0,0   0:00.00 tcpdump
14364 root      20   0   22564   6072   5324 S   0,0  0,0   0:00.00 tcpdump
14365 root      20   0   22564   6048   5300 S   0,0  0,0   0:00.00 tcpdump
14366 root      20   0   22564   6028   5280 S   0,0  0,0   0:00.00 tcpdump
14367 root      20   0   22564   6328   5440 S   0,0  0,0   0:00.00 tcpdump
14368 root      20   0   22564   6084   5344 S   0,0  0,0   0:00.00 tcpdump
14217 root      20   0  985400 121696   8912 S   2,0  0,7   0:01.38 ovs-vswitc+
14287 root      20   0  985416 121712   8912 S   2,0  0,7   0:01.28 ovs-vswitc+
14111 root      10 -10   20924   5028   4280 S   0,0  0,0   0:00.00 ovsdb-serv+
14150 root      10 -10   26456   9856   8912 S   0,0  0,1   0:00.00 ovs-vswitc+
14213 root      20   0   20912   5096   4312 S   0,0  0,0   0:00.01 ovsdb-serv+
14283 root      20   0   20912   4968   4208 S   0,0  0,0   0:00.02 ovsdb-serv+
14362 root      20   0   22564   5996   5248 S   0,0  0,0   0:00.00 tcpdump
14363 root      20   0   22564   6160   5412 S   0,0  0,0   0:00.00 tcpdump
14364 root      20   0   22564   6072   5324 S   0,0  0,0   0:00.00 tcpdump
14365 root      20   0   22564   6048   5300 S   0,0  0,0   0:00.00 tcpdump
14366 root      20   0   22564   6028   5280 S   0,0  0,0   0:00.00 tcpdump
14367 root      20   0   22564   6328   5440 S   0,0  0,0   0:00.00 tcpdump
14368 root      20   0   22564   6084   5344 S   0,0  0,0   0:00.00 tcpdump
14217 root      20   0  985400 121696   8912 S   1,0  0,7   0:01.39 ovs-vswitc+
14111 root      10 -10   20924   5028   4280 S   0,0  0,0   0:00.00 ovsdb-serv+
14150 root      10 -10   26456   9856   8912 S   0,0  0,1   0:00.00 ovs-vswitc+
14213 root      20   0   20912   5096   4312 S   0,0  0,0   0:00.01 ovsdb-serv+
14283 root      20   0   20912   4968   4208 S   0,0  0,0   0:00.02 ovsdb-serv+
14287 root      20   0  985416 121712   8912 S   0,0  0,7   0:01.28 ovs-vswitc+
14362 root      20   0   22564   5996   5248 S   0,0  0,0   0:00.00 tcpdump
14363 root      20   0   22564   6160   5412 S   0,0  0,0   0:00.00 tcpdump
14364 root      20   0   22564   6072   5324 S   0,0  0,0   0:00.00 tcpdump
14365 root      20   0   22564   6048   5300 S   0,0  0,0   0:00.00 tcpdump
14366 root      20   0   22564   6028   5280 S   0,0  0,0   0:00.00 tcpdump
14367 root      20   0   22564   6328   5440 S   0,0  0,0   0:00.00 tcpdump
14368 root      20   0   22564   6084   5344 S   0,0  0,0   0:00.00 tcpdump
14287 root      20   0  985416 121712   8912 S   2,0  0,7   0:01.30 ovs-vswitc+
14217 root      20   0  985400 121696   8912 S   1,0  0,7   0:01.40 ovs-vswitc+
14111 root      10 -10   20924   5028   4280 S   0,0  0,0   0:00.00 ovsdb-serv+
14150 root      10 -10   26456   9856   8912 S   0,0  0,1   0:00.00 ovs-vswitc+
14213 root      20   0   20912   5096   4312 S   0,0  0,0   0:00.01 ovsdb-serv+
14283 root      20   0   20912   4968   4208 S   0,0  0,0   0:00.02 ovsdb-serv+
14362 root      20   0   22564   5996   5248 S   0,0  0,0   0:00.00 tcpdump
14363 root      20   0   22564   6160   5412 S   0,0  0,0   0:00.00 tcpdump
14364 root      20   0   22564   6072   5324 S   0,0  0,0   0:00.00 tcpdump
14365 root      20   0   22564   6048   5300 S   0,0  0,0   0:00.00 tcpdump
14366 root      20   0   22564   6028   5280 S   0,0  0,0   0:00.00 tcpdump
14367 root      20   0   22564   6328   5440 S   0,0  0,0   0:00.00 tcpdump
14368 root      20   0   22564   6084   5344 S   0,0  0,0   0:00.00 tcpdump
14217 root      20   0  985400 121696   8912 S   1,0  0,7   0:01.41 ovs-vswitc+
14287 root      20   0  985416 121712   8912 S   1,0  0,7   0:01.31 ovs-vswitc+
14111 root      10 -10   20924   5028   4280 S   0,0  0,0   0:00.00 ovsdb-serv+
14150 root      10 -10   26456   9856   8912 S   0,0  0,1   0:00.00 ovs-vswitc+
14213 root      20   0   20912   5096   4312 S   0,0  0,0   0:00.01 ovsdb-serv+
14283 root      20   0   20912   4968   4208 S   0,0  0,0   0:00.02 ovsdb-serv+
14362 root      20   0   22564   5996   5248 S   0,0  0,0   0:00.00 tcpdump
14363 root      20   0   22564   6160   5412 S   0,0  0,0   0:00.00 tcpdump
14364 root      20   0   22564   6072   5324 S   0,0  0,0   0:00.00 tcpdump
14365 root      20   0   22564   6048   5300 S   0,0  0,0   0:00.00 tcpdump
14366 root      20   0   22564   6028   5280 S   0,0  0,0   0:00.00 tcpdump
14367 root      20   0   22564   6328   5440 S   0,0  0,0   0:00.00 tcpdump
14368 root      20   0   22564   6084   5344 S   0,0  0,0   0:00.00 tcpdump
14217 root      20   0  985400 121696   8912 S   1,0  0,7   0:01.42 ovs-vswitc+
14111 root      10 -10   20924   5028   4280 S   0,0  0,0   0:00.00 ovsdb-serv+
14150 root      10 -10   26456   9856   8912 S   0,0  0,1   0:00.00 ovs-vswitc+
14213 root      20   0   20912   5096   4312 S   0,0  0,0   0:00.01 ovsdb-serv+
14283 root      20   0   20912   4968   4208 S   0,0  0,0   0:00.02 ovsdb-serv+
14287 root      20   0  985416 121712   8912 S   0,0  0,7   0:01.31 ovs-vswitc+
14362 root      20   0   22564   5996   5248 S   0,0  0,0   0:00.00 tcpdump
14363 root      20   0   22564   6160   5412 S   0,0  0,0   0:00.00 tcpdump
14364 root      20   0   22564   6072   5324 S   0,0  0,0   0:00.00 tcpdump
14365 root      20   0   22564   6048   5300 S   0,0  0,0   0:00.00 tcpdump
14366 root      20   0   22564   6028   5280 S   0,0  0,0   0:00.00 tcpdump
14367 root      20   0   22564   6328   5440 S   0,0  0,0   0:00.00 tcpdump
14368 root      20   0   22564   6084   5344 S   0,0  0,0   0:00.00 tcpdump
14287 root      20   0  985416 121712   8912 S   2,0  0,7   0:01.33 ovs-vswitc+
14217 root      20   0  985400 121696   8912 S   1,0  0,7   0:01.43 ovs-vswitc+
14111 root      10 -10   20924   5028   4280 S   0,0  0,0   0:00.00 ovsdb-serv+
14150 root      10 -10   26456   9856   8912 S   0,0  0,1   0:00.00 ovs-vswitc+
14213 root      20   0   20912   5096   4312 S   0,0  0,0   0:00.01 ovsdb-serv+
14283 root      20   0   20912   4968   4208 S   0,0  0,0   0:00.02 ovsdb-serv+
14362 root      20   0   22564   5996   5248 S   0,0  0,0   0:00.00 tcpdump
14363 root      20   0   22564   6160   5412 S   0,0  0,0   0:00.00 tcpdump
14364 root      20   0   22564   6072   5324 S   0,0  0,0   0:00.00 tcpdump
14365 root      20   0   22564   6048   5300 S   0,0  0,0   0:00.00 tcpdump
14366 root      20   0   22564   6028   5280 S   0,0  0,0   0:00.00 tcpdump
14367 root      20   0   22564   6328   5440 S   0,0  0,0   0:00.00 tcpdump
14368 root      20   0   22564   6084   5344 S   0,0  0,0   0:00.00 tcpdump
14217 root      20   0  985400 121696   8912 S   1,0  0,7   0:01.44 ovs-vswitc+
14111 root      10 -10   20924   5028   4280 S   0,0  0,0   0:00.00 ovsdb-serv+
14150 root      10 -10   26456   9856   8912 S   0,0  0,1   0:00.00 ovs-vswitc+
14213 root      20   0   20912   5096   4312 S   0,0  0,0   0:00.01 ovsdb-serv+
14283 root      20   0   20912   4968   4208 S   0,0  0,0   0:00.02 ovsdb-serv+
14287 root      20   0  985416 121712   8912 S   0,0  0,7   0:01.33 ovs-vswitc+
14362 root      20   0   22564   5996   5248 S   0,0  0,0   0:00.00 tcpdump
14363 root      20   0   22564   6160   5412 S   0,0  0,0   0:00.00 tcpdump
14364 root      20   0   22564   6072   5324 S   0,0  0,0   0:00.00 tcpdump
14365 root      20   0   22564   6048   5300 S   0,0  0,0   0:00.00 tcpdump
14366 root      20   0   22564   6028   5280 S   0,0  0,0   0:00.00 tcpdump
14367 root      20   0   22564   6328   5440 S   0,0  0,0   0:00.00 tcpdump
14368 root      20   0   22564   6084   5344 S   0,0  0,0   0:00.00 tcpdump
14217 root      20   0  985400 121696   8912 S   1,0  0,7   0:01.45 ovs-vswitc+
14287 root      20   0  985416 121712   8912 S   1,0  0,7   0:01.34 ovs-vswitc+
14111 root      10 -10   20924   5028   4280 S   0,0  0,0   0:00.00 ovsdb-serv+
14150 root      10 -10   26456   9856   8912 S   0,0  0,1   0:00.00 ovs-vswitc+
14213 root      20   0   20912   5096   4312 S   0,0  0,0   0:00.01 ovsdb-serv+
14283 root      20   0   20912   4968   4208 S   0,0  0,0   0:00.02 ovsdb-serv+
14362 root      20   0   22564   5996   5248 S   0,0  0,0   0:00.00 tcpdump
14363 root      20   0   22564   6160   5412 S   0,0  0,0   0:00.00 tcpdump
14364 root      20   0   22564   6072   5324 S   0,0  0,0   0:00.00 tcpdump
14365 root      20   0   22564   6048   5300 S   0,0  0,0   0:00.00 tcpdump
14366 root      20   0   22564   6028   5280 S   0,0  0,0   0:00.00 tcpdump
14367 root      20   0   22564   6328   5440 S   0,0  0,0   0:00.00 tcpdump
14368 root      20   0   22564   6084   5344 S   0,0  0,0   0:00.00 tcpdump
14213 root      20   0   20912   5096   4312 S   1,0  0,0   0:00.02 ovsdb-serv+
14217 root      20   0  985400 121696   8912 S   1,0  0,7   0:01.46 ovs-vswitc+
14111 root      10 -10   20924   5028   4280 S   0,0  0,0   0:00.00 ovsdb-serv+
14150 root      10 -10   26456   9856   8912 S   0,0  0,1   0:00.00 ovs-vswitc+
14283 root      20   0   20912   4968   4208 S   0,0  0,0   0:00.02 ovsdb-serv+
14287 root      20   0  985416 121712   8912 S   0,0  0,7   0:01.34 ovs-vswitc+
14362 root      20   0   22564   5996   5248 S   0,0  0,0   0:00.00 tcpdump
14363 root      20   0   22564   6160   5412 S   0,0  0,0   0:00.00 tcpdump
14364 root      20   0   22564   6072   5324 S   0,0  0,0   0:00.00 tcpdump
14365 root      20   0   22564   6048   5300 S   0,0  0,0   0:00.00 tcpdump
14366 root      20   0   22564   6028   5280 S   0,0  0,0   0:00.00 tcpdump
14367 root      20   0   22564   6328   5440 S   0,0  0,0   0:00.00 tcpdump
14368 root      20   0   22564   6084   5344 S   0,0  0,0   0:00.00 tcpdump
14287 root      20   0  985416 121712   8912 S   3,0  0,7   0:01.37 ovs-vswitc+
14217 root      20   0  985400 121696   8912 S   2,0  0,7   0:01.48 ovs-vswitc+
14111 root      10 -10   20924   5028   4280 S   0,0  0,0   0:00.00 ovsdb-serv+
14150 root      10 -10   26456   9856   8912 S   0,0  0,1   0:00.00 ovs-vswitc+
14213 root      20   0   20912   5096   4312 S   0,0  0,0   0:00.02 ovsdb-serv+
14283 root      20   0   20912   4968   4208 S   0,0  0,0   0:00.02 ovsdb-serv+
14362 root      20   0   22564   5996   5248 S   0,0  0,0   0:00.00 tcpdump
14363 root      20   0   22564   6160   5412 S   0,0  0,0   0:00.00 tcpdump
14364 root      20   0   22564   6072   5324 S   0,0  0,0   0:00.00 tcpdump
14365 root      20   0   22564   6048   5300 S   0,0  0,0   0:00.00 tcpdump
14366 root      20   0   22564   6028   5280 S   0,0  0,0   0:00.00 tcpdump
14367 root      20   0   22564   6328   5440 S   0,0  0,0   0:00.00 tcpdump
14368 root      20   0   22564   6084   5344 S   0,0  0,0   0:00.00 tcpdump
14287 root      20   0  985416 121712   8912 S   1,0  0,7   0:01.38 ovs-vswitc+
14111 root      10 -10   20924   5028   4280 S   0,0  0,0   0:00.00 ovsdb-serv+
14150 root      10 -10   26456   9856   8912 S   0,0  0,1   0:00.00 ovs-vswitc+
14213 root      20   0   20912   5096   4312 S   0,0  0,0   0:00.02 ovsdb-serv+
14217 root      20   0  985400 121696   8912 S   0,0  0,7   0:01.48 ovs-vswitc+
14283 root      20   0   20912   4968   4208 S   0,0  0,0   0:00.02 ovsdb-serv+
14362 root      20   0   22564   5996   5248 S   0,0  0,0   0:00.00 tcpdump
14363 root      20   0   22564   6160   5412 S   0,0  0,0   0:00.00 tcpdump
14364 root      20   0   22564   6072   5324 S   0,0  0,0   0:00.00 tcpdump
14365 root      20   0   22564   6048   5300 S   0,0  0,0   0:00.00 tcpdump
14366 root      20   0   22564   6028   5280 S   0,0  0,0   0:00.00 tcpdump
14367 root      20   0   22564   6328   5440 S   0,0  0,0   0:00.00 tcpdump
14368 root      20   0   22564   6084   5344 S   0,0  0,0   0:00.00 tcpdump
14287 root      20   0  985416 121712   8912 S   2,0  0,7   0:01.40 ovs-vswitc+
14217 root      20   0  985400 121696   8912 S   1,0  0,7   0:01.49 ovs-vswitc+
14111 root      10 -10   20924   5028   4280 S   0,0  0,0   0:00.00 ovsdb-serv+
14150 root      10 -10   26456   9856   8912 S   0,0  0,1   0:00.00 ovs-vswitc+
14213 root      20   0   20912   5096   4312 S   0,0  0,0   0:00.02 ovsdb-serv+
14283 root      20   0   20912   4968   4208 S   0,0  0,0   0:00.02 ovsdb-serv+
14362 root      20   0   22564   5996   5248 S   0,0  0,0   0:00.00 tcpdump
14363 root      20   0   22564   6160   5412 S   0,0  0,0   0:00.00 tcpdump
14364 root      20   0   22564   6072   5324 S   0,0  0,0   0:00.00 tcpdump
14365 root      20   0   22564   6048   5300 S   0,0  0,0   0:00.00 tcpdump
14366 root      20   0   22564   6028   5280 S   0,0  0,0   0:00.00 tcpdump
14367 root      20   0   22564   6328   5440 S   0,0  0,0   0:00.00 tcpdump
14368 root      20   0   22564   6084   5344 S   0,0  0,0   0:00.00 tcpdump
14217 root      20   0  985400 121696   8912 S   1,0  0,7   0:01.50 ovs-vswitc+
14111 root      10 -10   20924   5028   4280 S   0,0  0,0   0:00.00 ovsdb-serv+
14150 root      10 -10   26456   9856   8912 S   0,0  0,1   0:00.00 ovs-vswitc+
14213 root      20   0   20912   5096   4312 S   0,0  0,0   0:00.02 ovsdb-serv+
14283 root      20   0   20912   4968   4208 S   0,0  0,0   0:00.02 ovsdb-serv+
14287 root      20   0  985416 121712   8912 S   0,0  0,7   0:01.40 ovs-vswitc+
14362 root      20   0   22564   5996   5248 S   0,0  0,0   0:00.00 tcpdump
14363 root      20   0   22564   6160   5412 S   0,0  0,0   0:00.00 tcpdump
14364 root      20   0   22564   6072   5324 S   0,0  0,0   0:00.00 tcpdump
14365 root      20   0   22564   6048   5300 S   0,0  0,0   0:00.00 tcpdump
14366 root      20   0   22564   6028   5280 S   0,0  0,0   0:00.00 tcpdump
14367 root      20   0   22564   6328   5440 S   0,0  0,0   0:00.00 tcpdump
14368 root      20   0   22564   6084   5344 S   0,0  0,0   0:00.00 tcpdump
14217 root      20   0  985400 121696   8912 S   1,0  0,7   0:01.51 ovs-vswitc+
14287 root      20   0  985416 121712   8912 S   1,0  0,7   0:01.41 ovs-vswitc+
14111 root      10 -10   20924   5028   4280 S   0,0  0,0   0:00.00 ovsdb-serv+
14150 root      10 -10   26456   9856   8912 S   0,0  0,1   0:00.00 ovs-vswitc+
14213 root      20   0   20912   5096   4312 S   0,0  0,0   0:00.02 ovsdb-serv+
14283 root      20   0   20912   4968   4208 S   0,0  0,0   0:00.02 ovsdb-serv+
14362 root      20   0   22564   5996   5248 S   0,0  0,0   0:00.00 tcpdump
14363 root      20   0   22564   6160   5412 S   0,0  0,0   0:00.00 tcpdump
14364 root      20   0   22564   6072   5324 S   0,0  0,0   0:00.00 tcpdump
14365 root      20   0   22564   6048   5300 S   0,0  0,0   0:00.00 tcpdump
14366 root      20   0   22564   6028   5280 S   0,0  0,0   0:00.00 tcpdump
14367 root      20   0   22564   6328   5440 S   0,0  0,0   0:00.00 tcpdump
14368 root      20   0   22564   6084   5344 S   0,0  0,0   0:00.00 tcpdump
14217 root      20   0  985400 121696   8912 S   2,0  0,7   0:01.53 ovs-vswitc+
14287 root      20   0  985416 121712   8912 S   2,0  0,7   0:01.43 ovs-vswitc+
14111 root      10 -10   20924   5028   4280 S   0,0  0,0   0:00.00 ovsdb-serv+
14150 root      10 -10   26456   9856   8912 S   0,0  0,1   0:00.00 ovs-vswitc+
14213 root      20   0   20912   5096   4312 S   0,0  0,0   0:00.02 ovsdb-serv+
14283 root      20   0   20912   4968   4208 S   0,0  0,0   0:00.02 ovsdb-serv+
14362 root      20   0   22564   5996   5248 S   0,0  0,0   0:00.00 tcpdump
14363 root      20   0   22564   6160   5412 S   0,0  0,0   0:00.00 tcpdump
14364 root      20   0   22564   6072   5324 S   0,0  0,0   0:00.00 tcpdump
14365 root      20   0   22564   6048   5300 S   0,0  0,0   0:00.00 tcpdump
14366 root      20   0   22564   6028   5280 S   0,0  0,0   0:00.00 tcpdump
14367 root      20   0   22564   6328   5440 S   0,0  0,0   0:00.00 tcpdump
14368 root      20   0   22564   6084   5344 S   0,0  0,0   0:00.00 tcpdump
14111 root      10 -10   20924   5028   4280 S   0,0  0,0   0:00.00 ovsdb-serv+
14150 root      10 -10   26456   9856   8912 S   0,0  0,1   0:00.00 ovs-vswitc+
14213 root      20   0   20912   5096   4312 S   0,0  0,0   0:00.02 ovsdb-serv+
14217 root      20   0  985400 121696   8912 S   0,0  0,7   0:01.53 ovs-vswitc+
14283 root      20   0   20912   4968   4208 S   0,0  0,0   0:00.02 ovsdb-serv+
14287 root      20   0  985416 121712   8912 S   0,0  0,7   0:01.43 ovs-vswitc+
14362 root      20   0   22564   5996   5248 S   0,0  0,0   0:00.00 tcpdump
14363 root      20   0   22564   6160   5412 S   0,0  0,0   0:00.00 tcpdump
14364 root      20   0   22564   6072   5324 S   0,0  0,0   0:00.00 tcpdump
14365 root      20   0   22564   6048   5300 S   0,0  0,0   0:00.00 tcpdump
14366 root      20   0   22564   6028   5280 S   0,0  0,0   0:00.00 tcpdump
14367 root      20   0   22564   6328   5440 S   0,0  0,0   0:00.00 tcpdump
14368 root      20   0   22564   6084   5344 S   0,0  0,0   0:00.00 tcpdump
14217 root      20   0  985400 121696   8912 S   1,0  0,7   0:01.54 ovs-vswitc+
14287 root      20   0  985416 121712   8912 S   1,0  0,7   0:01.44 ovs-vswitc+
14111 root      10 -10   20924   5028   4280 S   0,0  0,0   0:00.00 ovsdb-serv+
14150 root      10 -10   26456   9856   8912 S   0,0  0,1   0:00.00 ovs-vswitc+
14213 root      20   0   20912   5096   4312 S   0,0  0,0   0:00.02 ovsdb-serv+
14283 root      20   0   20912   4968   4208 S   0,0  0,0   0:00.02 ovsdb-serv+
14362 root      20   0   22564   5996   5248 S   0,0  0,0   0:00.00 tcpdump
14363 root      20   0   22564   6160   5412 S   0,0  0,0   0:00.00 tcpdump
14364 root      20   0   22564   6072   5324 S   0,0  0,0   0:00.00 tcpdump
14365 root      20   0   22564   6048   5300 S   0,0  0,0   0:00.00 tcpdump
14366 root      20   0   22564   6028   5280 S   0,0  0,0   0:00.00 tcpdump
14367 root      20   0   22564   6328   5440 S   0,0  0,0   0:00.00 tcpdump
14368 root      20   0   22564   6084   5344 S   0,0  0,0   0:00.00 tcpdump
14287 root      20   0  985416 121712   8912 S   2,0  0,7   0:01.46 ovs-vswitc+
14111 root      10 -10   20924   5028   4280 S   0,0  0,0   0:00.00 ovsdb-serv+
14150 root      10 -10   26456   9856   8912 S   0,0  0,1   0:00.00 ovs-vswitc+
14213 root      20   0   20912   5096   4312 S   0,0  0,0   0:00.02 ovsdb-serv+
14217 root      20   0  985400 121696   8912 S   0,0  0,7   0:01.54 ovs-vswitc+
14283 root      20   0   20912   4968   4208 S   0,0  0,0   0:00.02 ovsdb-serv+
14362 root      20   0   22564   5996   5248 S   0,0  0,0   0:00.00 tcpdump
14363 root      20   0   22564   6160   5412 S   0,0  0,0   0:00.00 tcpdump
14364 root      20   0   22564   6072   5324 S   0,0  0,0   0:00.00 tcpdump
14365 root      20   0   22564   6048   5300 S   0,0  0,0   0:00.00 tcpdump
14366 root      20   0   22564   6028   5280 S   0,0  0,0   0:00.00 tcpdump
14367 root      20   0   22564   6328   5440 S   0,0  0,0   0:00.00 tcpdump
14368 root      20   0   22564   6084   5344 S   0,0  0,0   0:00.00 tcpdump
14217 root      20   0  985400 121696   8912 S   2,0  0,7   0:01.56 ovs-vswitc+
14111 root      10 -10   20924   5028   4280 S   0,0  0,0   0:00.00 ovsdb-serv+
14150 root      10 -10   26456   9856   8912 S   0,0  0,1   0:00.00 ovs-vswitc+
14213 root      20   0   20912   5096   4312 S   0,0  0,0   0:00.02 ovsdb-serv+
14283 root      20   0   20912   4968   4208 S   0,0  0,0   0:00.02 ovsdb-serv+
14287 root      20   0  985416 121712   8912 S   0,0  0,7   0:01.46 ovs-vswitc+
14362 root      20   0   22564   5996   5248 S   0,0  0,0   0:00.00 tcpdump
14363 root      20   0   22564   6160   5412 S   0,0  0,0   0:00.00 tcpdump
14364 root      20   0   22564   6072   5324 S   0,0  0,0   0:00.00 tcpdump
14365 root      20   0   22564   6048   5300 S   0,0  0,0   0:00.00 tcpdump
14366 root      20   0   22564   6028   5280 S   0,0  0,0   0:00.00 tcpdump
14367 root      20   0   22564   6328   5440 S   0,0  0,0   0:00.00 tcpdump
14368 root      20   0   22564   6084   5344 S   0,0  0,0   0:00.00 tcpdump
14287 root      20   0  985416 121712   8912 S   2,0  0,7   0:01.48 ovs-vswitc+
14217 root      20   0  985400 121696   8912 S   1,0  0,7   0:01.57 ovs-vswitc+
14111 root      10 -10   20924   5028   4280 S   0,0  0,0   0:00.00 ovsdb-serv+
14150 root      10 -10   26456   9856   8912 S   0,0  0,1   0:00.00 ovs-vswitc+
14213 root      20   0   20912   5096   4312 S   0,0  0,0   0:00.02 ovsdb-serv+
14283 root      20   0   20912   4968   4208 S   0,0  0,0   0:00.02 ovsdb-serv+
14362 root      20   0   22564   5996   5248 S   0,0  0,0   0:00.00 tcpdump
14363 root      20   0   22564   6160   5412 S   0,0  0,0   0:00.00 tcpdump
14364 root      20   0   22564   6072   5324 S   0,0  0,0   0:00.00 tcpdump
14365 root      20   0   22564   6048   5300 S   0,0  0,0   0:00.00 tcpdump
14366 root      20   0   22564   6028   5280 S   0,0  0,0   0:00.00 tcpdump
14367 root      20   0   22564   6328   5440 S   0,0  0,0   0:00.00 tcpdump
14368 root      20   0   22564   6084   5344 S   0,0  0,0   0:00.00 tcpdump
14217 root      20   0  985400 121696   8912 S   1,0  0,7   0:01.58 ovs-vswitc+
14287 root      20   0  985416 121712   8912 S   1,0  0,7   0:01.49 ovs-vswitc+
14111 root      10 -10   20924   5028   4280 S   0,0  0,0   0:00.00 ovsdb-serv+
14150 root      10 -10   26456   9856   8912 S   0,0  0,1   0:00.00 ovs-vswitc+
14213 root      20   0   20912   5096   4312 S   0,0  0,0   0:00.02 ovsdb-serv+
14283 root      20   0   20912   4968   4208 S   0,0  0,0   0:00.02 ovsdb-serv+
14362 root      20   0   22564   5996   5248 S   0,0  0,0   0:00.00 tcpdump
14363 root      20   0   22564   6160   5412 S   0,0  0,0   0:00.00 tcpdump
14364 root      20   0   22564   6072   5324 S   0,0  0,0   0:00.00 tcpdump
14365 root      20   0   22564   6048   5300 S   0,0  0,0   0:00.00 tcpdump
14366 root      20   0   22564   6028   5280 S   0,0  0,0   0:00.00 tcpdump
14367 root      20   0   22564   6328   5440 S   0,0  0,0   0:00.00 tcpdump
14368 root      20   0   22564   6084   5344 S   0,0  0,0   0:00.00 tcpdump
14217 root      20   0  985400 121696   8912 S   1,0  0,7   0:01.59 ovs-vswitc+
14287 root      20   0  985416 121712   8912 S   1,0  0,7   0:01.50 ovs-vswitc+
14111 root      10 -10   20924   5028   4280 S   0,0  0,0   0:00.00 ovsdb-serv+
14150 root      10 -10   26456   9856   8912 S   0,0  0,1   0:00.00 ovs-vswitc+
14213 root      20   0   20912   5096   4312 S   0,0  0,0   0:00.02 ovsdb-serv+
14283 root      20   0   20912   4968   4208 S   0,0  0,0   0:00.02 ovsdb-serv+
14362 root      20   0   22564   5996   5248 S   0,0  0,0   0:00.00 tcpdump
14363 root      20   0   22564   6160   5412 S   0,0  0,0   0:00.00 tcpdump
14364 root      20   0   22564   6072   5324 S   0,0  0,0   0:00.00 tcpdump
14365 root      20   0   22564   6048   5300 S   0,0  0,0   0:00.00 tcpdump
14366 root      20   0   22564   6028   5280 S   0,0  0,0   0:00.00 tcpdump
14367 root      20   0   22564   6328   5440 S   0,0  0,0   0:00.00 tcpdump
14368 root      20   0   22564   6084   5344 S   0,0  0,0   0:00.00 tcpdump
14217 root      20   0  985400 121696   8912 S   1,0  0,7   0:01.60 ovs-vswitc+
14287 root      20   0  985416 121712   8912 S   1,0  0,7   0:01.51 ovs-vswitc+
14111 root      10 -10   20924   5028   4280 S   0,0  0,0   0:00.00 ovsdb-serv+
14150 root      10 -10   26456   9856   8912 S   0,0  0,1   0:00.00 ovs-vswitc+
14213 root      20   0   20912   5096   4312 S   0,0  0,0   0:00.02 ovsdb-serv+
14283 root      20   0   20912   4968   4208 S   0,0  0,0   0:00.02 ovsdb-serv+
14362 root      20   0   22564   5996   5248 S   0,0  0,0   0:00.00 tcpdump
14363 root      20   0   22564   6160   5412 S   0,0  0,0   0:00.00 tcpdump
14364 root      20   0   22564   6072   5324 S   0,0  0,0   0:00.00 tcpdump
14365 root      20   0   22564   6048   5300 S   0,0  0,0   0:00.00 tcpdump
14366 root      20   0   22564   6028   5280 S   0,0  0,0   0:00.00 tcpdump
14367 root      20   0   22564   6328   5440 S   0,0  0,0   0:00.00 tcpdump
14368 root      20   0   22564   6084   5344 S   0,0  0,0   0:00.00 tcpdump
14217 root      20   0  985400 121696   8912 S   2,0  0,7   0:01.62 ovs-vswitc+
14287 root      20   0  985416 121712   8912 S   1,0  0,7   0:01.52 ovs-vswitc+
14111 root      10 -10   20924   5028   4280 S   0,0  0,0   0:00.00 ovsdb-serv+
14150 root      10 -10   26456   9856   8912 S   0,0  0,1   0:00.00 ovs-vswitc+
14213 root      20   0   20912   5096   4312 S   0,0  0,0   0:00.02 ovsdb-serv+
14283 root      20   0   20912   4968   4208 S   0,0  0,0   0:00.02 ovsdb-serv+
14362 root      20   0   22564   5996   5248 S   0,0  0,0   0:00.00 tcpdump
14363 root      20   0   22564   6160   5412 S   0,0  0,0   0:00.00 tcpdump
14364 root      20   0   22564   6072   5324 S   0,0  0,0   0:00.00 tcpdump
14365 root      20   0   22564   6048   5300 S   0,0  0,0   0:00.00 tcpdump
14366 root      20   0   22564   6028   5280 S   0,0  0,0   0:00.00 tcpdump
14367 root      20   0   22564   6328   5440 S   0,0  0,0   0:00.00 tcpdump
14368 root      20   0   22564   6084   5344 S   0,0  0,0   0:00.00 tcpdump
14217 root      20   0  985400 121696   8912 S   1,0  0,7   0:01.63 ovs-vswitc+
14287 root      20   0  985416 121712   8912 S   1,0  0,7   0:01.53 ovs-vswitc+
14111 root      10 -10   20924   5028   4280 S   0,0  0,0   0:00.00 ovsdb-serv+
14150 root      10 -10   26456   9856   8912 S   0,0  0,1   0:00.00 ovs-vswitc+
14213 root      20   0   20912   5096   4312 S   0,0  0,0   0:00.02 ovsdb-serv+
14283 root      20   0   20912   4968   4208 S   0,0  0,0   0:00.02 ovsdb-serv+
14362 root      20   0   22564   5996   5248 S   0,0  0,0   0:00.00 tcpdump
14363 root      20   0   22564   6160   5412 S   0,0  0,0   0:00.00 tcpdump
14364 root      20   0   22564   6072   5324 S   0,0  0,0   0:00.00 tcpdump
14365 root      20   0   22564   6048   5300 S   0,0  0,0   0:00.00 tcpdump
14366 root      20   0   22564   6028   5280 S   0,0  0,0   0:00.00 tcpdump
14367 root      20   0   22564   6328   5440 S   0,0  0,0   0:00.00 tcpdump
14368 root      20   0   22564   6084   5344 S   0,0  0,0   0:00.00 tcpdump
14217 root      20   0  985400 121696   8912 S   1,0  0,7   0:01.64 ovs-vswitc+
14287 root      20   0  985416 121712   8912 S   1,0  0,7   0:01.54 ovs-vswitc+
14111 root      10 -10   20924   5028   4280 S   0,0  0,0   0:00.00 ovsdb-serv+
14150 root      10 -10   26456   9856   8912 S   0,0  0,1   0:00.00 ovs-vswitc+
14213 root      20   0   20912   5096   4312 S   0,0  0,0   0:00.02 ovsdb-serv+
14283 root      20   0   20912   4968   4208 S   0,0  0,0   0:00.02 ovsdb-serv+
14362 root      20   0   22564   5996   5248 S   0,0  0,0   0:00.00 tcpdump
14363 root      20   0   22564   6160   5412 S   0,0  0,0   0:00.00 tcpdump
14364 root      20   0   22564   6072   5324 S   0,0  0,0   0:00.00 tcpdump
14365 root      20   0   22564   6048   5300 S   0,0  0,0   0:00.00 tcpdump
14366 root      20   0   22564   6028   5280 S   0,0  0,0   0:00.00 tcpdump
14367 root      20   0   22564   6328   5440 S   0,0  0,0   0:00.00 tcpdump
14368 root      20   0   22564   6084   5344 S   0,0  0,0   0:00.00 tcpdump
14287 root      20   0  985416 121712   8912 S   2,0  0,7   0:01.56 ovs-vswitc+
14217 root      20   0  985400 121696   8912 S   1,0  0,7   0:01.65 ovs-vswitc+
14366 root      20   0   22564   6028   5280 S   1,0  0,0   0:00.01 tcpdump
14111 root      10 -10   20924   5028   4280 S   0,0  0,0   0:00.00 ovsdb-serv+
14150 root      10 -10   26456   9856   8912 S   0,0  0,1   0:00.00 ovs-vswitc+
14213 root      20   0   20912   5096   4312 S   0,0  0,0   0:00.02 ovsdb-serv+
14283 root      20   0   20912   4968   4208 S   0,0  0,0   0:00.02 ovsdb-serv+
14362 root      20   0   22564   5996   5248 S   0,0  0,0   0:00.00 tcpdump
14363 root      20   0   22564   6160   5412 S   0,0  0,0   0:00.00 tcpdump
14364 root      20   0   22564   6072   5324 S   0,0  0,0   0:00.00 tcpdump
14365 root      20   0   22564   6048   5300 S   0,0  0,0   0:00.00 tcpdump
14367 root      20   0   22564   6328   5440 S   0,0  0,0   0:00.00 tcpdump
14368 root      20   0   22564   6084   5344 S   0,0  0,0   0:00.00 tcpdump
14217 root      20   0  985400 121696   8912 S   1,0  0,7   0:01.66 ovs-vswitc+
14287 root      20   0  985416 121712   8912 S   1,0  0,7   0:01.57 ovs-vswitc+
14111 root      10 -10   20924   5028   4280 S   0,0  0,0   0:00.00 ovsdb-serv+
14150 root      10 -10   26456   9856   8912 S   0,0  0,1   0:00.00 ovs-vswitc+
14213 root      20   0   20912   5096   4312 S   0,0  0,0   0:00.02 ovsdb-serv+
14283 root      20   0   20912   4968   4208 S   0,0  0,0   0:00.02 ovsdb-serv+
14362 root      20   0   22564   5996   5248 S   0,0  0,0   0:00.00 tcpdump
14363 root      20   0   22564   6160   5412 S   0,0  0,0   0:00.00 tcpdump
14364 root      20   0   22564   6072   5324 S   0,0  0,0   0:00.00 tcpdump
14365 root      20   0   22564   6048   5300 S   0,0  0,0   0:00.00 tcpdump
14366 root      20   0   22564   6028   5280 S   0,0  0,0   0:00.01 tcpdump
14367 root      20   0   22564   6328   5440 S   0,0  0,0   0:00.00 tcpdump
14368 root      20   0   22564   6084   5344 S   0,0  0,0   0:00.00 tcpdump
14217 root      20   0  985400 121696   8912 S   1,0  0,7   0:01.67 ovs-vswitc+
14111 root      10 -10   20924   5028   4280 S   0,0  0,0   0:00.00 ovsdb-serv+
14150 root      10 -10   26456   9856   8912 S   0,0  0,1   0:00.00 ovs-vswitc+
14213 root      20   0   20912   5096   4312 S   0,0  0,0   0:00.02 ovsdb-serv+
14283 root      20   0   20912   4968   4208 S   0,0  0,0   0:00.02 ovsdb-serv+
14287 root      20   0  985416 121712   8912 S   0,0  0,7   0:01.57 ovs-vswitc+
14362 root      20   0   22564   5996   5248 S   0,0  0,0   0:00.00 tcpdump
14363 root      20   0   22564   6160   5412 S   0,0  0,0   0:00.00 tcpdump
14364 root      20   0   22564   6072   5324 S   0,0  0,0   0:00.00 tcpdump
14365 root      20   0   22564   6048   5300 S   0,0  0,0   0:00.00 tcpdump
14366 root      20   0   22564   6028   5280 S   0,0  0,0   0:00.01 tcpdump
14367 root      20   0   22564   6328   5440 S   0,0  0,0   0:00.00 tcpdump
14368 root      20   0   22564   6084   5344 S   0,0  0,0   0:00.00 tcpdump
14287 root      20   0  985416 121712   8912 S   2,0  0,7   0:01.59 ovs-vswitc+
14217 root      20   0  985400 121696   8912 S   1,0  0,7   0:01.68 ovs-vswitc+
14111 root      10 -10   20924   5028   4280 S   0,0  0,0   0:00.00 ovsdb-serv+
14150 root      10 -10   26456   9856   8912 S   0,0  0,1   0:00.00 ovs-vswitc+
14213 root      20   0   20912   5096   4312 S   0,0  0,0   0:00.02 ovsdb-serv+
14283 root      20   0   20912   4968   4208 S   0,0  0,0   0:00.02 ovsdb-serv+
14362 root      20   0   22564   5996   5248 S   0,0  0,0   0:00.00 tcpdump
14363 root      20   0   22564   6160   5412 S   0,0  0,0   0:00.00 tcpdump
14364 root      20   0   22564   6072   5324 S   0,0  0,0   0:00.00 tcpdump
14365 root      20   0   22564   6048   5300 S   0,0  0,0   0:00.00 tcpdump
14366 root      20   0   22564   6028   5280 S   0,0  0,0   0:00.01 tcpdump
14367 root      20   0   22564   6328   5440 S   0,0  0,0   0:00.00 tcpdump
14368 root      20   0   22564   6084   5344 S   0,0  0,0   0:00.00 tcpdump
14287 root      20   0  985416 121712   8912 S   2,0  0,7   0:01.61 ovs-vswitc+
14217 root      20   0  985400 121696   8912 S   1,0  0,7   0:01.69 ovs-vswitc+
14111 root      10 -10   20924   5028   4280 S   0,0  0,0   0:00.00 ovsdb-serv+
14150 root      10 -10   26456   9856   8912 S   0,0  0,1   0:00.00 ovs-vswitc+
14213 root      20   0   20912   5096   4312 S   0,0  0,0   0:00.02 ovsdb-serv+
14283 root      20   0   20912   4968   4208 S   0,0  0,0   0:00.02 ovsdb-serv+
14362 root      20   0   22564   5996   5248 S   0,0  0,0   0:00.00 tcpdump
14363 root      20   0   22564   6160   5412 S   0,0  0,0   0:00.00 tcpdump
14364 root      20   0   22564   6072   5324 S   0,0  0,0   0:00.00 tcpdump
14365 root      20   0   22564   6048   5300 S   0,0  0,0   0:00.00 tcpdump
14366 root      20   0   22564   6028   5280 S   0,0  0,0   0:00.01 tcpdump
14367 root      20   0   22564   6328   5440 S   0,0  0,0   0:00.00 tcpdump
14368 root      20   0   22564   6084   5344 S   0,0  0,0   0:00.00 tcpdump
14217 root      20   0  985400 121696   8912 S   2,0  0,7   0:01.71 ovs-vswitc+
14111 root      10 -10   20924   5028   4280 S   0,0  0,0   0:00.00 ovsdb-serv+
14150 root      10 -10   26456   9856   8912 S   0,0  0,1   0:00.00 ovs-vswitc+
14213 root      20   0   20912   5096   4312 S   0,0  0,0   0:00.02 ovsdb-serv+
14283 root      20   0   20912   4968   4208 S   0,0  0,0   0:00.02 ovsdb-serv+
14287 root      20   0  985416 121712   8912 S   0,0  0,7   0:01.61 ovs-vswitc+
14362 root      20   0   22564   5996   5248 S   0,0  0,0   0:00.00 tcpdump
14363 root      20   0   22564   6160   5412 S   0,0  0,0   0:00.00 tcpdump
14364 root      20   0   22564   6072   5324 S   0,0  0,0   0:00.00 tcpdump
14365 root      20   0   22564   6048   5300 S   0,0  0,0   0:00.00 tcpdump
14366 root      20   0   22564   6028   5280 S   0,0  0,0   0:00.01 tcpdump
14367 root      20   0   22564   6328   5440 S   0,0  0,0   0:00.00 tcpdump
14368 root      20   0   22564   6084   5344 S   0,0  0,0   0:00.00 tcpdump
14287 root      20   0  985416 121712   8912 S   1,0  0,7   0:01.62 ovs-vswitc+
14111 root      10 -10   20924   5028   4280 S   0,0  0,0   0:00.00 ovsdb-serv+
14150 root      10 -10   26456   9856   8912 S   0,0  0,1   0:00.00 ovs-vswitc+
14213 root      20   0   20912   5096   4312 S   0,0  0,0   0:00.02 ovsdb-serv+
14217 root      20   0  985400 121696   8912 S   0,0  0,7   0:01.71 ovs-vswitc+
14283 root      20   0   20912   4968   4208 S   0,0  0,0   0:00.02 ovsdb-serv+
14362 root      20   0   22564   5996   5248 S   0,0  0,0   0:00.00 tcpdump
14363 root      20   0   22564   6160   5412 S   0,0  0,0   0:00.00 tcpdump
14364 root      20   0   22564   6072   5324 S   0,0  0,0   0:00.00 tcpdump
14365 root      20   0   22564   6048   5300 S   0,0  0,0   0:00.00 tcpdump
14366 root      20   0   22564   6028   5280 S   0,0  0,0   0:00.01 tcpdump
14367 root      20   0   22564   6328   5440 S   0,0  0,0   0:00.00 tcpdump
14368 root      20   0   22564   6084   5344 S   0,0  0,0   0:00.00 tcpdump
14217 root      20   0  985400 121696   8912 S   1,0  0,7   0:01.72 ovs-vswitc+
14283 root      20   0   20912   4968   4208 S   1,0  0,0   0:00.03 ovsdb-serv+
14287 root      20   0  985416 121712   8912 S   1,0  0,7   0:01.63 ovs-vswitc+
14111 root      10 -10   20924   5028   4280 S   0,0  0,0   0:00.00 ovsdb-serv+
14150 root      10 -10   26456   9856   8912 S   0,0  0,1   0:00.00 ovs-vswitc+
14213 root      20   0   20912   5096   4312 S   0,0  0,0   0:00.02 ovsdb-serv+
14362 root      20   0   22564   5996   5248 S   0,0  0,0   0:00.00 tcpdump
14363 root      20   0   22564   6160   5412 S   0,0  0,0   0:00.00 tcpdump
14364 root      20   0   22564   6072   5324 S   0,0  0,0   0:00.00 tcpdump
14365 root      20   0   22564   6048   5300 S   0,0  0,0   0:00.00 tcpdump
14366 root      20   0   22564   6028   5280 S   0,0  0,0   0:00.01 tcpdump
14367 root      20   0   22564   6328   5440 S   0,0  0,0   0:00.00 tcpdump
14368 root      20   0   22564   6084   5344 S   0,0  0,0   0:00.00 tcpdump
14287 root      20   0  985416 121712   8912 S   2,0  0,7   0:01.65 ovs-vswitc+
14217 root      20   0  985400 121696   8912 S   1,0  0,7   0:01.73 ovs-vswitc+
14111 root      10 -10   20924   5028   4280 S   0,0  0,0   0:00.00 ovsdb-serv+
14150 root      10 -10   26456   9856   8912 S   0,0  0,1   0:00.00 ovs-vswitc+
14213 root      20   0   20912   5096   4312 S   0,0  0,0   0:00.02 ovsdb-serv+
14283 root      20   0   20912   4968   4208 S   0,0  0,0   0:00.03 ovsdb-serv+
14362 root      20   0   22564   5996   5248 S   0,0  0,0   0:00.00 tcpdump
14363 root      20   0   22564   6160   5412 S   0,0  0,0   0:00.00 tcpdump
14364 root      20   0   22564   6072   5324 S   0,0  0,0   0:00.00 tcpdump
14365 root      20   0   22564   6048   5300 S   0,0  0,0   0:00.00 tcpdump
14366 root      20   0   22564   6028   5280 S   0,0  0,0   0:00.01 tcpdump
14367 root      20   0   22564   6328   5440 S   0,0  0,0   0:00.00 tcpdump
14368 root      20   0   22564   6084   5344 S   0,0  0,0   0:00.00 tcpdump
14217 root      20   0  985400 121696   8912 S   1,0  0,7   0:01.74 ovs-vswitc+
14111 root      10 -10   20924   5028   4280 S   0,0  0,0   0:00.00 ovsdb-serv+
14150 root      10 -10   26456   9856   8912 S   0,0  0,1   0:00.00 ovs-vswitc+
14213 root      20   0   20912   5096   4312 S   0,0  0,0   0:00.02 ovsdb-serv+
14283 root      20   0   20912   4968   4208 S   0,0  0,0   0:00.03 ovsdb-serv+
14287 root      20   0  985416 121712   8912 S   0,0  0,7   0:01.65 ovs-vswitc+
14362 root      20   0   22564   5996   5248 S   0,0  0,0   0:00.00 tcpdump
14363 root      20   0   22564   6160   5412 S   0,0  0,0   0:00.00 tcpdump
14364 root      20   0   22564   6072   5324 S   0,0  0,0   0:00.00 tcpdump
14365 root      20   0   22564   6048   5300 S   0,0  0,0   0:00.00 tcpdump
14366 root      20   0   22564   6028   5280 S   0,0  0,0   0:00.01 tcpdump
14367 root      20   0   22564   6328   5440 S   0,0  0,0   0:00.00 tcpdump
14368 root      20   0   22564   6084   5344 S   0,0  0,0   0:00.00 tcpdump
14217 root      20   0  985400 121696   8912 S   2,0  0,7   0:01.76 ovs-vswitc+
14287 root      20   0  985416 121712   8912 S   1,0  0,7   0:01.66 ovs-vswitc+
14111 root      10 -10   20924   5028   4280 S   0,0  0,0   0:00.00 ovsdb-serv+
14150 root      10 -10   26456   9856   8912 S   0,0  0,1   0:00.00 ovs-vswitc+
14213 root      20   0   20912   5096   4312 S   0,0  0,0   0:00.02 ovsdb-serv+
14283 root      20   0   20912   4968   4208 S   0,0  0,0   0:00.03 ovsdb-serv+
14362 root      20   0   22564   5996   5248 S   0,0  0,0   0:00.00 tcpdump
14363 root      20   0   22564   6160   5412 S   0,0  0,0   0:00.00 tcpdump
14364 root      20   0   22564   6072   5324 S   0,0  0,0   0:00.00 tcpdump
14365 root      20   0   22564   6048   5300 S   0,0  0,0   0:00.00 tcpdump
14366 root      20   0   22564   6028   5280 S   0,0  0,0   0:00.01 tcpdump
14367 root      20   0   22564   6328   5440 S   0,0  0,0   0:00.00 tcpdump
14368 root      20   0   22564   6084   5344 S   0,0  0,0   0:00.00 tcpdump
14287 root      20   0  985416 121712   8912 S   2,0  0,7   0:01.68 ovs-vswitc+
14111 root      10 -10   20924   5028   4280 S   0,0  0,0   0:00.00 ovsdb-serv+
14150 root      10 -10   26456   9856   8912 S   0,0  0,1   0:00.00 ovs-vswitc+
14213 root      20   0   20912   5096   4312 S   0,0  0,0   0:00.02 ovsdb-serv+
14217 root      20   0  985400 121696   8912 S   0,0  0,7   0:01.76 ovs-vswitc+
14283 root      20   0   20912   4968   4208 S   0,0  0,0   0:00.03 ovsdb-serv+
14362 root      20   0   22564   5996   5248 S   0,0  0,0   0:00.00 tcpdump
14363 root      20   0   22564   6160   5412 S   0,0  0,0   0:00.00 tcpdump
14364 root      20   0   22564   6072   5324 S   0,0  0,0   0:00.00 tcpdump
14365 root      20   0   22564   6048   5300 S   0,0  0,0   0:00.00 tcpdump
14366 root      20   0   22564   6028   5280 S   0,0  0,0   0:00.01 tcpdump
14367 root      20   0   22564   6328   5440 S   0,0  0,0   0:00.00 tcpdump
14368 root      20   0   22564   6084   5344 S   0,0  0,0   0:00.00 tcpdump
14217 root      20   0  985400 121696   8912 S   1,0  0,7   0:01.77 ovs-vswitc+
14111 root      10 -10   20924   5028   4280 S   0,0  0,0   0:00.00 ovsdb-serv+
14150 root      10 -10   26456   9856   8912 S   0,0  0,1   0:00.00 ovs-vswitc+
14213 root      20   0   20912   5096   4312 S   0,0  0,0   0:00.02 ovsdb-serv+
14283 root      20   0   20912   4968   4208 S   0,0  0,0   0:00.03 ovsdb-serv+
14287 root      20   0  985416 121712   8912 S   0,0  0,7   0:01.68 ovs-vswitc+
14362 root      20   0   22564   5996   5248 S   0,0  0,0   0:00.00 tcpdump
14363 root      20   0   22564   6160   5412 S   0,0  0,0   0:00.00 tcpdump
14364 root      20   0   22564   6072   5324 S   0,0  0,0   0:00.00 tcpdump
14365 root      20   0   22564   6048   5300 S   0,0  0,0   0:00.00 tcpdump
14366 root      20   0   22564   6028   5280 S   0,0  0,0   0:00.01 tcpdump
14367 root      20   0   22564   6328   5440 S   0,0  0,0   0:00.00 tcpdump
14368 root      20   0   22564   6084   5344 S   0,0  0,0   0:00.00 tcpdump
14217 root      20   0  985400 121696   8912 S   1,0  0,7   0:01.78 ovs-vswitc+
14287 root      20   0  985416 121712   8912 S   1,0  0,7   0:01.69 ovs-vswitc+
14111 root      10 -10   20924   5028   4280 S   0,0  0,0   0:00.00 ovsdb-serv+
14150 root      10 -10   26456   9856   8912 S   0,0  0,1   0:00.00 ovs-vswitc+
14213 root      20   0   20912   5096   4312 S   0,0  0,0   0:00.02 ovsdb-serv+
14283 root      20   0   20912   4968   4208 S   0,0  0,0   0:00.03 ovsdb-serv+
14362 root      20   0   22564   5996   5248 S   0,0  0,0   0:00.00 tcpdump
14363 root      20   0   22564   6160   5412 S   0,0  0,0   0:00.00 tcpdump
14364 root      20   0   22564   6072   5324 S   0,0  0,0   0:00.00 tcpdump
14365 root      20   0   22564   6048   5300 S   0,0  0,0   0:00.00 tcpdump
14366 root      20   0   22564   6028   5280 S   0,0  0,0   0:00.01 tcpdump
14367 root      20   0   22564   6328   5440 S   0,0  0,0   0:00.00 tcpdump
14368 root      20   0   22564   6084   5344 S   0,0  0,0   0:00.00 tcpdump
14217 root      20   0  985400 121696   8912 S   1,0  0,7   0:01.79 ovs-vswitc+
14287 root      20   0  985416 121712   8912 S   1,0  0,7   0:01.70 ovs-vswitc+
14111 root      10 -10   20924   5028   4280 S   0,0  0,0   0:00.00 ovsdb-serv+
14150 root      10 -10   26456   9856   8912 S   0,0  0,1   0:00.00 ovs-vswitc+
14213 root      20   0   20912   5096   4312 S   0,0  0,0   0:00.02 ovsdb-serv+
14283 root      20   0   20912   4968   4208 S   0,0  0,0   0:00.03 ovsdb-serv+
14362 root      20   0   22564   5996   5248 S   0,0  0,0   0:00.00 tcpdump
14363 root      20   0   22564   6160   5412 S   0,0  0,0   0:00.00 tcpdump
14364 root      20   0   22564   6072   5324 S   0,0  0,0   0:00.00 tcpdump
14365 root      20   0   22564   6048   5300 S   0,0  0,0   0:00.00 tcpdump
14366 root      20   0   22564   6028   5280 S   0,0  0,0   0:00.01 tcpdump
14367 root      20   0   22564   6328   5440 S   0,0  0,0   0:00.00 tcpdump
14368 root      20   0   22564   6084   5344 S   0,0  0,0   0:00.00 tcpdump
14217 root      20   0  985400 121696   8912 S   1,0  0,7   0:01.80 ovs-vswitc+
14287 root      20   0  985416 121712   8912 S   1,0  0,7   0:01.71 ovs-vswitc+
14111 root      10 -10   20924   5028   4280 S   0,0  0,0   0:00.00 ovsdb-serv+
14150 root      10 -10   26456   9856   8912 S   0,0  0,1   0:00.00 ovs-vswitc+
14213 root      20   0   20912   5096   4312 S   0,0  0,0   0:00.02 ovsdb-serv+
14283 root      20   0   20912   4968   4208 S   0,0  0,0   0:00.03 ovsdb-serv+
14362 root      20   0   22564   5996   5248 S   0,0  0,0   0:00.00 tcpdump
14363 root      20   0   22564   6160   5412 S   0,0  0,0   0:00.00 tcpdump
14364 root      20   0   22564   6072   5324 S   0,0  0,0   0:00.00 tcpdump
14365 root      20   0   22564   6048   5300 S   0,0  0,0   0:00.00 tcpdump
14366 root      20   0   22564   6028   5280 S   0,0  0,0   0:00.01 tcpdump
14367 root      20   0   22564   6328   5440 S   0,0  0,0   0:00.00 tcpdump
14368 root      20   0   22564   6084   5344 S   0,0  0,0   0:00.00 tcpdump
14287 root      20   0  985416 121712   8912 S   2,0  0,7   0:01.73 ovs-vswitc+
14217 root      20   0  985400 121696   8912 S   1,0  0,7   0:01.81 ovs-vswitc+
14111 root      10 -10   20924   5028   4280 S   0,0  0,0   0:00.00 ovsdb-serv+
14150 root      10 -10   26456   9856   8912 S   0,0  0,1   0:00.00 ovs-vswitc+
14213 root      20   0   20912   5096   4312 S   0,0  0,0   0:00.02 ovsdb-serv+
14283 root      20   0   20912   4968   4208 S   0,0  0,0   0:00.03 ovsdb-serv+
14362 root      20   0   22564   5996   5248 S   0,0  0,0   0:00.00 tcpdump
14363 root      20   0   22564   6160   5412 S   0,0  0,0   0:00.00 tcpdump
14364 root      20   0   22564   6072   5324 S   0,0  0,0   0:00.00 tcpdump
14365 root      20   0   22564   6048   5300 S   0,0  0,0   0:00.00 tcpdump
14366 root      20   0   22564   6028   5280 S   0,0  0,0   0:00.01 tcpdump
14367 root      20   0   22564   6328   5440 S   0,0  0,0   0:00.00 tcpdump
14368 root      20   0   22564   6084   5344 S   0,0  0,0   0:00.00 tcpdump
14217 root      20   0  985400 121696   8912 S   2,0  0,7   0:01.83 ovs-vswitc+
14111 root      10 -10   20924   5028   4280 S   0,0  0,0   0:00.00 ovsdb-serv+
14150 root      10 -10   26456   9856   8912 S   0,0  0,1   0:00.00 ovs-vswitc+
14213 root      20   0   20912   5096   4312 S   0,0  0,0   0:00.02 ovsdb-serv+
14283 root      20   0   20912   4968   4208 S   0,0  0,0   0:00.03 ovsdb-serv+
14287 root      20   0  985416 121712   8912 S   0,0  0,7   0:01.73 ovs-vswitc+
14362 root      20   0   22564   5996   5248 S   0,0  0,0   0:00.00 tcpdump
14363 root      20   0   22564   6160   5412 S   0,0  0,0   0:00.00 tcpdump
14364 root      20   0   22564   6072   5324 S   0,0  0,0   0:00.00 tcpdump
14365 root      20   0   22564   6048   5300 S   0,0  0,0   0:00.00 tcpdump
14366 root      20   0   22564   6028   5280 S   0,0  0,0   0:00.01 tcpdump
14367 root      20   0   22564   6328   5440 S   0,0  0,0   0:00.00 tcpdump
14368 root      20   0   22564   6084   5344 S   0,0  0,0   0:00.00 tcpdump
14217 root      20   0  985400 121696   8912 S   1,0  0,7   0:01.84 ovs-vswitc+
14287 root      20   0  985416 121712   8912 S   1,0  0,7   0:01.74 ovs-vswitc+
14111 root      10 -10   20924   5028   4280 S   0,0  0,0   0:00.00 ovsdb-serv+
14150 root      10 -10   26456   9856   8912 S   0,0  0,1   0:00.00 ovs-vswitc+
14213 root      20   0   20912   5096   4312 S   0,0  0,0   0:00.02 ovsdb-serv+
14283 root      20   0   20912   4968   4208 S   0,0  0,0   0:00.03 ovsdb-serv+
14362 root      20   0   22564   5996   5248 S   0,0  0,0   0:00.00 tcpdump
14363 root      20   0   22564   6160   5412 S   0,0  0,0   0:00.00 tcpdump
14364 root      20   0   22564   6072   5324 S   0,0  0,0   0:00.00 tcpdump
14365 root      20   0   22564   6048   5300 S   0,0  0,0   0:00.00 tcpdump
14366 root      20   0   22564   6028   5280 S   0,0  0,0   0:00.01 tcpdump
14367 root      20   0   22564   6328   5440 S   0,0  0,0   0:00.00 tcpdump
14368 root      20   0   22564   6084   5344 S   0,0  0,0   0:00.00 tcpdump
14217 root      20   0  985400 121696   8912 S   1,0  0,7   0:01.85 ovs-vswitc+
14287 root      20   0  985416 121712   8912 S   1,0  0,7   0:01.75 ovs-vswitc+
14111 root      10 -10   20924   5028   4280 S   0,0  0,0   0:00.00 ovsdb-serv+
14150 root      10 -10   26456   9856   8912 S   0,0  0,1   0:00.00 ovs-vswitc+
14213 root      20   0   20912   5096   4312 S   0,0  0,0   0:00.02 ovsdb-serv+
14283 root      20   0   20912   4968   4208 S   0,0  0,0   0:00.03 ovsdb-serv+
14362 root      20   0   22564   5996   5248 S   0,0  0,0   0:00.00 tcpdump
14363 root      20   0   22564   6160   5412 S   0,0  0,0   0:00.00 tcpdump
14364 root      20   0   22564   6072   5324 S   0,0  0,0   0:00.00 tcpdump
14365 root      20   0   22564   6048   5300 S   0,0  0,0   0:00.00 tcpdump
14366 root      20   0   22564   6028   5280 S   0,0  0,0   0:00.01 tcpdump
14367 root      20   0   22564   6328   5440 S   0,0  0,0   0:00.00 tcpdump
14368 root      20   0   22564   6084   5344 S   0,0  0,0   0:00.00 tcpdump
14217 root      20   0  985400 121696   8912 S   1,0  0,7   0:01.86 ovs-vswitc+
14287 root      20   0  985416 121712   8912 S   1,0  0,7   0:01.76 ovs-vswitc+
14111 root      10 -10   20924   5028   4280 S   0,0  0,0   0:00.00 ovsdb-serv+
14150 root      10 -10   26456   9856   8912 S   0,0  0,1   0:00.00 ovs-vswitc+
14213 root      20   0   20912   5096   4312 S   0,0  0,0   0:00.02 ovsdb-serv+
14283 root      20   0   20912   4968   4208 S   0,0  0,0   0:00.03 ovsdb-serv+
14362 root      20   0   22564   5996   5248 S   0,0  0,0   0:00.00 tcpdump
14363 root      20   0   22564   6160   5412 S   0,0  0,0   0:00.00 tcpdump
14364 root      20   0   22564   6072   5324 S   0,0  0,0   0:00.00 tcpdump
14365 root      20   0   22564   6048   5300 S   0,0  0,0   0:00.00 tcpdump
14366 root      20   0   22564   6028   5280 S   0,0  0,0   0:00.01 tcpdump
14367 root      20   0   22564   6328   5440 S   0,0  0,0   0:00.00 tcpdump
14368 root      20   0   22564   6084   5344 S   0,0  0,0   0:00.00 tcpdump
14217 root      20   0  985400 121696   8912 S   1,0  0,7   0:01.87 ovs-vswitc+
14111 root      10 -10   20924   5028   4280 S   0,0  0,0   0:00.00 ovsdb-serv+
14150 root      10 -10   26456   9856   8912 S   0,0  0,1   0:00.00 ovs-vswitc+
14213 root      20   0   20912   5096   4312 S   0,0  0,0   0:00.02 ovsdb-serv+
14283 root      20   0   20912   4968   4208 S   0,0  0,0   0:00.03 ovsdb-serv+
14287 root      20   0  985416 121712   8912 S   0,0  0,7   0:01.76 ovs-vswitc+
14362 root      20   0   22564   5996   5248 S   0,0  0,0   0:00.00 tcpdump
14363 root      20   0   22564   6160   5412 S   0,0  0,0   0:00.00 tcpdump
14364 root      20   0   22564   6072   5324 S   0,0  0,0   0:00.00 tcpdump
14365 root      20   0   22564   6048   5300 S   0,0  0,0   0:00.00 tcpdump
14366 root      20   0   22564   6028   5280 S   0,0  0,0   0:00.01 tcpdump
14367 root      20   0   22564   6328   5440 S   0,0  0,0   0:00.00 tcpdump
14368 root      20   0   22564   6084   5344 S   0,0  0,0   0:00.00 tcpdump
14213 root      20   0   20912   5096   4312 S   1,0  0,0   0:00.03 ovsdb-serv+
14217 root      20   0  985400 121696   8912 S   1,0  0,7   0:01.88 ovs-vswitc+
14287 root      20   0  985416 121712   8912 S   1,0  0,7   0:01.77 ovs-vswitc+
14111 root      10 -10   20924   5028   4280 S   0,0  0,0   0:00.00 ovsdb-serv+
14150 root      10 -10   26456   9856   8912 S   0,0  0,1   0:00.00 ovs-vswitc+
14283 root      20   0   20912   4968   4208 S   0,0  0,0   0:00.03 ovsdb-serv+
14362 root      20   0   22564   5996   5248 S   0,0  0,0   0:00.00 tcpdump
14363 root      20   0   22564   6160   5412 S   0,0  0,0   0:00.00 tcpdump
14364 root      20   0   22564   6072   5324 S   0,0  0,0   0:00.00 tcpdump
14365 root      20   0   22564   6048   5300 S   0,0  0,0   0:00.00 tcpdump
14366 root      20   0   22564   6028   5280 S   0,0  0,0   0:00.01 tcpdump
14367 root      20   0   22564   6328   5440 S   0,0  0,0   0:00.00 tcpdump
14368 root      20   0   22564   6084   5344 S   0,0  0,0   0:00.00 tcpdump
14217 root      20   0  985400 121696   8912 S   1,0  0,7   0:01.89 ovs-vswitc+
14287 root      20   0  985416 121712   8912 S   1,0  0,7   0:01.78 ovs-vswitc+
14111 root      10 -10   20924   5028   4280 S   0,0  0,0   0:00.00 ovsdb-serv+
14150 root      10 -10   26456   9856   8912 S   0,0  0,1   0:00.00 ovs-vswitc+
14213 root      20   0   20912   5096   4312 S   0,0  0,0   0:00.03 ovsdb-serv+
14283 root      20   0   20912   4968   4208 S   0,0  0,0   0:00.03 ovsdb-serv+
14362 root      20   0   22564   5996   5248 S   0,0  0,0   0:00.00 tcpdump
14363 root      20   0   22564   6160   5412 S   0,0  0,0   0:00.00 tcpdump
14364 root      20   0   22564   6072   5324 S   0,0  0,0   0:00.00 tcpdump
14365 root      20   0   22564   6048   5300 S   0,0  0,0   0:00.00 tcpdump
14366 root      20   0   22564   6028   5280 S   0,0  0,0   0:00.01 tcpdump
14367 root      20   0   22564   6328   5440 S   0,0  0,0   0:00.00 tcpdump
14368 root      20   0   22564   6084   5344 S   0,0  0,0   0:00.00 tcpdump
14287 root      20   0  985416 121712   8912 S   2,0  0,7   0:01.80 ovs-vswitc+
14217 root      20   0  985400 121696   8912 S   1,0  0,7   0:01.90 ovs-vswitc+
14111 root      10 -10   20924   5028   4280 S   0,0  0,0   0:00.00 ovsdb-serv+
14150 root      10 -10   26456   9856   8912 S   0,0  0,1   0:00.00 ovs-vswitc+
14213 root      20   0   20912   5096   4312 S   0,0  0,0   0:00.03 ovsdb-serv+
14283 root      20   0   20912   4968   4208 S   0,0  0,0   0:00.03 ovsdb-serv+
14362 root      20   0   22564   5996   5248 S   0,0  0,0   0:00.00 tcpdump
14363 root      20   0   22564   6160   5412 S   0,0  0,0   0:00.00 tcpdump
14364 root      20   0   22564   6072   5324 S   0,0  0,0   0:00.00 tcpdump
14365 root      20   0   22564   6048   5300 S   0,0  0,0   0:00.00 tcpdump
14366 root      20   0   22564   6028   5280 S   0,0  0,0   0:00.01 tcpdump
14367 root      20   0   22564   6328   5440 S   0,0  0,0   0:00.00 tcpdump
14368 root      20   0   22564   6084   5344 S   0,0  0,0   0:00.00 tcpdump
14287 root      20   0  985416 121712   8912 S   1,0  0,7   0:01.81 ovs-vswitc+
14111 root      10 -10   20924   5028   4280 S   0,0  0,0   0:00.00 ovsdb-serv+
14150 root      10 -10   26456   9856   8912 S   0,0  0,1   0:00.00 ovs-vswitc+
14213 root      20   0   20912   5096   4312 S   0,0  0,0   0:00.03 ovsdb-serv+
14217 root      20   0  985400 121696   8912 S   0,0  0,7   0:01.90 ovs-vswitc+
14283 root      20   0   20912   4968   4208 S   0,0  0,0   0:00.03 ovsdb-serv+
14362 root      20   0   22564   5996   5248 S   0,0  0,0   0:00.00 tcpdump
14363 root      20   0   22564   6160   5412 S   0,0  0,0   0:00.00 tcpdump
14364 root      20   0   22564   6072   5324 S   0,0  0,0   0:00.00 tcpdump
14365 root      20   0   22564   6048   5300 S   0,0  0,0   0:00.00 tcpdump
14366 root      20   0   22564   6028   5280 S   0,0  0,0   0:00.01 tcpdump
14367 root      20   0   22564   6328   5440 S   0,0  0,0   0:00.00 tcpdump
14368 root      20   0   22564   6084   5344 S   0,0  0,0   0:00.00 tcpdump
14217 root      20   0  985400 121696   8912 S   2,0  0,7   0:01.92 ovs-vswitc+
14287 root      20   0  985416 121712   8912 S   1,0  0,7   0:01.82 ovs-vswitc+
14111 root      10 -10   20924   5028   4280 S   0,0  0,0   0:00.00 ovsdb-serv+
14150 root      10 -10   26456   9856   8912 S   0,0  0,1   0:00.00 ovs-vswitc+
14213 root      20   0   20912   5096   4312 S   0,0  0,0   0:00.03 ovsdb-serv+
14283 root      20   0   20912   4968   4208 S   0,0  0,0   0:00.03 ovsdb-serv+
14362 root      20   0   22564   5996   5248 S   0,0  0,0   0:00.00 tcpdump
14363 root      20   0   22564   6160   5412 S   0,0  0,0   0:00.00 tcpdump
14364 root      20   0   22564   6072   5324 S   0,0  0,0   0:00.00 tcpdump
14365 root      20   0   22564   6048   5300 S   0,0  0,0   0:00.00 tcpdump
14366 root      20   0   22564   6028   5280 S   0,0  0,0   0:00.01 tcpdump
14367 root      20   0   22564   6328   5440 S   0,0  0,0   0:00.00 tcpdump
14368 root      20   0   22564   6084   5344 S   0,0  0,0   0:00.00 tcpdump
14287 root      20   0  985416 121712   8912 S   1,0  0,7   0:01.83 ovs-vswitc+
14111 root      10 -10   20924   5028   4280 S   0,0  0,0   0:00.00 ovsdb-serv+
14150 root      10 -10   26456   9856   8912 S   0,0  0,1   0:00.00 ovs-vswitc+
14213 root      20   0   20912   5096   4312 S   0,0  0,0   0:00.03 ovsdb-serv+
14217 root      20   0  985400 121696   8912 S   0,0  0,7   0:01.92 ovs-vswitc+
14283 root      20   0   20912   4968   4208 S   0,0  0,0   0:00.03 ovsdb-serv+
14362 root      20   0   22564   5996   5248 S   0,0  0,0   0:00.00 tcpdump
14363 root      20   0   22564   6160   5412 S   0,0  0,0   0:00.00 tcpdump
14364 root      20   0   22564   6072   5324 S   0,0  0,0   0:00.00 tcpdump
14365 root      20   0   22564   6048   5300 S   0,0  0,0   0:00.00 tcpdump
14366 root      20   0   22564   6028   5280 S   0,0  0,0   0:00.01 tcpdump
14367 root      20   0   22564   6328   5440 S   0,0  0,0   0:00.00 tcpdump
14368 root      20   0   22564   6084   5344 S   0,0  0,0   0:00.00 tcpdump
14217 root      20   0  985400 121696   8912 S   1,0  0,7   0:01.93 ovs-vswitc+
14111 root      10 -10   20924   5028   4280 S   0,0  0,0   0:00.00 ovsdb-serv+
14150 root      10 -10   26456   9856   8912 S   0,0  0,1   0:00.00 ovs-vswitc+
14213 root      20   0   20912   5096   4312 S   0,0  0,0   0:00.03 ovsdb-serv+
14283 root      20   0   20912   4968   4208 S   0,0  0,0   0:00.03 ovsdb-serv+
14287 root      20   0  985416 121712   8912 S   0,0  0,7   0:01.83 ovs-vswitc+
14362 root      20   0   22564   5996   5248 S   0,0  0,0   0:00.00 tcpdump
14363 root      20   0   22564   6160   5412 S   0,0  0,0   0:00.00 tcpdump
14364 root      20   0   22564   6072   5324 S   0,0  0,0   0:00.00 tcpdump
14365 root      20   0   22564   6048   5300 S   0,0  0,0   0:00.00 tcpdump
14366 root      20   0   22564   6028   5280 S   0,0  0,0   0:00.01 tcpdump
14367 root      20   0   22564   6328   5440 S   0,0  0,0   0:00.00 tcpdump
14368 root      20   0   22564   6084   5344 S   0,0  0,0   0:00.00 tcpdump
14217 root      20   0  985400 121696   8912 S   2,0  0,7   0:01.95 ovs-vswitc+
14287 root      20   0  985416 121712   8912 S   2,0  0,7   0:01.85 ovs-vswitc+
14111 root      10 -10   20924   5028   4280 S   0,0  0,0   0:00.00 ovsdb-serv+
14150 root      10 -10   26456   9856   8912 S   0,0  0,1   0:00.00 ovs-vswitc+
14213 root      20   0   20912   5096   4312 S   0,0  0,0   0:00.03 ovsdb-serv+
14283 root      20   0   20912   4968   4208 S   0,0  0,0   0:00.03 ovsdb-serv+
14362 root      20   0   22564   5996   5248 S   0,0  0,0   0:00.00 tcpdump
14363 root      20   0   22564   6160   5412 S   0,0  0,0   0:00.00 tcpdump
14364 root      20   0   22564   6072   5324 S   0,0  0,0   0:00.00 tcpdump
14365 root      20   0   22564   6048   5300 S   0,0  0,0   0:00.00 tcpdump
14366 root      20   0   22564   6028   5280 S   0,0  0,0   0:00.01 tcpdump
14367 root      20   0   22564   6328   5440 S   0,0  0,0   0:00.00 tcpdump
14368 root      20   0   22564   6084   5344 S   0,0  0,0   0:00.00 tcpdump
14217 root      20   0  985400 121696   8912 S   1,0  0,7   0:01.96 ovs-vswitc+
14287 root      20   0  985416 121712   8912 S   1,0  0,7   