19965 root      20   0  985300 118364   8912 S  12,5  0,7   0:00.13 ovs-vswitc+
20035 root      20   0  985308 118372   8912 S  12,5  0,7   0:00.12 ovs-vswitc+
19859 root      10 -10   20924   4892   4140 S   0,0  0,0   0:00.00 ovsdb-serv+
19898 root      10 -10   26456   9856   8912 S   0,0  0,1   0:00.00 ovs-vswitc+
19961 root      20   0   20912   4972   4188 S   0,0  0,0   0:00.01 ovsdb-serv+
20031 root      20   0   20912   4900   4120 S   0,0  0,0   0:00.01 ovsdb-serv+
20110 root      20   0   22564   6096   5348 S   0,0  0,0   0:00.00 tcpdump
20111 root      20   0   22564   6044   5296 S   0,0  0,0   0:00.00 tcpdump
20112 root      20   0   22564   6028   5280 S   0,0  0,0   0:00.00 tcpdump
20113 root      20   0   22564   6076   5328 S   0,0  0,0   0:00.00 tcpdump
20114 root      20   0   22564   6004   5260 S   0,0  0,0   0:00.00 tcpdump
20115 root      20   0   22564   6168   5284 S   0,0  0,0   0:00.00 tcpdump
20116 root      20   0   22564   6280   5388 S   0,0  0,0   0:00.00 tcpdump
19859 root      10 -10   20924   4892   4140 S   0,0  0,0   0:00.00 ovsdb-serv+
19898 root      10 -10   26456   9856   8912 S   0,0  0,1   0:00.00 ovs-vswitc+
19961 root      20   0   20912   4972   4188 S   0,0  0,0   0:00.01 ovsdb-serv+
19965 root      20   0  985300 118364   8912 S   0,0  0,7   0:00.13 ovs-vswitc+
20031 root      20   0   20912   4900   4120 S   0,0  0,0   0:00.01 ovsdb-serv+
20035 root      20   0  985308 118372   8912 S   0,0  0,7   0:00.12 ovs-vswitc+
20110 root      20   0   22564   6096   5348 S   0,0  0,0   0:00.00 tcpdump
20111 root      20   0   22564   6044   5296 S   0,0  0,0   0:00.00 tcpdump
20112 root      20   0   22564   6028   5280 S   0,0  0,0   0:00.00 tcpdump
20113 root      20   0   22564   6076   5328 S   0,0  0,0   0:00.00 tcpdump
20114 root      20   0   22564   6004   5260 S   0,0  0,0   0:00.00 tcpdump
20115 root      20   0   22564   6168   5284 S   0,0  0,0   0:00.00 tcpdump
20116 root      20   0   22564   6280   5388 S   0,0  0,0   0:00.00 tcpdump
19965 root      20   0  985332 118364   8912 S   1,0  0,7   0:00.14 ovs-vswitc+
19859 root      10 -10   20924   4892   4140 S   0,0  0,0   0:00.00 ovsdb-serv+
19898 root      10 -10   26456   9856   8912 S   0,0  0,1   0:00.00 ovs-vswitc+
19961 root      20   0   20912   4972   4188 S   0,0  0,0   0:00.01 ovsdb-serv+
20031 root      20   0   20912   4900   4120 S   0,0  0,0   0:00.01 ovsdb-serv+
20035 root      20   0  985308 118372   8912 S   0,0  0,7   0:00.12 ovs-vswitc+
20110 root      20   0   22564   6096   5348 S   0,0  0,0   0:00.00 tcpdump
20111 root      20   0   22564   6044   5296 S   0,0  0,0   0:00.00 tcpdump
20112 root      20   0   22564   6028   5280 S   0,0  0,0   0:00.00 tcpdump
20113 root      20   0   22564   6076   5328 S   0,0  0,0   0:00.00 tcpdump
20114 root      20   0   22564   6004   5260 S   0,0  0,0   0:00.00 tcpdump
20115 root      20   0   22564   6168   5284 S   0,0  0,0   0:00.00 tcpdump
20116 root      20   0   22564   6280   5388 S   0,0  0,0   0:00.00 tcpdump
20035 root      20   0  985308 118372   8912 S   3,0  0,7   0:00.15 ovs-vswitc+
19965 root      20   0  985332 118364   8912 S   1,0  0,7   0:00.15 ovs-vswitc+
19859 root      10 -10   20924   4892   4140 S   0,0  0,0   0:00.00 ovsdb-serv+
19898 root      10 -10   26456   9856   8912 S   0,0  0,1   0:00.00 ovs-vswitc+
19961 root      20   0   20912   4972   4188 S   0,0  0,0   0:00.01 ovsdb-serv+
20031 root      20   0   20912   4900   4120 S   0,0  0,0   0:00.01 ovsdb-serv+
20110 root      20   0   22564   6096   5348 S   0,0  0,0   0:00.00 tcpdump
20111 root      20   0   22564   6044   5296 S   0,0  0,0   0:00.00 tcpdump
20112 root      20   0   22564   6028   5280 S   0,0  0,0   0:00.00 tcpdump
20113 root      20   0   22564   6076   5328 S   0,0  0,0   0:00.00 tcpdump
20114 root      20   0   22564   6004   5260 S   0,0  0,0   0:00.00 tcpdump
20115 root      20   0   22564   6168   5284 S   0,0  0,0   0:00.00 tcpdump
20116 root      20   0   22564   6280   5388 S   0,0  0,0   0:00.00 tcpdump
19965 root      20   0  985332 118364   8912 S   1,0  0,7   0:00.16 ovs-vswitc+
19859 root      10 -10   20924   4892   4140 S   0,0  0,0   0:00.00 ovsdb-serv+
19898 root      10 -10   26456   9856   8912 S   0,0  0,1   0:00.00 ovs-vswitc+
19961 root      20   0   20912   4972   4188 S   0,0  0,0   0:00.01 ovsdb-serv+
20031 root      20   0   20912   4900   4120 S   0,0  0,0   0:00.01 ovsdb-serv+
20035 root      20   0  985308 118372   8912 S   0,0  0,7   0:00.15 ovs-vswitc+
20110 root      20   0   22564   6096   5348 S   0,0  0,0   0:00.00 tcpdump
20111 root      20   0   22564   6044   5296 S   0,0  0,0   0:00.00 tcpdump
20112 root      20   0   22564   6028   5280 S   0,0  0,0   0:00.00 tcpdump
20113 root      20   0   22564   6076   5328 S   0,0  0,0   0:00.00 tcpdump
20114 root      20   0   22564   6004   5260 S   0,0  0,0   0:00.00 tcpdump
20115 root      20   0   22564   6168   5284 S   0,0  0,0   0:00.00 tcpdump
20116 root      20   0   22564   6280   5388 S   0,0  0,0   0:00.00 tcpdump
20035 root      20   0  985308 118372   8912 S   1,0  0,7   0:00.16 ovs-vswitc+
19859 root      10 -10   20924   4892   4140 S   0,0  0,0   0:00.00 ovsdb-serv+
19898 root      10 -10   26456   9856   8912 S   0,0  0,1   0:00.00 ovs-vswitc+
19961 root      20   0   20912   4972   4188 S   0,0  0,0   0:00.01 ovsdb-serv+
19965 root      20   0  985332 118364   8912 S   0,0  0,7   0:00.16 ovs-vswitc+
20031 root      20   0   20912   4900   4120 S   0,0  0,0   0:00.01 ovsdb-serv+
20110 root      20   0   22564   6096   5348 S   0,0  0,0   0:00.00 tcpdump
20111 root      20   0   22564   6044   5296 S   0,0  0,0   0:00.00 tcpdump
20112 root      20   0   22564   6028   5280 S   0,0  0,0   0:00.00 tcpdump
20113 root      20   0   22564   6076   5328 S   0,0  0,0   0:00.00 tcpdump
20114 root      20   0   22564   6004   5260 S   0,0  0,0   0:00.00 tcpdump
20115 root      20   0   22564   6168   5284 S   0,0  0,0   0:00.00 tcpdump
20116 root      20   0   22564   6280   5388 S   0,0  0,0   0:00.00 tcpdump
19965 root      20   0  985332 118364   8912 S   1,0  0,7   0:00.17 ovs-vswitc+
20035 root      20   0  985308 118372   8912 S   1,0  0,7   0:00.17 ovs-vswitc+
19859 root      10 -10   20924   4892   4140 S   0,0  0,0   0:00.00 ovsdb-serv+
19898 root      10 -10   26456   9856   8912 S   0,0  0,1   0:00.00 ovs-vswitc+
19961 root      20   0   20912   4972   4188 S   0,0  0,0   0:00.01 ovsdb-serv+
20031 root      20   0   20912   4900   4120 S   0,0  0,0   0:00.01 ovsdb-serv+
20110 root      20   0   22564   6096   5348 S   0,0  0,0   0:00.00 tcpdump
20111 root      20   0   22564   6044   5296 S   0,0  0,0   0:00.00 tcpdump
20112 root      20   0   22564   6028   5280 S   0,0  0,0   0:00.00 tcpdump
20113 root      20   0   22564   6076   5328 S   0,0  0,0   0:00.00 tcpdump
20114 root      20   0   22564   6004   5260 S   0,0  0,0   0:00.00 tcpdump
20115 root      20   0   22564   6168   5284 S   0,0  0,0   0:00.00 tcpdump
20116 root      20   0   22564   6280   5388 S   0,0  0,0   0:00.00 tcpdump
19965 root      20   0  985332 118364   8912 S   1,0  0,7   0:00.18 ovs-vswitc+
20035 root      20   0  985308 118372   8912 S   1,0  0,7   0:00.18 ovs-vswitc+
19859 root      10 -10   20924   4892   4140 S   0,0  0,0   0:00.00 ovsdb-serv+
19898 root      10 -10   26456   9856   8912 S   0,0  0,1   0:00.00 ovs-vswitc+
19961 root      20   0   20912   4972   4188 S   0,0  0,0   0:00.01 ovsdb-serv+
20031 root      20   0   20912   4900   4120 S   0,0  0,0   0:00.01 ovsdb-serv+
20110 root      20   0   22564   6096   5348 S   0,0  0,0   0:00.00 tcpdump
20111 root      20   0   22564   6044   5296 S   0,0  0,0   0:00.00 tcpdump
20112 root      20   0   22564   6028   5280 S   0,0  0,0   0:00.00 tcpdump
20113 root      20   0   22564   6076   5328 S   0,0  0,0   0:00.00 tcpdump
20114 root      20   0   22564   6004   5260 S   0,0  0,0   0:00.00 tcpdump
20115 root      20   0   22564   6168   5284 S   0,0  0,0   0:00.00 tcpdump
20116 root      20   0   22564   6280   5388 S   0,0  0,0   0:00.00 tcpdump
20035 root      20   0  985420 118556   8912 S   2,0  0,7   0:00.20 ovs-vswitc+
19859 root      10 -10   20924   4892   4140 S   0,0  0,0   0:00.00 ovsdb-serv+
19898 root      10 -10   26456   9856   8912 S   0,0  0,1   0:00.00 ovs-vswitc+
19961 root      20   0   20912   4972   4188 S   0,0  0,0   0:00.01 ovsdb-serv+
19965 root      20   0  985332 118364   8912 S   0,0  0,7   0:00.18 ovs-vswitc+
20031 root      20   0   20912   4900   4120 S   0,0  0,0   0:00.01 ovsdb-serv+
20110 root      20   0   22564   6096   5348 S   0,0  0,0   0:00.00 tcpdump
20111 root      20   0   22564   6044   5296 S   0,0  0,0   0:00.00 tcpdump
20112 root      20   0   22564   6028   5280 S   0,0  0,0   0:00.00 tcpdump
20113 root      20   0   22564   6076   5328 S   0,0  0,0   0:00.00 tcpdump
20114 root      20   0   22564   6004   5260 S   0,0  0,0   0:00.00 tcpdump
20115 root      20   0   22564   6168   5284 S   0,0  0,0   0:00.00 tcpdump
20116 root      20   0   22564   6280   5388 S   0,0  0,0   0:00.00 tcpdump
19965 root      20   0  985432 118560   8912 S   3,0  0,7   0:00.21 ovs-vswitc+
20035 root      20   0  985420 118556   8912 S   1,0  0,7   0:00.21 ovs-vswitc+
19859 root      10 -10   20924   4892   4140 S   0,0  0,0   0:00.00 ovsdb-serv+
19898 root      10 -10   26456   9856   8912 S   0,0  0,1   0:00.00 ovs-vswitc+
19961 root      20   0   20912   4972   4188 S   0,0  0,0   0:00.01 ovsdb-serv+
20031 root      20   0   20912   4900   4120 S   0,0  0,0   0:00.01 ovsdb-serv+
20110 root      20   0   22564   6096   5348 S   0,0  0,0   0:00.00 tcpdump
20111 root      20   0   22564   6044   5296 S   0,0  0,0   0:00.00 tcpdump
20112 root      20   0   22564   6028   5280 S   0,0  0,0   0:00.00 tcpdump
20113 root      20   0   22564   6076   5328 S   0,0  0,0   0:00.00 tcpdump
20114 root      20   0   22564   6004   5260 S   0,0  0,0   0:00.00 tcpdump
20115 root      20   0   22564   6168   5284 S   0,0  0,0   0:00.00 tcpdump
20116 root      20   0   22564   6280   5388 S   0,0  0,0   0:00.00 tcpdump
19965 root      20   0  985432 118560   8912 S   2,0  0,7   0:00.23 ovs-vswitc+
20035 root      20   0  985420 118556   8912 S   2,0  0,7   0:00.23 ovs-vswitc+
19859 root      10 -10   20924   4892   4140 S   0,0  0,0   0:00.00 ovsdb-serv+
19898 root      10 -10   26456   9856   8912 S   0,0  0,1   0:00.00 ovs-vswitc+
19961 root      20   0   20912   4972   4188 S   0,0  0,0   0:00.01 ovsdb-serv+
20031 root      20   0   20912   4900   4120 S   0,0  0,0   0:00.01 ovsdb-serv+
20110 root      20   0   22564   6096   5348 S   0,0  0,0   0:00.00 tcpdump
20111 root      20   0   22564   6044   5296 S   0,0  0,0   0:00.00 tcpdump
20112 root      20   0   22564   6028   5280 S   0,0  0,0   0:00.00 tcpdump
20113 root      20   0   22564   6076   5328 S   0,0  0,0   0:00.00 tcpdump
20114 root      20   0   22564   6004   5260 S   0,0  0,0   0:00.00 tcpdump
20115 root      20   0   22564   6168   5284 S   0,0  0,0   0:00.00 tcpdump
20116 root      20   0   22564   6280   5388 S   0,0  0,0   0:00.00 tcpdump
20035 root      20   0  985420 118556   8912 S   2,0  0,7   0:00.25 ovs-vswitc+
19859 root      10 -10   20924   4892   4140 S   0,0  0,0   0:00.00 ovsdb-serv+
19898 root      10 -10   26456   9856   8912 S   0,0  0,1   0:00.00 ovs-vswitc+
19961 root      20   0   20912   4972   4188 S   0,0  0,0   0:00.01 ovsdb-serv+
19965 root      20   0  985432 118560   8912 S   0,0  0,7   0:00.23 ovs-vswitc+
20031 root      20   0   20912   4900   4120 S   0,0  0,0   0:00.01 ovsdb-serv+
20110 root      20   0   22564   6096   5348 S   0,0  0,0   0:00.00 tcpdump
20111 root      20   0   22564   6044   5296 S   0,0  0,0   0:00.00 tcpdump
20112 root      20   0   22564   6028   5280 S   0,0  0,0   0:00.00 tcpdump
20113 root      20   0   22564   6076   5328 S   0,0  0,0   0:00.00 tcpdump
20114 root      20   0   22564   6004   5260 S   0,0  0,0   0:00.00 tcpdump
20115 root      20   0   22564   6168   5284 S   0,0  0,0   0:00.00 tcpdump
20116 root      20   0   22564   6280   5388 S   0,0  0,0   0:00.00 tcpdump
19965 root      20   0  985432 118560   8912 S   1,0  0,7   0:00.24 ovs-vswitc+
19859 root      10 -10   20924   4892   4140 S   0,0  0,0   0:00.00 ovsdb-serv+
19898 root      10 -10   26456   9856   8912 S   0,0  0,1   0:00.00 ovs-vswitc+
19961 root      20   0   20912   4972   4188 S   0,0  0,0   0:00.01 ovsdb-serv+
20031 root      20   0   20912   4900   4120 S   0,0  0,0   0:00.01 ovsdb-serv+
20035 root      20   0  985420 118556   8912 S   0,0  0,7   0:00.25 ovs-vswitc+
20110 root      20   0   22564   6096   5348 S   0,0  0,0   0:00.00 tcpdump
20111 root      20   0   22564   6044   5296 S   0,0  0,0   0:00.00 tcpdump
20112 root      20   0   22564   6028   5280 S   0,0  0,0   0:00.00 tcpdump
20113 root      20   0   22564   6076   5328 S   0,0  0,0   0:00.00 tcpdump
20114 root      20   0   22564   6004   5260 S   0,0  0,0   0:00.00 tcpdump
20115 root      20   0   22564   6168   5284 S   0,0  0,0   0:00.00 tcpdump
20116 root      20   0   22564   6280   5388 S   0,0  0,0   0:00.00 tcpdump
20035 root      20   0  985420 118556   8912 S   1,0  0,7   0:00.26 ovs-vswitc+
19859 root      10 -10   20924   4892   4140 S   0,0  0,0   0:00.00 ovsdb-serv+
19898 root      10 -10   26456   9856   8912 S   0,0  0,1   0:00.00 ovs-vswitc+
19961 root      20   0   20912   4972   4188 S   0,0  0,0   0:00.01 ovsdb-serv+
19965 root      20   0  985432 118560   8912 S   0,0  0,7   0:00.24 ovs-vswitc+
20031 root      20   0   20912   4900   4120 S   0,0  0,0   0:00.01 ovsdb-serv+
20110 root      20   0   22564   6096   5348 S   0,0  0,0   0:00.00 tcpdump
20111 root      20   0   22564   6044   5296 S   0,0  0,0   0:00.00 tcpdump
20112 root      20   0   22564   6028   5280 S   0,0  0,0   0:00.00 tcpdump
20113 root      20   0   22564   6076   5328 S   0,0  0,0   0:00.00 tcpdump
20114 root      20   0   22564   6004   5260 S   0,0  0,0   0:00.00 tcpdump
20115 root      20   0   22564   6168   5284 S   0,0  0,0   0:00.00 tcpdump
20116 root      20   0   22564   6280   5388 S   0,0  0,0   0:00.00 tcpdump
19965 root      20   0  985432 118560   8912 S   1,0  0,7   0:00.25 ovs-vswitc+
19859 root      10 -10   20924   4892   4140 S   0,0  0,0   0:00.00 ovsdb-serv+
19898 root      10 -10   26456   9856   8912 S   0,0  0,1   0:00.00 ovs-vswitc+
19961 root      20   0   20912   4972   4188 S   0,0  0,0   0:00.01 ovsdb-serv+
20031 root      20   0   20912   4900   4120 S   0,0  0,0   0:00.01 ovsdb-serv+
20035 root      20   0  985420 118556   8912 S   0,0  0,7   0:00.26 ovs-vswitc+
20110 root      20   0   22564   6096   5348 S   0,0  0,0   0:00.00 tcpdump
20111 root      20   0   22564   6044   5296 S   0,0  0,0   0:00.00 tcpdump
20112 root      20   0   22564   6028   5280 S   0,0  0,0   0:00.00 tcpdump
20113 root      20   0   22564   6076   5328 S   0,0  0,0   0:00.00 tcpdump
20114 root      20   0   22564   6004   5260 S   0,0  0,0   0:00.00 tcpdump
20115 root      20   0   22564   6168   5284 S   0,0  0,0   0:00.00 tcpdump
20116 root      20   0   22564   6280   5388 S   0,0  0,0   0:00.00 tcpdump
19965 root      20   0  985432 118560   8912 S   1,0  0,7   0:00.26 ovs-vswitc+
20035 root      20   0  985420 118556   8912 S   1,0  0,7   0:00.27 ovs-vswitc+
19859 root      10 -10   20924   4892   4140 S   0,0  0,0   0:00.00 ovsdb-serv+
19898 root      10 -10   26456   9856   8912 S   0,0  0,1   0:00.00 ovs-vswitc+
19961 root      20   0   20912   4972   4188 S   0,0  0,0   0:00.01 ovsdb-serv+
20031 root      20   0   20912   4900   4120 S   0,0  0,0   0:00.01 ovsdb-serv+
20110 root      20   0   22564   6096   5348 S   0,0  0,0   0:00.00 tcpdump
20111 root      20   0   22564   6044   5296 S   0,0  0,0   0:00.00 tcpdump
20112 root      20   0   22564   6028   5280 S   0,0  0,0   0:00.00 tcpdump
20113 root      20   0   22564   6076   5328 S   0,0  0,0   0:00.00 tcpdump
20114 root      20   0   22564   6004   5260 S   0,0  0,0   0:00.00 tcpdump
20115 root      20   0   22564   6168   5284 S   0,0  0,0   0:00.00 tcpdump
20116 root      20   0   22564   6280   5388 S   0,0  0,0   0:00.00 tcpdump
19965 root      20   0  985432 118560   8912 S   1,0  0,7   0:00.27 ovs-vswitc+
20035 root      20   0  985420 118556   8912 S   1,0  0,7   0:00.28 ovs-vswitc+
19859 root      10 -10   20924   4892   4140 S   0,0  0,0   0:00.00 ovsdb-serv+
19898 root      10 -10   26456   9856   8912 S   0,0  0,1   0:00.00 ovs-vswitc+
19961 root      20   0   20912   4972   4188 S   0,0  0,0   0:00.01 ovsdb-serv+
20031 root      20   0   20912   4900   4120 S   0,0  0,0   0:00.01 ovsdb-serv+
20110 root      20   0   22564   6096   5348 S   0,0  0,0   0:00.00 tcpdump
20111 root      20   0   22564   6044   5296 S   0,0  0,0   0:00.00 tcpdump
20112 root      20   0   22564   6028   5280 S   0,0  0,0   0:00.00 tcpdump
20113 root      20   0   22564   6076   5328 S   0,0  0,0   0:00.00 tcpdump
20114 root      20   0   22564   6004   5260 S   0,0  0,0   0:00.00 tcpdump
20115 root      20   0   22564   6168   5284 S   0,0  0,0   0:00.00 tcpdump
20116 root      20   0   22564   6280   5388 S   0,0  0,0   0:00.00 tcpdump
19859 root      10 -10   20924   4892   4140 S   0,0  0,0   0:00.00 ovsdb-serv+
19898 root      10 -10   26456   9856   8912 S   0,0  0,1   0:00.00 ovs-vswitc+
19961 root      20   0   20912   4972   4188 S   0,0  0,0   0:00.01 ovsdb-serv+
19965 root      20   0  985432 118560   8912 S   0,0  0,7   0:00.27 ovs-vswitc+
20031 root      20   0   20912   4900   4120 S   0,0  0,0   0:00.01 ovsdb-serv+
20035 root      20   0  985420 118556   8912 S   0,0  0,7   0:00.28 ovs-vswitc+
20110 root      20   0   22564   6096   5348 S   0,0  0,0   0:00.00 tcpdump
20111 root      20   0   22564   6044   5296 S   0,0  0,0   0:00.00 tcpdump
20112 root      20   0   22564   6028   5280 S   0,0  0,0   0:00.00 tcpdump
20113 root      20   0   22564   6076   5328 S   0,0  0,0   0:00.00 tcpdump
20114 root      20   0   22564   6004   5260 S   0,0  0,0   0:00.00 tcpdump
20115 root      20   0   22564   6168   5284 S   0,0  0,0   0:00.00 tcpdump
20116 root      20   0   22564   6280   5388 S   0,0  0,0   0:00.00 tcpdump
19965 root      20   0  985432 118560   8912 S   2,0  0,7   0:00.29 ovs-vswitc+
20035 root      20   0  985420 118556   8912 S   2,0  0,7   0:00.30 ovs-vswitc+
19859 root      10 -10   20924   4892   4140 S   0,0  0,0   0:00.00 ovsdb-serv+
19898 root      10 -10   26456   9856   8912 S   0,0  0,1   0:00.00 ovs-vswitc+
19961 root      20   0   20912   4972   4188 S   0,0  0,0   0:00.01 ovsdb-serv+
20031 root      20   0   20912   4900   4120 S   0,0  0,0   0:00.01 ovsdb-serv+
20110 root      20   0   22564   6096   5348 S   0,0  0,0   0:00.00 tcpdump
20111 root      20   0   22564   6044   5296 S   0,0  0,0   0:00.00 tcpdump
20112 root      20   0   22564   6028   5280 S   0,0  0,0   0:00.00 tcpdump
20113 root      20   0   22564   6076   5328 S   0,0  0,0   0:00.00 tcpdump
20114 root      20   0   22564   6004   5260 S   0,0  0,0   0:00.00 tcpdump
20115 root      20   0   22564   6168   5284 S   0,0  0,0   0:00.00 tcpdump
20116 root      20   0   22564   6280   5388 S   0,0  0,0   0:00.00 tcpdump
20035 root      20   0  985420 118556   8912 S   1,0  0,7   0:00.31 ovs-vswitc+
19859 root      10 -10   20924   4892   4140 S   0,0  0,0   0:00.00 ovsdb-serv+
19898 root      10 -10   26456   9856   8912 S   0,0  0,1   0:00.00 ovs-vswitc+
19961 root      20   0   20912   4972   4188 S   0,0  0,0   0:00.01 ovsdb-serv+
19965 root      20   0  985432 118560   8912 S   0,0  0,7   0:00.29 ovs-vswitc+
20031 root      20   0   20912   4900   4120 S   0,0  0,0   0:00.01 ovsdb-serv+
20110 root      20   0   22564   6096   5348 S   0,0  0,0   0:00.00 tcpdump
20111 root      20   0   22564   6044   5296 S   0,0  0,0   0:00.00 tcpdump
20112 root      20   0   22564   6028   5280 S   0,0  0,0   0:00.00 tcpdump
20113 root      20   0   22564   6076   5328 S   0,0  0,0   0:00.00 tcpdump
20114 root      20   0   22564   6004   5260 S   0,0  0,0   0:00.00 tcpdump
20115 root      20   0   22564   6168   5284 S   0,0  0,0   0:00.00 tcpdump
20116 root      20   0   22564   6280   5388 S   0,0  0,0   0:00.00 tcpdump
19965 root      20   0  985432 118560   8912 S   2,0  0,7   0:00.31 ovs-vswitc+
20035 root      20   0  985420 118556   8912 S   1,0  0,7   0:00.32 ovs-vswitc+
19859 root      10 -10   20924   4892   4140 S   0,0  0,0   0:00.00 ovsdb-serv+
19898 root      10 -10   26456   9856   8912 S   0,0  0,1   0:00.00 ovs-vswitc+
19961 root      20   0   20912   4972   4188 S   0,0  0,0   0:00.01 ovsdb-serv+
20031 root      20   0   20912   4900   4120 S   0,0  0,0   0:00.01 ovsdb-serv+
20110 root      20   0   22564   6096   5348 S   0,0  0,0   0:00.00 tcpdump
20111 root      20   0   22564   6044   5296 S   0,0  0,0   0:00.00 tcpdump
20112 root      20   0   22564   6028   5280 S   0,0  0,0   0:00.00 tcpdump
20113 root      20   0   22564   6076   5328 S   0,0  0,0   0:00.00 tcpdump
20114 root      20   0   22564   6004   5260 S   0,0  0,0   0:00.00 tcpdump
20115 root      20   0   22564   6168   5284 S   0,0  0,0   0:00.00 tcpdump
20116 root      20   0   22564   6280   5388 S   0,0  0,0   0:00.00 tcpdump
20035 root      20   0  985420 118556   8912 S   1,0  0,7   0:00.33 ovs-vswitc+
19859 root      10 -10   20924   4892   4140 S   0,0  0,0   0:00.00 ovsdb-serv+
19898 root      10 -10   26456   9856   8912 S   0,0  0,1   0:00.00 ovs-vswitc+
19961 root      20   0   20912   4972   4188 S   0,0  0,0   0:00.01 ovsdb-serv+
19965 root      20   0  985432 118560   8912 S   0,0  0,7   0:00.31 ovs-vswitc+
20031 root      20   0   20912   4900   4120 S   0,0  0,0   0:00.01 ovsdb-serv+
20110 root      20   0   22564   6096   5348 S   0,0  0,0   0:00.00 tcpdump
20111 root      20   0   22564   6044   5296 S   0,0  0,0   0:00.00 tcpdump
20112 root      20   0   22564   6028   5280 S   0,0  0,0   0:00.00 tcpdump
20113 root      20   0   22564   6076   5328 S   0,0  0,0   0:00.00 tcpdump
20114 root      20   0   22564   6004   5260 S   0,0  0,0   0:00.00 tcpdump
20115 root      20   0   22564   6168   5284 S   0,0  0,0   0:00.00 tcpdump
20116 root      20   0   22564   6280   5388 S   0,0  0,0   0:00.00 tcpdump
19965 root      20   0  985432 118560   8912 S   1,0  0,7   0:00.32 ovs-vswitc+
19859 root      10 -10   20924   4892   4140 S   0,0  0,0   0:00.00 ovsdb-serv+
19898 root      10 -10   26456   9856   8912 S   0,0  0,1   0:00.00 ovs-vswitc+
19961 root      20   0   20912   4972   4188 S   0,0  0,0   0:00.01 ovsdb-serv+
20031 root      20   0   20912   4900   4120 S   0,0  0,0   0:00.01 ovsdb-serv+
20035 root      20   0  985420 118556   8912 S   0,0  0,7   0:00.33 ovs-vswitc+
20110 root      20   0   22564   6096   5348 S   0,0  0,0   0:00.00 tcpdump
20111 root      20   0   22564   6044   5296 S   0,0  0,0   0:00.00 tcpdump
20112 root      20   0   22564   6028   5280 S   0,0  0,0   0:00.00 tcpdump
20113 root      20   0   22564   6076   5328 S   0,0  0,0   0:00.00 tcpdump
20114 root      20   0   22564   6004   5260 S   0,0  0,0   0:00.00 tcpdump
20115 root      20   0   22564   6168   5284 S   0,0  0,0   0:00.00 tcpdump
20116 root      20   0   22564   6280   5388 S   0,0  0,0   0:00.00 tcpdump
19965 root      20   0  985432 119876   8912 R  11,9  0,7   0:00.44 ovs-vswitc+
20035 root      20   0  985420 119080   8912 R   7,9  0,7   0:00.41 ovs-vswitc+
19859 root      10 -10   20924   4892   4140 S   0,0  0,0   0:00.00 ovsdb-serv+
19898 root      10 -10   26456   9856   8912 S   0,0  0,1   0:00.00 ovs-vswitc+
19961 root      20   0   20912   4972   4188 S   0,0  0,0   0:00.01 ovsdb-serv+
20031 root      20   0   20912   4900   4120 S   0,0  0,0   0:00.01 ovsdb-serv+
20110 root      20   0   22564   6096   5348 S   0,0  0,0   0:00.00 tcpdump
20111 root      20   0   22564   6044   5296 S   0,0  0,0   0:00.00 tcpdump
20112 root      20   0   22564   6028   5280 S   0,0  0,0   0:00.00 tcpdump
20113 root      20   0   22564   6076   5328 S   0,0  0,0   0:00.00 tcpdump
20114 root      20   0   22564   6004   5260 S   0,0  0,0   0:00.00 tcpdump
20115 root      20   0   22564   6168   5284 S   0,0  0,0   0:00.00 tcpdump
20116 root      20   0   22564   6280   5388 S   0,0  0,0   0:00.00 tcpdump
19965 root      20   0  985432 138352   8912 S 143,1  0,8   0:01.90 ovs-vswitc+
20035 root      20   0  985420 134388   8912 S  88,2  0,8   0:01.31 ovs-vswitc+
20114 root      20   0   22564   6004   5260 S   1,0  0,0   0:00.01 tcpdump
19859 root      10 -10   20924   4892   4140 S   0,0  0,0   0:00.00 ovsdb-serv+
19898 root      10 -10   26456   9856   8912 S   0,0  0,1   0:00.00 ovs-vswitc+
19961 root      20   0   20912   4972   4188 S   0,0  0,0   0:00.01 ovsdb-serv+
20031 root      20   0   20912   4900   4120 S   0,0  0,0   0:00.01 ovsdb-serv+
20110 root      20   0   22564   6096   5348 S   0,0  0,0   0:00.00 tcpdump
20111 root      20   0   22564   6044   5296 S   0,0  0,0   0:00.00 tcpdump
20112 root      20   0   22564   6028   5280 S   0,0  0,0   0:00.00 tcpdump
20113 root      20   0   22564   6076   5328 S   0,0  0,0   0:00.00 tcpdump
20115 root      20   0   22564   6168   5284 S   0,0  0,0   0:00.00 tcpdump
20116 root      20   0   22564   6280   5388 S   0,0  0,0   0:00.00 tcpdump
19965 root      20   0  985432 140200   8912 S 135,0  0,9   0:03.25 ovs-vswitc+
20035 root      20   0  985420 134388   8912 S   2,0  0,8   0:01.33 ovs-vswitc+
19859 root      10 -10   20924   4892   4140 S   0,0  0,0   0:00.00 ovsdb-serv+
19898 root      10 -10   26456   9856   8912 S   0,0  0,1   0:00.00 ovs-vswitc+
19961 root      20   0   20912   4972   4188 S   0,0  0,0   0:00.01 ovsdb-serv+
20031 root      20   0   20912   4900   4120 S   0,0  0,0   0:00.01 ovsdb-serv+
20110 root      20   0   22564   6096   5348 S   0,0  0,0   0:00.00 tcpdump
20111 root      20   0   22564   6044   5296 S   0,0  0,0   0:00.00 tcpdump
20112 root      20   0   22564   6028   5280 S   0,0  0,0   0:00.00 tcpdump
20113 root      20   0   22564   6076   5328 S   0,0  0,0   0:00.00 tcpdump
20114 root      20   0   22564   6004   5260 S   0,0  0,0   0:00.01 tcpdump
20115 root      20   0   22564   6168   5284 S   0,0  0,0   0:00.00 tcpdump
20116 root      20   0   22564   6280   5388 S   0,0  0,0   0:00.00 tcpdump
19965 root      20   0  985432 141784   8912 S 135,6  0,9   0:04.62 ovs-vswitc+
20035 root      20   0  985420 134388   8912 S   2,0  0,8   0:01.35 ovs-vswitc+
19859 root      10 -10   20924   4892   4140 S   0,0  0,0   0:00.00 ovsdb-serv+
19898 root      10 -10   26456   9856   8912 S   0,0  0,1   0:00.00 ovs-vswitc+
19961 root      20   0   20912   4972   4188 S   0,0  0,0   0:00.01 ovsdb-serv+
20031 root      20   0   20912   4900   4120 S   0,0  0,0   0:00.01 ovsdb-serv+
20110 root      20   0   22564   6096   5348 S   0,0  0,0   0:00.00 tcpdump
20111 root      20   0   22564   6044   5296 S   0,0  0,0   0:00.00 tcpdump
20112 root      20   0   22564   6028   5280 S   0,0  0,0   0:00.00 tcpdump
20113 root      20   0   22564   6076   5328 S   0,0  0,0   0:00.00 tcpdump
20114 root      20   0   22564   6004   5260 S   0,0  0,0   0:00.01 tcpdump
20115 root      20   0   22564   6168   5284 S   0,0  0,0   0:00.00 tcpdump
20116 root      20   0   22564   6280   5388 S   0,0  0,0   0:00.00 tcpdump
19965 root      20   0  985432 145216   8912 S  41,6  0,9   0:05.04 ovs-vswitc+
20035 root      20   0  985420 134388   8912 S   1,0  0,8   0:01.36 ovs-vswitc+
19859 root      10 -10   20924   4892   4140 S   0,0  0,0   0:00.00 ovsdb-serv+
19898 root      10 -10   26456   9856   8912 S   0,0  0,1   0:00.00 ovs-vswitc+
19961 root      20   0   20912   4972   4188 S   0,0  0,0   0:00.01 ovsdb-serv+
20031 root      20   0   20912   4900   4120 S   0,0  0,0   0:00.01 ovsdb-serv+
20110 root      20   0   22564   6096   5348 S   0,0  0,0   0:00.00 tcpdump
20111 root      20   0   22564   6044   5296 S   0,0  0,0   0:00.00 tcpdump
20112 root      20   0   22564   6028   5280 S   0,0  0,0   0:00.00 tcpdump
20113 root      20   0   22564   6076   5328 S   0,0  0,0   0:00.00 tcpdump
20114 root      20   0   22564   6004   5260 S   0,0  0,0   0:00.01 tcpdump
20115 root      20   0   22564   6168   5284 S   0,0  0,0   0:00.00 tcpdump
20116 root      20   0   22564   6280   5388 S   0,0  0,0   0:00.00 tcpdump
20035 root      20   0  985420 134388   8912 S   4,9  0,8   0:01.41 ovs-vswitc+
20110 root      20   0   22564   6096   5348 S   1,0  0,0   0:00.01 tcpdump
19859 root      10 -10   20924   4892   4140 S   0,0  0,0   0:00.00 ovsdb-serv+
19898 root      10 -10   26456   9856   8912 S   0,0  0,1   0:00.00 ovs-vswitc+
19961 root      20   0   20912   4972   4188 S   0,0  0,0   0:00.01 ovsdb-serv+
19965 root      20   0  985432 145216   8912 S   0,0  0,9   0:05.04 ovs-vswitc+
20031 root      20   0   20912   4900   4120 S   0,0  0,0   0:00.01 ovsdb-serv+
20111 root      20   0   22564   6044   5296 S   0,0  0,0   0:00.00 tcpdump
20112 root      20   0   22564   6028   5280 S   0,0  0,0   0:00.00 tcpdump
20113 root      20   0   22564   6076   5328 S   0,0  0,0   0:00.00 tcpdump
20114 root      20   0   22564   6004   5260 S   0,0  0,0   0:00.01 tcpdump
20115 root      20   0   22564   6168   5284 S   0,0  0,0   0:00.00 tcpdump
20116 root      20   0   22564   6280   5388 S   0,0  0,0   0:00.00 tcpdump
20035 root      20   0  985420 134388   8912 S   5,9  0,8   0:01.47 ovs-vswitc+
19965 root      20   0  985432 145216   8912 S   2,0  0,9   0:05.06 ovs-vswitc+
19859 root      10 -10   20924   4892   4140 S   0,0  0,0   0:00.00 ovsdb-serv+
19898 root      10 -10   26456   9856   8912 S   0,0  0,1   0:00.00 ovs-vswitc+
19961 root      20   0   20912   4972   4188 S   0,0  0,0   0:00.01 ovsdb-serv+
20031 root      20   0   20912   4900   4120 S   0,0  0,0   0:00.01 ovsdb-serv+
20110 root      20   0   22564   6096   5348 S   0,0  0,0   0:00.01 tcpdump
20111 root      20   0   22564   6044   5296 S   0,0  0,0   0:00.00 tcpdump
20112 root      20   0   22564   6028   5280 S   0,0  0,0   0:00.00 tcpdump
20113 root      20   0   22564   6076   5328 S   0,0  0,0   0:00.00 tcpdump
20114 root      20   0   22564   6004   5260 S   0,0  0,0   0:00.01 tcpdump
20115 root      20   0   22564   6168   5284 S   0,0  0,0   0:00.00 tcpdump
20116 root      20   0   22564   6280   5388 S   0,0  0,0   0:00.00 tcpdump
20035 root      20   0  985420 134388   8912 S   5,0  0,8   0:01.52 ovs-vswitc+
19859 root      10 -10   20924   4892   4140 S   0,0  0,0   0:00.00 ovsdb-serv+
19898 root      10 -10   26456   9856   8912 S   0,0  0,1   0:00.00 ovs-vswitc+
19961 root      20   0   20912   4972   4188 S   0,0  0,0   0:00.01 ovsdb-serv+
19965 root      20   0  985484 145268   8912 S   0,0  0,9   0:05.06 ovs-vswitc+
20031 root      20   0   20912   4900   4120 S   0,0  0,0   0:00.01 ovsdb-serv+
20110 root      20   0   22564   6096   5348 S   0,0  0,0   0:00.01 tcpdump
20111 root      20   0   22564   6044   5296 S   0,0  0,0   0:00.00 tcpdump
20112 root      20   0   22564   6028   5280 S   0,0  0,0   0:00.00 tcpdump
20113 root      20   0   22564   6076   5328 S   0,0  0,0   0:00.00 tcpdump
20114 root      20   0   22564   6004   5260 S   0,0  0,0   0:00.01 tcpdump
20115 root      20   0   22564   6168   5284 S   0,0  0,0   0:00.00 tcpdump
20116 root      20   0   22564   6280   5388 S   0,0  0,0   0:00.00 tcpdump
20035 root      20   0  985420 134388   8912 S   4,9  0,8   0:01.57 ovs-vswitc+
19965 root      20   0  985484 145268   8912 S   2,0  0,9   0:05.08 ovs-vswitc+
19859 root      10 -10   20924   4892   4140 S   0,0  0,0   0:00.00 ovsdb-serv+
19898 root      10 -10   26456   9856   8912 S   0,0  0,1   0:00.00 ovs-vswitc+
19961 root      20   0   20912   4972   4188 S   0,0  0,0   0:00.01 ovsdb-serv+
20031 root      20   0   20912   4900   4120 S   0,0  0,0   0:00.01 ovsdb-serv+
20110 root      20   0   22564   6096   5348 S   0,0  0,0   0:00.01 tcpdump
20111 root      20   0   22564   6044   5296 S   0,0  0,0   0:00.00 tcpdump
20112 root      20   0   22564   6028   5280 S   0,0  0,0   0:00.00 tcpdump
20113 root      20   0   22564   6076   5328 S   0,0  0,0   0:00.00 tcpdump
20114 root      20   0   22564   6004   5260 S   0,0  0,0   0:00.01 tcpdump
20115 root      20   0   22564   6168   5284 S   0,0  0,0   0:00.00 tcpdump
20116 root      20   0   22564   6280   5388 S   0,0  0,0   0:00.00 tcpdump
20035 root      20   0  985420 134388   8912 S   5,0  0,8   0:01.62 ovs-vswitc+
19961 root      20   0   20912   4972   4188 S   1,0  0,0   0:00.02 ovsdb-serv+
19965 root      20   0  985484 145268   8912 S   1,0  0,9   0:05.09 ovs-vswitc+
19859 root      10 -10   20924   4892   4140 S   0,0  0,0   0:00.00 ovsdb-serv+
19898 root      10 -10   26456   9856   8912 S   0,0  0,1   0:00.00 ovs-vswitc+
20031 root      20   0   20912   4900   4120 S   0,0  0,0   0:00.01 ovsdb-serv+
20110 root      20   0   22564   6096   5348 S   0,0  0,0   0:00.01 tcpdump
20111 root      20   0   22564   6044   5296 S   0,0  0,0   0:00.00 tcpdump
20112 root      20   0   22564   6028   5280 S   0,0  0,0   0:00.00 tcpdump
20113 root      20   0   22564   6076   5328 S   0,0  0,0   0:00.00 tcpdump
20114 root      20   0   22564   6004   5260 S   0,0  0,0   0:00.01 tcpdump
20115 root      20   0   22564   6168   5284 S   0,0  0,0   0:00.00 tcpdump
20116 root      20   0   22564   6280   5388 S   0,0  0,0   0:00.00 tcpdump
20035 root      20   0  985420 134388   8912 S   5,0  0,8   0:01.67 ovs-vswitc+
19965 root      20   0  985484 145268   8912 S   1,0  0,9   0:05.10 ovs-vswitc+
19859 root      10 -10   20924   4892   4140 S   0,0  0,0   0:00.00 ovsdb-serv+
19898 root      10 -10   26456   9856   8912 S   0,0  0,1   0:00.00 ovs-vswitc+
19961 root      20   0   20912   4972   4188 S   0,0  0,0   0:00.02 ovsdb-serv+
20031 root      20   0   20912   4900   4120 S   0,0  0,0   0:00.01 ovsdb-serv+
20110 root      20   0   22564   6096   5348 S   0,0  0,0   0:00.01 tcpdump
20111 root      20   0   22564   6044   5296 S   0,0  0,0   0:00.00 tcpdump
20112 root      20   0   22564   6028   5280 S   0,0  0,0   0:00.00 tcpdump
20113 root      20   0   22564   6076   5328 S   0,0  0,0   0:00.00 tcpdump
20114 root      20   0   22564   6004   5260 S   0,0  0,0   0:00.01 tcpdump
20115 root      20   0   22564   6168   5284 S   0,0  0,0   0:00.00 tcpdump
20116 root      20   0   22564   6280   5388 S   0,0  0,0   0:00.00 tcpdump
20035 root      20   0  985420 134388   8912 S   6,9  0,8   0:01.74 ovs-vswitc+
19859 root      10 -10   20924   4892   4140 S   0,0  0,0   0:00.00 ovsdb-serv+
19898 root      10 -10   26456   9856   8912 S   0,0  0,1   0:00.00 ovs-vswitc+
19961 root      20   0   20912   4972   4188 S   0,0  0,0   0:00.02 ovsdb-serv+
19965 root      20   0  985484 145268   8912 S   0,0  0,9   0:05.10 ovs-vswitc+
20031 root      20   0   20912   4900   4120 S   0,0  0,0   0:00.01 ovsdb-serv+
20110 root      20   0   22564   6096   5348 S   0,0  0,0   0:00.01 tcpdump
20111 root      20   0   22564   6044   5296 S   0,0  0,0   0:00.00 tcpdump
20112 root      20   0   22564   6028   5280 S   0,0  0,0   0:00.00 tcpdump
20113 root      20   0   22564   6076   5328 S   0,0  0,0   0:00.00 tcpdump
20114 root      20   0   22564   6004   5260 S   0,0  0,0   0:00.01 tcpdump
20115 root      20   0   22564   6168   5284 S   0,0  0,0   0:00.00 tcpdump
20116 root      20   0   22564   6280   5388 S   0,0  0,0   0:00.00 tcpdump
20035 root      20   0  985420 134388   8912 S   5,9  0,8   0:01.80 ovs-vswitc+
19965 root      20   0  985484 145268   8912 S   1,0  0,9   0:05.11 ovs-vswitc+
19859 root      10 -10   20924   4892   4140 S   0,0  0,0   0:00.00 ovsdb-serv+
19898 root      10 -10   26456   9856   8912 S   0,0  0,1   0:00.00 ovs-vswitc+
19961 root      20   0   20912   4972   4188 S   0,0  0,0   0:00.02 ovsdb-serv+
20031 root      20   0   20912   4900   4120 S   0,0  0,0   0:00.01 ovsdb-serv+
20110 root      20   0   22564   6096   5348 S   0,0  0,0   0:00.01 tcpdump
20111 root      20   0   22564   6044   5296 S   0,0  0,0   0:00.00 tcpdump
20112 root      20   0   22564   6028   5280 S   0,0  0,0   0:00.00 tcpdump
20113 root      20   0   22564   6076   5328 S   0,0  0,0   0:00.00 tcpdump
20114 root      20   0   22564   6004   5260 S   0,0  0,0   0:00.01 tcpdump
20115 root      20   0   22564   6168   5284 S   0,0  0,0   0:00.00 tcpdump
20116 root      20   0   22564   6280   5388 S   0,0  0,0   0:00.00 tcpdump
19965 root      20   0  985484 145268   8912 S   2,0  0,9   0:05.13 ovs-vswitc+
20035 root      20   0  985420 134388   8912 S   1,0  0,8   0:01.81 ovs-vswitc+
19859 root      10 -10   20924   4892   4140 S   0,0  0,0   0:00.00 ovsdb-serv+
19898 root      10 -10   26456   9856   8912 S   0,0  0,1   0:00.00 ovs-vswitc+
19961 root      20   0   20912   4972   4188 S   0,0  0,0   0:00.02 ovsdb-serv+
20031 root      20   0   20912   4900   4120 S   0,0  0,0   0:00.01 ovsdb-serv+
20110 root      20   0   22564   6096   5348 S   0,0  0,0   0:00.01 tcpdump
20111 root      20   0   22564   6044   5296 S   0,0  0,0   0:00.00 tcpdump
20112 root      20   0   22564   6028   5280 S   0,0  0,0   0:00.00 tcpdump
20113 root      20   0   22564   6076   5328 S   0,0  0,0   0:00.00 tcpdump
20114 root      20   0   22564   6004   5260 S   0,0  0,0   0:00.01 tcpdump
20115 root      20   0   22564   6168   5284 S   0,0  0,0   0:00.00 tcpdump
20116 root      20   0   22564   6280   5388 S   0,0  0,0   0:00.00 tcpdump
20035 root      20   0  985420 134388   8912 S   1,0  0,8   0:01.82 ovs-vswitc+
19859 root      10 -10   20924   4892   4140 S   0,0  0,0   0:00.00 ovsdb-serv+
19898 root      10 -10   26456   9856   8912 S   0,0  0,1   0:00.00 ovs-vswitc+
19961 root      20   0   20912   4972   4188 S   0,0  0,0   0:00.02 ovsdb-serv+
19965 root      20   0  985484 145268   8912 S   0,0  0,9   0:05.13 ovs-vswitc+
20031 root      20   0   20912   4900   4120 S   0,0  0,0   0:00.01 ovsdb-serv+
20110 root      20   0   22564   6096   5348 S   0,0  0,0   0:00.01 tcpdump
20111 root      20   0   22564   6044   5296 S   0,0  0,0   0:00.00 tcpdump
20112 root      20   0   22564   6028   5280 S   0,0  0,0   0:00.00 tcpdump
20113 root      20   0   22564   6076   5328 S   0,0  0,0   0:00.00 tcpdump
20114 root      20   0   22564   6004   5260 S   0,0  0,0   0:00.01 tcpdump
20115 root      20   0   22564   6168   5284 S   0,0  0,0   0:00.00 tcpdump
20116 root      20   0   22564   6280   5388 S   0,0  0,0   0:00.00 tcpdump
19965 root      20   0  985484 145268   8912 S   1,0  0,9   0:05.14 ovs-vswitc+
20035 root      20   0  985452 134424   8912 S   1,0  0,8   0:01.83 ovs-vswitc+
19859 root      10 -10   20924   4892   4140 S   0,0  0,0   0:00.00 ovsdb-serv+
19898 root      10 -10   26456   9856   8912 S   0,0  0,1   0:00.00 ovs-vswitc+
19961 root      20   0   20912   4972   4188 S   0,0  0,0   0:00.02 ovsdb-serv+
20031 root      20   0   20912   4900   4120 S   0,0  0,0   0:00.01 ovsdb-serv+
20110 root      20   0   22564   6096   5348 S   0,0  0,0   0:00.01 tcpdump
20111 root      20   0   22564   6044   5296 S   0,0  0,0   0:00.00 tcpdump
20112 root      20   0   22564   6028   5280 S   0,0  0,0   0:00.00 tcpdump
20113 root      20   0   22564   6076   5328 S   0,0  0,0   0:00.00 tcpdump
20114 root      20   0   22564   6004   5260 S   0,0  0,0   0:00.01 tcpdump
20115 root      20   0   22564   6168   5284 S   0,0  0,0   0:00.00 tcpdump
20116 root      20   0   22564   6280   5388 S   0,0  0,0   0:00.00 tcpdump
19965 root      20   0  985484 145268   8912 S   2,0  0,9   0:05.16 ovs-vswitc+
20035 root      20   0  985452 134424   8912 S   1,0  0,8   0:01.84 ovs-vswitc+
19859 root      10 -10   20924   4892   4140 S   0,0  0,0   0:00.00 ovsdb-serv+
19898 root      10 -10   26456   9856   8912 S   0,0  0,1   0:00.00 ovs-vswitc+
19961 root      20   0   20912   4972   4188 S   0,0  0,0   0:00.02 ovsdb-serv+
20031 root      20   0   20912   4900   4120 S   0,0  0,0   0:00.01 ovsdb-serv+
20110 root      20   0   22564   6096   5348 S   0,0  0,0   0:00.01 tcpdump
20111 root      20   0   22564   6044   5296 S   0,0  0,0   0:00.00 tcpdump
20112 root      20   0   22564   6028   5280 S   0,0  0,0   0:00.00 tcpdump
20113 root      20   0   22564   6076   5328 S   0,0  0,0   0:00.00 tcpdump
20114 root      20   0   22564   6004   5260 S   0,0  0,0   0:00.01 tcpdump
20115 root      20   0   22564   6168   5284 S   0,0  0,0   0:00.00 tcpdump
20116 root      20   0   22564   6280   5388 S   0,0  0,0   0:00.00 tcpdump
19965 root      20   0  985484 145268   8912 S   1,0  0,9   0:05.17 ovs-vswitc+
20035 root      20   0  985452 134424   8912 S   1,0  0,8   0:01.85 ovs-vswitc+
19859 root      10 -10   20924   4892   4140 S   0,0  0,0   0:00.00 ovsdb-serv+
19898 root      10 -10   26456   9856   8912 S   0,0  0,1   0:00.00 ovs-vswitc+
19961 root      20   0   20912   4972   4188 S   0,0  0,0   0:00.02 ovsdb-serv+
20031 root      20   0   20912   4900   4120 S   0,0  0,0   0:00.01 ovsdb-serv+
20110 root      20   0   22564   6096   5348 S   0,0  0,0   0:00.01 tcpdump
20111 root      20   0   22564   6044   5296 S   0,0  0,0   0:00.00 tcpdump
20112 root      20   0   22564   6028   5280 S   0,0  0,0   0:00.00 tcpdump
20113 root      20   0   22564   6076   5328 S   0,0  0,0   0:00.00 tcpdump
20114 root      20   0   22564   6004   5260 S   0,0  0,0   0:00.01 tcpdump
20115 root      20   0   22564   6168   5284 S   0,0  0,0   0:00.00 tcpdump
20116 root      20   0   22564   6280   5388 S   0,0  0,0   0:00.00 tcpdump
20035 root      20   0  985452 134424   8912 S   2,0  0,8   0:01.87 ovs-vswitc+
19965 root      20   0  985484 145268   8912 S   1,0  0,9   0:05.18 ovs-vswitc+
19859 root      10 -10   20924   4892   4140 S   0,0  0,0   0:00.00 ovsdb-serv+
19898 root      10 -10   26456   9856   8912 S   0,0  0,1   0:00.00 ovs-vswitc+
19961 root      20   0   20912   4972   4188 S   0,0  0,0   0:00.02 ovsdb-serv+
20031 root      20   0   20912   4900   4120 S   0,0  0,0   0:00.01 ovsdb-serv+
20110 root      20   0   22564   6096   5348 S   0,0  0,0   0:00.01 tcpdump
20111 root      20   0   22564   6044   5296 S   0,0  0,0   0:00.00 tcpdump
20112 root      20   0   22564   6028   5280 S   0,0  0,0   0:00.00 tcpdump
20113 root      20   0   22564   6076   5328 S   0,0  0,0   0:00.00 tcpdump
20114 root      20   0   22564   6004   5260 S   0,0  0,0   0:00.01 tcpdump
20115 root      20   0   22564   6168   5284 S   0,0  0,0   0:00.00 tcpdump
20116 root      20   0   22564   6280   5388 S   0,0  0,0   0:00.00 tcpdump
19965 root      20   0  985484 145268   8912 S   1,0  0,9   0:05.19 ovs-vswitc+
20035 root      20   0  985452 134424   8912 S   1,0  0,8   0:01.88 ovs-vswitc+
19859 root      10 -10   20924   4892   4140 S   0,0  0,0   0:00.00 ovsdb-serv+
19898 root      10 -10   26456   9856   8912 S   0,0  0,1   0:00.00 ovs-vswitc+
19961 root      20   0   20912   4972   4188 S   0,0  0,0   0:00.02 ovsdb-serv+
20031 root      20   0   20912   4900   4120 S   0,0  0,0   0:00.01 ovsdb-serv+
20110 root      20   0   22564   6096   5348 S   0,0  0,0   0:00.01 tcpdump
20111 root      20   0   22564   6044   5296 S   0,0  0,0   0:00.00 tcpdump
20112 root      20   0   22564   6028   5280 S   0,0  0,0   0:00.00 tcpdump
20113 root      20   0   22564   6076   5328 S   0,0  0,0   0:00.00 tcpdump
20114 root      20   0   22564   6004   5260 S   0,0  0,0   0:00.01 tcpdump
20115 root      20   0   22564   6168   5284 S   0,0  0,0   0:00.00 tcpdump
20116 root      20   0   22564   6280   5388 S   0,0  0,0   0:00.00 tcpdump
19859 root      10 -10   20924   4892   4140 S   0,0  0,0   0:00.00 ovsdb-serv+
19898 root      10 -10   26456   9856   8912 S   0,0  0,1   0:00.00 ovs-vswitc+
19961 root      20   0   20912   4972   4188 S   0,0  0,0   0:00.02 ovsdb-serv+
19965 root      20   0  985484 145268   8912 S   0,0  0,9   0:05.19 ovs-vswitc+
20031 root      20   0   20912   4900   4120 S   0,0  0,0   0:00.01 ovsdb-serv+
20035 root      20   0  985452 134424   8912 S   0,0  0,8   0:01.88 ovs-vswitc+
20110 root      20   0   22564   6096   5348 S   0,0  0,0   0:00.01 tcpdump
20111 root      20   0   22564   6044   5296 S   0,0  0,0   0:00.00 tcpdump
20112 root      20   0   22564   6028   5280 S   0,0  0,0   0:00.00 tcpdump
20113 root      20   0   22564   6076   5328 S   0,0  0,0   0:00.00 tcpdump
20114 root      20   0   22564   6004   5260 S   0,0  0,0   0:00.01 tcpdump
20115 root      20   0   22564   6168   5284 S   0,0  0,0   0:00.00 tcpdump
20116 root      20   0   22564   6280   5388 S   0,0  0,0   0:00.00 tcpdump
19965 root      20   0  985484 145268   8912 S   2,0  0,9   0:05.21 ovs-vswitc+
20035 root      20   0  985452 134424   8912 S   2,0  0,8   0:01.90 ovs-vswitc+
19859 root      10 -10   20924   4892   4140 S   0,0  0,0   0:00.00 ovsdb-serv+
19898 root      10 -10   26456   9856   8912 S   0,0  0,1   0:00.00 ovs-vswitc+
19961 root      20   0   20912   4972   4188 S   0,0  0,0   0:00.02 ovsdb-serv+
20031 root      20   0   20912   4900   4120 S   0,0  0,0   0:00.01 ovsdb-serv+
20110 root      20   0   22564   6096   5348 S  