21681 root      20   0  985304 118368   8912 S   6,2  0,7   0:00.16 ovs-vswitc+
21574 root      10 -10   20924   4836   4080 S   0,0  0,0   0:00.00 ovsdb-serv+
21613 root      10 -10   26456   9856   8912 S   0,0  0,1   0:00.00 ovs-vswitc+
21677 root      20   0   20912   4936   4152 S   0,0  0,0   0:00.02 ovsdb-serv+
21747 root      20   0   20912   4864   4080 S   0,0  0,0   0:00.02 ovsdb-serv+
21751 root      20   0  985304 118368   8912 S   0,0  0,7   0:00.16 ovs-vswitc+
21827 root      20   0   22564   5988   5236 S   0,0  0,0   0:00.00 tcpdump
21828 root      20   0   22564   6104   5356 S   0,0  0,0   0:00.00 tcpdump
21829 root      20   0   22564   6112   5364 S   0,0  0,0   0:00.00 tcpdump
21830 root      20   0   22564   6152   5404 S   0,0  0,0   0:00.00 tcpdump
21831 root      20   0   22564   6168   5416 S   0,0  0,0   0:00.00 tcpdump
21832 root      20   0   22564   6304   5416 S   0,0  0,0   0:00.00 tcpdump
21833 root      20   0   22564   6232   5344 S   0,0  0,0   0:00.00 tcpdump
21751 root      20   0  985304 118368   8912 S   1,0  0,7   0:00.17 ovs-vswitc+
21574 root      10 -10   20924   4836   4080 S   0,0  0,0   0:00.00 ovsdb-serv+
21613 root      10 -10   26456   9856   8912 S   0,0  0,1   0:00.00 ovs-vswitc+
21677 root      20   0   20912   4936   4152 S   0,0  0,0   0:00.02 ovsdb-serv+
21681 root      20   0  985304 118368   8912 S   0,0  0,7   0:00.16 ovs-vswitc+
21747 root      20   0   20912   4864   4080 S   0,0  0,0   0:00.02 ovsdb-serv+
21827 root      20   0   22564   5988   5236 S   0,0  0,0   0:00.00 tcpdump
21828 root      20   0   22564   6104   5356 S   0,0  0,0   0:00.00 tcpdump
21829 root      20   0   22564   6112   5364 S   0,0  0,0   0:00.00 tcpdump
21830 root      20   0   22564   6152   5404 S   0,0  0,0   0:00.00 tcpdump
21831 root      20   0   22564   6168   5416 S   0,0  0,0   0:00.00 tcpdump
21832 root      20   0   22564   6304   5416 S   0,0  0,0   0:00.00 tcpdump
21833 root      20   0   22564   6232   5344 S   0,0  0,0   0:00.00 tcpdump
21751 root      20   0  985304 118368   8912 S   2,0  0,7   0:00.19 ovs-vswitc+
21681 root      20   0  985304 118368   8912 S   1,0  0,7   0:00.17 ovs-vswitc+
21574 root      10 -10   20924   4836   4080 S   0,0  0,0   0:00.00 ovsdb-serv+
21613 root      10 -10   26456   9856   8912 S   0,0  0,1   0:00.00 ovs-vswitc+
21677 root      20   0   20912   4936   4152 S   0,0  0,0   0:00.02 ovsdb-serv+
21747 root      20   0   20912   4864   4080 S   0,0  0,0   0:00.02 ovsdb-serv+
21827 root      20   0   22564   5988   5236 S   0,0  0,0   0:00.00 tcpdump
21828 root      20   0   22564   6104   5356 S   0,0  0,0   0:00.00 tcpdump
21829 root      20   0   22564   6112   5364 S   0,0  0,0   0:00.00 tcpdump
21830 root      20   0   22564   6152   5404 S   0,0  0,0   0:00.00 tcpdump
21831 root      20   0   22564   6168   5416 S   0,0  0,0   0:00.00 tcpdump
21832 root      20   0   22564   6304   5416 S   0,0  0,0   0:00.00 tcpdump
21833 root      20   0   22564   6232   5344 S   0,0  0,0   0:00.00 tcpdump
21681 root      20   0  985304 118368   8912 S   1,0  0,7   0:00.18 ovs-vswitc+
21574 root      10 -10   20924   4836   4080 S   0,0  0,0   0:00.00 ovsdb-serv+
21613 root      10 -10   26456   9856   8912 S   0,0  0,1   0:00.00 ovs-vswitc+
21677 root      20   0   20912   4936   4152 S   0,0  0,0   0:00.02 ovsdb-serv+
21747 root      20   0   20912   4864   4080 S   0,0  0,0   0:00.02 ovsdb-serv+
21751 root      20   0  985304 118368   8912 S   0,0  0,7   0:00.19 ovs-vswitc+
21827 root      20   0   22564   5988   5236 S   0,0  0,0   0:00.00 tcpdump
21828 root      20   0   22564   6104   5356 S   0,0  0,0   0:00.00 tcpdump
21829 root      20   0   22564   6112   5364 S   0,0  0,0   0:00.00 tcpdump
21830 root      20   0   22564   6152   5404 S   0,0  0,0   0:00.00 tcpdump
21831 root      20   0   22564   6168   5416 S   0,0  0,0   0:00.00 tcpdump
21832 root      20   0   22564   6304   5416 S   0,0  0,0   0:00.00 tcpdump
21833 root      20   0   22564   6232   5344 S   0,0  0,0   0:00.00 tcpdump
21751 root      20   0  985304 118368   8912 S   1,0  0,7   0:00.20 ovs-vswitc+
21574 root      10 -10   20924   4836   4080 S   0,0  0,0   0:00.00 ovsdb-serv+
21613 root      10 -10   26456   9856   8912 S   0,0  0,1   0:00.00 ovs-vswitc+
21677 root      20   0   20912   4936   4152 S   0,0  0,0   0:00.02 ovsdb-serv+
21681 root      20   0  985304 118368   8912 S   0,0  0,7   0:00.18 ovs-vswitc+
21747 root      20   0   20912   4864   4080 S   0,0  0,0   0:00.02 ovsdb-serv+
21827 root      20   0   22564   5988   5236 S   0,0  0,0   0:00.00 tcpdump
21828 root      20   0   22564   6104   5356 S   0,0  0,0   0:00.00 tcpdump
21829 root      20   0   22564   6112   5364 S   0,0  0,0   0:00.00 tcpdump
21830 root      20   0   22564   6152   5404 S   0,0  0,0   0:00.00 tcpdump
21831 root      20   0   22564   6168   5416 S   0,0  0,0   0:00.00 tcpdump
21832 root      20   0   22564   6304   5416 S   0,0  0,0   0:00.00 tcpdump
21833 root      20   0   22564   6232   5344 S   0,0  0,0   0:00.00 tcpdump
21681 root      20   0  985304 118368   8912 S   1,0  0,7   0:00.19 ovs-vswitc+
21574 root      10 -10   20924   4836   4080 S   0,0  0,0   0:00.00 ovsdb-serv+
21613 root      10 -10   26456   9856   8912 S   0,0  0,1   0:00.00 ovs-vswitc+
21677 root      20   0   20912   4936   4152 S   0,0  0,0   0:00.02 ovsdb-serv+
21747 root      20   0   20912   4864   4080 S   0,0  0,0   0:00.02 ovsdb-serv+
21751 root      20   0  985304 118368   8912 S   0,0  0,7   0:00.20 ovs-vswitc+
21827 root      20   0   22564   5988   5236 S   0,0  0,0   0:00.00 tcpdump
21828 root      20   0   22564   6104   5356 S   0,0  0,0   0:00.00 tcpdump
21829 root      20   0   22564   6112   5364 S   0,0  0,0   0:00.00 tcpdump
21830 root      20   0   22564   6152   5404 S   0,0  0,0   0:00.00 tcpdump
21831 root      20   0   22564   6168   5416 S   0,0  0,0   0:00.00 tcpdump
21832 root      20   0   22564   6304   5416 S   0,0  0,0   0:00.00 tcpdump
21833 root      20   0   22564   6232   5344 S   0,0  0,0   0:00.00 tcpdump
21681 root      20   0  985304 118368   8912 S   1,0  0,7   0:00.20 ovs-vswitc+
21751 root      20   0  985304 118368   8912 S   1,0  0,7   0:00.21 ovs-vswitc+
21574 root      10 -10   20924   4836   4080 S   0,0  0,0   0:00.00 ovsdb-serv+
21613 root      10 -10   26456   9856   8912 S   0,0  0,1   0:00.00 ovs-vswitc+
21677 root      20   0   20912   4936   4152 S   0,0  0,0   0:00.02 ovsdb-serv+
21747 root      20   0   20912   4864   4080 S   0,0  0,0   0:00.02 ovsdb-serv+
21827 root      20   0   22564   5988   5236 S   0,0  0,0   0:00.00 tcpdump
21828 root      20   0   22564   6104   5356 S   0,0  0,0   0:00.00 tcpdump
21829 root      20   0   22564   6112   5364 S   0,0  0,0   0:00.00 tcpdump
21830 root      20   0   22564   6152   5404 S   0,0  0,0   0:00.00 tcpdump
21831 root      20   0   22564   6168   5416 S   0,0  0,0   0:00.00 tcpdump
21832 root      20   0   22564   6304   5416 S   0,0  0,0   0:00.00 tcpdump
21833 root      20   0   22564   6232   5344 S   0,0  0,0   0:00.00 tcpdump
21681 root      20   0  985304 118368   8912 S   1,0  0,7   0:00.21 ovs-vswitc+
21751 root      20   0  985304 118368   8912 S   1,0  0,7   0:00.22 ovs-vswitc+
21574 root      10 -10   20924   4836   4080 S   0,0  0,0   0:00.00 ovsdb-serv+
21613 root      10 -10   26456   9856   8912 S   0,0  0,1   0:00.00 ovs-vswitc+
21677 root      20   0   20912   4936   4152 S   0,0  0,0   0:00.02 ovsdb-serv+
21747 root      20   0   20912   4864   4080 S   0,0  0,0   0:00.02 ovsdb-serv+
21827 root      20   0   22564   5988   5236 S   0,0  0,0   0:00.00 tcpdump
21828 root      20   0   22564   6104   5356 S   0,0  0,0   0:00.00 tcpdump
21829 root      20   0   22564   6112   5364 S   0,0  0,0   0:00.00 tcpdump
21830 root      20   0   22564   6152   5404 S   0,0  0,0   0:00.00 tcpdump
21831 root      20   0   22564   6168   5416 S   0,0  0,0   0:00.00 tcpdump
21832 root      20   0   22564   6304   5416 S   0,0  0,0   0:00.00 tcpdump
21833 root      20   0   22564   6232   5344 S   0,0  0,0   0:00.00 tcpdump
21681 root      20   0  985304 118368   8912 S   1,0  0,7   0:00.22 ovs-vswitc+
21751 root      20   0  985420 118552   8912 S   1,0  0,7   0:00.23 ovs-vswitc+
21574 root      10 -10   20924   4836   4080 S   0,0  0,0   0:00.00 ovsdb-serv+
21613 root      10 -10   26456   9856   8912 S   0,0  0,1   0:00.00 ovs-vswitc+
21677 root      20   0   20912   4936   4152 S   0,0  0,0   0:00.02 ovsdb-serv+
21747 root      20   0   20912   4864   4080 S   0,0  0,0   0:00.02 ovsdb-serv+
21827 root      20   0   22564   5988   5236 S   0,0  0,0   0:00.00 tcpdump
21828 root      20   0   22564   6104   5356 S   0,0  0,0   0:00.00 tcpdump
21829 root      20   0   22564   6112   5364 S   0,0  0,0   0:00.00 tcpdump
21830 root      20   0   22564   6152   5404 S   0,0  0,0   0:00.00 tcpdump
21831 root      20   0   22564   6168   5416 S   0,0  0,0   0:00.00 tcpdump
21832 root      20   0   22564   6304   5416 S   0,0  0,0   0:00.00 tcpdump
21833 root      20   0   22564   6232   5344 S   0,0  0,0   0:00.00 tcpdump
21751 root      20   0  985420 118552   8912 S   2,0  0,7   0:00.25 ovs-vswitc+
21574 root      10 -10   20924   4836   4080 S   0,0  0,0   0:00.00 ovsdb-serv+
21613 root      10 -10   26456   9856   8912 S   0,0  0,1   0:00.00 ovs-vswitc+
21677 root      20   0   20912   4936   4152 S   0,0  0,0   0:00.02 ovsdb-serv+
21681 root      20   0  985304 118368   8912 S   0,0  0,7   0:00.22 ovs-vswitc+
21747 root      20   0   20912   4864   4080 S   0,0  0,0   0:00.02 ovsdb-serv+
21827 root      20   0   22564   5988   5236 S   0,0  0,0   0:00.00 tcpdump
21828 root      20   0   22564   6104   5356 S   0,0  0,0   0:00.00 tcpdump
21829 root      20   0   22564   6112   5364 S   0,0  0,0   0:00.00 tcpdump
21830 root      20   0   22564   6152   5404 S   0,0  0,0   0:00.00 tcpdump
21831 root      20   0   22564   6168   5416 S   0,0  0,0   0:00.00 tcpdump
21832 root      20   0   22564   6304   5416 S   0,0  0,0   0:00.00 tcpdump
21833 root      20   0   22564   6232   5344 S   0,0  0,0   0:00.00 tcpdump
21681 root      20   0  985304 118368   8912 S   2,0  0,7   0:00.24 ovs-vswitc+
21751 root      20   0  985420 118552   8912 S   2,0  0,7   0:00.27 ovs-vswitc+
21574 root      10 -10   20924   4836   4080 S   0,0  0,0   0:00.00 ovsdb-serv+
21613 root      10 -10   26456   9856   8912 S   0,0  0,1   0:00.00 ovs-vswitc+
21677 root      20   0   20912   4936   4152 S   0,0  0,0   0:00.02 ovsdb-serv+
21747 root      20   0   20912   4864   4080 S   0,0  0,0   0:00.02 ovsdb-serv+
21827 root      20   0   22564   5988   5236 S   0,0  0,0   0:00.00 tcpdump
21828 root      20   0   22564   6104   5356 S   0,0  0,0   0:00.00 tcpdump
21829 root      20   0   22564   6112   5364 S   0,0  0,0   0:00.00 tcpdump
21830 root      20   0   22564   6152   5404 S   0,0  0,0   0:00.00 tcpdump
21831 root      20   0   22564   6168   5416 S   0,0  0,0   0:00.00 tcpdump
21832 root      20   0   22564   6304   5416 S   0,0  0,0   0:00.00 tcpdump
21833 root      20   0   22564   6232   5344 S   0,0  0,0   0:00.00 tcpdump
21681 root      20   0  985304 118368   8912 S   1,0  0,7   0:00.25 ovs-vswitc+
21751 root      20   0  985420 118552   8912 S   1,0  0,7   0:00.28 ovs-vswitc+
21574 root      10 -10   20924   4836   4080 S   0,0  0,0   0:00.00 ovsdb-serv+
21613 root      10 -10   26456   9856   8912 S   0,0  0,1   0:00.00 ovs-vswitc+
21677 root      20   0   20912   4936   4152 S   0,0  0,0   0:00.02 ovsdb-serv+
21747 root      20   0   20912   4864   4080 S   0,0  0,0   0:00.02 ovsdb-serv+
21827 root      20   0   22564   5988   5236 S   0,0  0,0   0:00.00 tcpdump
21828 root      20   0   22564   6104   5356 S   0,0  0,0   0:00.00 tcpdump
21829 root      20   0   22564   6112   5364 S   0,0  0,0   0:00.00 tcpdump
21830 root      20   0   22564   6152   5404 S   0,0  0,0   0:00.00 tcpdump
21831 root      20   0   22564   6168   5416 S   0,0  0,0   0:00.00 tcpdump
21832 root      20   0   22564   6304   5416 S   0,0  0,0   0:00.00 tcpdump
21833 root      20   0   22564   6232   5344 S   0,0  0,0   0:00.00 tcpdump
21751 root      20   0  985420 118552   8912 S   2,0  0,7   0:00.30 ovs-vswitc+
21681 root      20   0  985304 118368   8912 S   1,0  0,7   0:00.26 ovs-vswitc+
21574 root      10 -10   20924   4836   4080 S   0,0  0,0   0:00.00 ovsdb-serv+
21613 root      10 -10   26456   9856   8912 S   0,0  0,1   0:00.00 ovs-vswitc+
21677 root      20   0   20912   4936   4152 S   0,0  0,0   0:00.02 ovsdb-serv+
21747 root      20   0   20912   4864   4080 S   0,0  0,0   0:00.02 ovsdb-serv+
21827 root      20   0   22564   5988   5236 S   0,0  0,0   0:00.00 tcpdump
21828 root      20   0   22564   6104   5356 S   0,0  0,0   0:00.00 tcpdump
21829 root      20   0   22564   6112   5364 S   0,0  0,0   0:00.00 tcpdump
21830 root      20   0   22564   6152   5404 S   0,0  0,0   0:00.00 tcpdump
21831 root      20   0   22564   6168   5416 S   0,0  0,0   0:00.00 tcpdump
21832 root      20   0   22564   6304   5416 S   0,0  0,0   0:00.00 tcpdump
21833 root      20   0   22564   6232   5344 S   0,0  0,0   0:00.00 tcpdump
21681 root      20   0  985304 118368   8912 S   1,0  0,7   0:00.27 ovs-vswitc+
21751 root      20   0  985420 118552   8912 S   1,0  0,7   0:00.31 ovs-vswitc+
21574 root      10 -10   20924   4836   4080 S   0,0  0,0   0:00.00 ovsdb-serv+
21613 root      10 -10   26456   9856   8912 S   0,0  0,1   0:00.00 ovs-vswitc+
21677 root      20   0   20912   4936   4152 S   0,0  0,0   0:00.02 ovsdb-serv+
21747 root      20   0   20912   4864   4080 S   0,0  0,0   0:00.02 ovsdb-serv+
21827 root      20   0   22564   5988   5236 S   0,0  0,0   0:00.00 tcpdump
21828 root      20   0   22564   6104   5356 S   0,0  0,0   0:00.00 tcpdump
21829 root      20   0   22564   6112   5364 S   0,0  0,0   0:00.00 tcpdump
21830 root      20   0   22564   6152   5404 S   0,0  0,0   0:00.00 tcpdump
21831 root      20   0   22564   6168   5416 S   0,0  0,0   0:00.00 tcpdump
21832 root      20   0   22564   6304   5416 S   0,0  0,0   0:00.00 tcpdump
21833 root      20   0   22564   6232   5344 S   0,0  0,0   0:00.00 tcpdump
21681 root      20   0  985304 118368   8912 S   2,0  0,7   0:00.29 ovs-vswitc+
21751 root      20   0  985420 118552   8912 S   1,0  0,7   0:00.32 ovs-vswitc+
21574 root      10 -10   20924   4836   4080 S   0,0  0,0   0:00.00 ovsdb-serv+
21613 root      10 -10   26456   9856   8912 S   0,0  0,1   0:00.00 ovs-vswitc+
21677 root      20   0   20912   4936   4152 S   0,0  0,0   0:00.02 ovsdb-serv+
21747 root      20   0   20912   4864   4080 S   0,0  0,0   0:00.02 ovsdb-serv+
21827 root      20   0   22564   5988   5236 S   0,0  0,0   0:00.00 tcpdump
21828 root      20   0   22564   6104   5356 S   0,0  0,0   0:00.00 tcpdump
21829 root      20   0   22564   6112   5364 S   0,0  0,0   0:00.00 tcpdump
21830 root      20   0   22564   6152   5404 S   0,0  0,0   0:00.00 tcpdump
21831 root      20   0   22564   6168   5416 S   0,0  0,0   0:00.00 tcpdump
21832 root      20   0   22564   6304   5416 S   0,0  0,0   0:00.00 tcpdump
21833 root      20   0   22564   6232   5344 S   0,0  0,0   0:00.00 tcpdump
21681 root      20   0  985304 118368   8912 S   2,0  0,7   0:00.31 ovs-vswitc+
21751 root      20   0  985420 118552   8912 S   1,0  0,7   0:00.33 ovs-vswitc+
21574 root      10 -10   20924   4836   4080 S   0,0  0,0   0:00.00 ovsdb-serv+
21613 root      10 -10   26456   9856   8912 S   0,0  0,1   0:00.00 ovs-vswitc+
21677 root      20   0   20912   4936   4152 S   0,0  0,0   0:00.02 ovsdb-serv+
21747 root      20   0   20912   4864   4080 S   0,0  0,0   0:00.02 ovsdb-serv+
21827 root      20   0   22564   5988   5236 S   0,0  0,0   0:00.00 tcpdump
21828 root      20   0   22564   6104   5356 S   0,0  0,0   0:00.00 tcpdump
21829 root      20   0   22564   6112   5364 S   0,0  0,0   0:00.00 tcpdump
21830 root      20   0   22564   6152   5404 S   0,0  0,0   0:00.00 tcpdump
21831 root      20   0   22564   6168   5416 S   0,0  0,0   0:00.00 tcpdump
21832 root      20   0   22564   6304   5416 S   0,0  0,0   0:00.00 tcpdump
21833 root      20   0   22564   6232   5344 S   0,0  0,0   0:00.00 tcpdump
21751 root      20   0  985420 118552   8912 S   2,0  0,7   0:00.35 ovs-vswitc+
21681 root      20   0  985304 118368   8912 S   1,0  0,7   0:00.32 ovs-vswitc+
21574 root      10 -10   20924   4836   4080 S   0,0  0,0   0:00.00 ovsdb-serv+
21613 root      10 -10   26456   9856   8912 S   0,0  0,1   0:00.00 ovs-vswitc+
21677 root      20   0   20912   4936   4152 S   0,0  0,0   0:00.02 ovsdb-serv+
21747 root      20   0   20912   4864   4080 S   0,0  0,0   0:00.02 ovsdb-serv+
21827 root      20   0   22564   5988   5236 S   0,0  0,0   0:00.00 tcpdump
21828 root      20   0   22564   6104   5356 S   0,0  0,0   0:00.00 tcpdump
21829 root      20   0   22564   6112   5364 S   0,0  0,0   0:00.00 tcpdump
21830 root      20   0   22564   6152   5404 S   0,0  0,0   0:00.00 tcpdump
21831 root      20   0   22564   6168   5416 S   0,0  0,0   0:00.00 tcpdump
21832 root      20   0   22564   6304   5416 S   0,0  0,0   0:00.00 tcpdump
21833 root      20   0   22564   6232   5344 S   0,0  0,0   0:00.00 tcpdump
21574 root      10 -10   20924   4836   4080 S   0,0  0,0   0:00.00 ovsdb-serv+
21613 root      10 -10   26456   9856   8912 S   0,0  0,1   0:00.00 ovs-vswitc+
21677 root      20   0   20912   4936   4152 S   0,0  0,0   0:00.02 ovsdb-serv+
21681 root      20   0  985304 118368   8912 S   0,0  0,7   0:00.32 ovs-vswitc+
21747 root      20   0   20912   4864   4080 S   0,0  0,0   0:00.02 ovsdb-serv+
21751 root      20   0  985420 118552   8912 S   0,0  0,7   0:00.35 ovs-vswitc+
21827 root      20   0   22564   5988   5236 S   0,0  0,0   0:00.00 tcpdump
21828 root      20   0   22564   6104   5356 S   0,0  0,0   0:00.00 tcpdump
21829 root      20   0   22564   6112   5364 S   0,0  0,0   0:00.00 tcpdump
21830 root      20   0   22564   6152   5404 S   0,0  0,0   0:00.00 tcpdump
21831 root      20   0   22564   6168   5416 S   0,0  0,0   0:00.00 tcpdump
21832 root      20   0   22564   6304   5416 S   0,0  0,0   0:00.00 tcpdump
21833 root      20   0   22564   6232   5344 S   0,0  0,0   0:00.00 tcpdump
21681 root      20   0  985416 118548   8912 S   3,0  0,7   0:00.35 ovs-vswitc+
21751 root      20   0  985420 118552   8912 S   2,0  0,7   0:00.37 ovs-vswitc+
21574 root      10 -10   20924   4836   4080 S   0,0  0,0   0:00.00 ovsdb-serv+
21613 root      10 -10   26456   9856   8912 S   0,0  0,1   0:00.00 ovs-vswitc+
21677 root      20   0   20912   4936   4152 S   0,0  0,0   0:00.02 ovsdb-serv+
21747 root      20   0   20912   4864   4080 S   0,0  0,0   0:00.02 ovsdb-serv+
21827 root      20   0   22564   5988   5236 S   0,0  0,0   0:00.00 tcpdump
21828 root      20   0   22564   6104   5356 S   0,0  0,0   0:00.00 tcpdump
21829 root      20   0   22564   6112   5364 S   0,0  0,0   0:00.00 tcpdump
21830 root      20   0   22564   6152   5404 S   0,0  0,0   0:00.00 tcpdump
21831 root      20   0   22564   6168   5416 S   0,0  0,0   0:00.00 tcpdump
21832 root      20   0   22564   6304   5416 S   0,0  0,0   0:00.00 tcpdump
21833 root      20   0   22564   6232   5344 S   0,0  0,0   0:00.00 tcpdump
21751 root      20   0  985420 118552   8912 S   1,0  0,7   0:00.38 ovs-vswitc+
21574 root      10 -10   20924   4836   4080 S   0,0  0,0   0:00.00 ovsdb-serv+
21613 root      10 -10   26456   9856   8912 S   0,0  0,1   0:00.00 ovs-vswitc+
21677 root      20   0   20912   4936   4152 S   0,0  0,0   0:00.02 ovsdb-serv+
21681 root      20   0  985416 118548   8912 S   0,0  0,7   0:00.35 ovs-vswitc+
21747 root      20   0   20912   4864   4080 S   0,0  0,0   0:00.02 ovsdb-serv+
21827 root      20   0   22564   5988   5236 S   0,0  0,0   0:00.00 tcpdump
21828 root      20   0   22564   6104   5356 S   0,0  0,0   0:00.00 tcpdump
21829 root      20   0   22564   6112   5364 S   0,0  0,0   0:00.00 tcpdump
21830 root      20   0   22564   6152   5404 S   0,0  0,0   0:00.00 tcpdump
21831 root      20   0   22564   6168   5416 S   0,0  0,0   0:00.00 tcpdump
21832 root      20   0   22564   6304   5416 S   0,0  0,0   0:00.00 tcpdump
21833 root      20   0   22564   6232   5344 S   0,0  0,0   0:00.00 tcpdump
21681 root      20   0  985416 118548   8912 S   2,0  0,7   0:00.37 ovs-vswitc+
21751 root      20   0  985420 118552   8912 S   1,0  0,7   0:00.39 ovs-vswitc+
21574 root      10 -10   20924   4836   4080 S   0,0  0,0   0:00.00 ovsdb-serv+
21613 root      10 -10   26456   9856   8912 S   0,0  0,1   0:00.00 ovs-vswitc+
21677 root      20   0   20912   4936   4152 S   0,0  0,0   0:00.02 ovsdb-serv+
21747 root      20   0   20912   4864   4080 S   0,0  0,0   0:00.02 ovsdb-serv+
21827 root      20   0   22564   5988   5236 S   0,0  0,0   0:00.00 tcpdump
21828 root      20   0   22564   6104   5356 S   0,0  0,0   0:00.00 tcpdump
21829 root      20   0   22564   6112   5364 S   0,0  0,0   0:00.00 tcpdump
21830 root      20   0   22564   6152   5404 S   0,0  0,0   0:00.00 tcpdump
21831 root      20   0   22564   6168   5416 S   0,0  0,0   0:00.00 tcpdump
21832 root      20   0   22564   6304   5416 S   0,0  0,0   0:00.00 tcpdump
21833 root      20   0   22564   6232   5344 S   0,0  0,0   0:00.00 tcpdump
21751 root      20   0  985420 118552   8912 S   1,0  0,7   0:00.40 ovs-vswitc+
21574 root      10 -10   20924   4836   4080 S   0,0  0,0   0:00.00 ovsdb-serv+
21613 root      10 -10   26456   9856   8912 S   0,0  0,1   0:00.00 ovs-vswitc+
21677 root      20   0   20912   4936   4152 S   0,0  0,0   0:00.02 ovsdb-serv+
21681 root      20   0  985416 118548   8912 S   0,0  0,7   0:00.37 ovs-vswitc+
21747 root      20   0   20912   4864   4080 S   0,0  0,0   0:00.02 ovsdb-serv+
21827 root      20   0   22564   5988   5236 S   0,0  0,0   0:00.00 tcpdump
21828 root      20   0   22564   6104   5356 S   0,0  0,0   0:00.00 tcpdump
21829 root      20   0   22564   6112   5364 S   0,0  0,0   0:00.00 tcpdump
21830 root      20   0   22564   6152   5404 S   0,0  0,0   0:00.00 tcpdump
21831 root      20   0   22564   6168   5416 S   0,0  0,0   0:00.00 tcpdump
21832 root      20   0   22564   6304   5416 S   0,0  0,0   0:00.00 tcpdump
21833 root      20   0   22564   6232   5344 S   0,0  0,0   0:00.00 tcpdump
21681 root      20   0  985416 118548   8912 S   1,0  0,7   0:00.38 ovs-vswitc+
21751 root      20   0  985420 118552   8912 S   1,0  0,7   0:00.41 ovs-vswitc+
21574 root      10 -10   20924   4836   4080 S   0,0  0,0   0:00.00 ovsdb-serv+
21613 root      10 -10   26456   9856   8912 S   0,0  0,1   0:00.00 ovs-vswitc+
21677 root      20   0   20912   4936   4152 S   0,0  0,0   0:00.02 ovsdb-serv+
21747 root      20   0   20912   4864   4080 S   0,0  0,0   0:00.02 ovsdb-serv+
21827 root      20   0   22564   5988   5236 S   0,0  0,0   0:00.00 tcpdump
21828 root      20   0   22564   6104   5356 S   0,0  0,0   0:00.00 tcpdump
21829 root      20   0   22564   6112   5364 S   0,0  0,0   0:00.00 tcpdump
21830 root      20   0   22564   6152   5404 S   0,0  0,0   0:00.00 tcpdump
21831 root      20   0   22564   6168   5416 S   0,0  0,0   0:00.00 tcpdump
21832 root      20   0   22564   6304   5416 S   0,0  0,0   0:00.00 tcpdump
21833 root      20   0   22564   6232   5344 S   0,0  0,0   0:00.00 tcpdump
21681 root      20   0  985416 121448   8912 R  17,8  0,7   0:00.56 ovs-vswitc+
21751 root      20   0  985420 120396   8912 R  11,9  0,7   0:00.53 ovs-vswitc+
21574 root      10 -10   20924   4836   4080 S   0,0  0,0   0:00.00 ovsdb-serv+
21613 root      10 -10   26456   9856   8912 S   0,0  0,1   0:00.00 ovs-vswitc+
21677 root      20   0   20912   4936   4152 S   0,0  0,0   0:00.02 ovsdb-serv+
21747 root      20   0   20912   4864   4080 S   0,0  0,0   0:00.02 ovsdb-serv+
21827 root      20   0   22564   5988   5236 S   0,0  0,0   0:00.00 tcpdump
21828 root      20   0   22564   6104   5356 S   0,0  0,0   0:00.00 tcpdump
21829 root      20   0   22564   6112   5364 S   0,0  0,0   0:00.00 tcpdump
21830 root      20   0   22564   6152   5404 S   0,0  0,0   0:00.00 tcpdump
21831 root      20   0   22564   6168   5416 S   0,0  0,0   0:00.00 tcpdump
21832 root      20   0   22564   6304   5416 S   0,0  0,0   0:00.00 tcpdump
21833 root      20   0   22564   6232   5344 S   0,0  0,0   0:00.00 tcpdump
21681 root      20   0  985416 139924   8912 R 275,2  0,9   0:03.34 ovs-vswitc+
21751 root      20   0  985420 140192   8912 R 266,3  0,9   0:03.22 ovs-vswitc+
21574 root      10 -10   20924   4836   4080 S   0,0  0,0   0:00.00 ovsdb-serv+
21613 root      10 -10   26456   9856   8912 S   0,0  0,1   0:00.00 ovs-vswitc+
21677 root      20   0   20912   4936   4152 S   0,0  0,0   0:00.02 ovsdb-serv+
21747 root      20   0   20912   4864   4080 S   0,0  0,0   0:00.02 ovsdb-serv+
21827 root      20   0   22564   5988   5236 S   0,0  0,0   0:00.00 tcpdump
21828 root      20   0   22564   6104   5356 S   0,0  0,0   0:00.00 tcpdump
21829 root      20   0   22564   6112   5364 S   0,0  0,0   0:00.00 tcpdump
21830 root      20   0   22564   6152   5404 S   0,0  0,0   0:00.00 tcpdump
21831 root      20   0   22564   6168   5416 S   0,0  0,0   0:00.00 tcpdump
21832 root      20   0   22564   6304   5416 S   0,0  0,0   0:00.00 tcpdump
21833 root      20   0   22564   6232   5344 S   0,0  0,0   0:00.00 tcpdump
21751 root      20   0  985420 140456   8912 S 170,3  0,9   0:04.94 ovs-vswitc+
21681 root      20   0  985416 139924   8912 S 165,3  0,9   0:05.01 ovs-vswitc+
21829 root      20   0   22564   6112   5364 S   1,0  0,0   0:00.01 tcpdump
21833 root      20   0   22564   6232   5344 S   1,0  0,0   0:00.01 tcpdump
21574 root      10 -10   20924   4836   4080 S   0,0  0,0   0:00.00 ovsdb-serv+
21613 root      10 -10   26456   9856   8912 S   0,0  0,1   0:00.00 ovs-vswitc+
21677 root      20   0   20912   4936   4152 S   0,0  0,0   0:00.02 ovsdb-serv+
21747 root      20   0   20912   4864   4080 S   0,0  0,0   0:00.02 ovsdb-serv+
21827 root      20   0   22564   5988   5236 S   0,0  0,0   0:00.00 tcpdump
21828 root      20   0   22564   6104   5356 S   0,0  0,0   0:00.00 tcpdump
21830 root      20   0   22564   6152   5404 S   0,0  0,0   0:00.00 tcpdump
21831 root      20   0   22564   6168   5416 S   0,0  0,0   0:00.00 tcpdump
21832 root      20   0   22564   6304   5416 S   0,0  0,0   0:00.00 tcpdump
21681 root      20   0  985416 139924   8912 S   3,8  0,9   0:05.05 ovs-vswitc+
21751 root      20   0  985420 140456   8912 S   2,9  0,9   0:04.97 ovs-vswitc+
21831 root      20   0   22564   6168   5416 S   1,0  0,0   0:00.01 tcpdump
21574 root      10 -10   20924   4836   4080 S   0,0  0,0   0:00.00 ovsdb-serv+
21613 root      10 -10   26456   9856   8912 S   0,0  0,1   0:00.00 ovs-vswitc+
21677 root      20   0   20912   4936   4152 S   0,0  0,0   0:00.02 ovsdb-serv+
21747 root      20   0   20912   4864   4080 S   0,0  0,0   0:00.02 ovsdb-serv+
21827 root      20   0   22564   5988   5236 S   0,0  0,0   0:00.00 tcpdump
21828 root      20   0   22564   6104   5356 S   0,0  0,0   0:00.00 tcpdump
21829 root      20   0   22564   6112   5364 S   0,0  0,0   0:00.01 tcpdump
21830 root      20   0   22564   6152   5404 S   0,0  0,0   0:00.00 tcpdump
21832 root      20   0   22564   6304   5416 S   0,0  0,0   0:00.00 tcpdump
21833 root      20   0   22564   6232   5344 S   0,0  0,0   0:00.01 tcpdump
21751 root      20   0  985420 140456   8912 S   4,0  0,9   0:05.01 ovs-vswitc+
21681 root      20   0  985416 139924   8912 S   3,0  0,9   0:05.08 ovs-vswitc+
21574 root      10 -10   20924   4836   4080 S   0,0  0,0   0:00.00 ovsdb-serv+
21613 root      10 -10   26456   9856   8912 S   0,0  0,1   0:00.00 ovs-vswitc+
21677 root      20   0   20912   4936   4152 S   0,0  0,0   0:00.02 ovsdb-serv+
21747 root      20   0   20912   4864   4080 S   0,0  0,0   0:00.02 ovsdb-serv+
21827 root      20   0   22564   5988   5236 S   0,0  0,0   0:00.00 tcpdump
21828 root      20   0   22564   6104   5356 S   0,0  0,0   0:00.00 tcpdump
21829 root      20   0   22564   6112   5364 S   0,0  0,0   0:00.01 tcpdump
21830 root      20   0   22564   6152   5404 S   0,0  0,0   0:00.00 tcpdump
21831 root      20   0   22564   6168   5416 S   0,0  0,0   0:00.01 tcpdump
21832 root      20   0   22564   6304   5416 S   0,0  0,0   0:00.00 tcpdump
21833 root      20   0   22564   6232   5344 S   0,0  0,0   0:00.01 tcpdump
21681 root      20   0  985416 139924   8912 S   2,9  0,9   0:05.11 ovs-vswitc+
21751 root      20   0  985420 140456   8912 S   2,9  0,9   0:05.04 ovs-vswitc+
21574 root      10 -10   20924   4836   4080 S   0,0  0,0   0:00.00 ovsdb-serv+
21613 root      10 -10   26456   9856   8912 S   0,0  0,1   0:00.00 ovs-vswitc+
21677 root      20   0   20912   4936   4152 S   0,0  0,0   0:00.02 ovsdb-serv+
21747 root      20   0   20912   4864   4080 S   0,0  0,0   0:00.02 ovsdb-serv+
21827 root      20   0   22564   5988   5236 S   0,0  0,0   0:00.00 tcpdump
21828 root      20   0   22564   6104   5356 S   0,0  0,0   0:00.00 tcpdump
21829 root      20   0   22564   6112   5364 S   0,0  0,0   0:00.01 tcpdump
21830 root      20   0   22564   6152   5404 S   0,0  0,0   0:00.00 tcpdump
21831 root      20   0   22564   6168   5416 S   0,0  0,0   0:00.01 tcpdump
21832 root      20   0   22564   6304   5416 S   0,0  0,0   0:00.00 tcpdump
21833 root      20   0   22564   6232   5344 S   0,0  0,0   0:00.01 tcpdump
21751 root      20   0  985420 140456   8912 S   4,0  0,9   0:05.08 ovs-vswitc+
21681 root      20   0  985416 139924   8912 S   3,0  0,9   0:05.14 ovs-vswitc+
21574 root      10 -10   20924   4836   4080 S   0,0  0,0   0:00.00 ovsdb-serv+
21613 root      10 -10   26456   9856   8912 S   0,0  0,1   0:00.00 ovs-vswitc+
21677 root      20   0   20912   4936   4152 S   0,0  0,0   0:00.02 ovsdb-serv+
21747 root      20   0   20912   4864   4080 S   0,0  0,0   0:00.02 ovsdb-serv+
21827 root      20   0   22564   5988   5236 S   0,0  0,0   0:00.00 tcpdump
21828 root      20   0   22564   6104   5356 S   0,0  0,0   0:00.00 tcpdump
21829 root      20   0   22564   6112   5364 S   0,0  0,0   0:00.01 tcpdump
21830 root      20   0   22564   6152   5404 S   0,0  0,0   0:00.00 tcpdump
21831 root      20   0   22564   6168   5416 S   0,0  0,0   0:00.01 tcpdump
21832 root      20   0   22564   6304   5416 S   0,0  0,0   0:00.00 tcpdump
21833 root      20   0   22564   6232   5344 S   0,0  0,0   0:00.01 tcpdump
21681 root      20   0  985416 139924   8912 S   2,9  0,9   0:05.17 ovs-vswitc+
21751 root      20   0  985420 140456   8912 S   2,9  0,9   0:05.11 ovs-vswitc+
21574 root      10 -10   20924   4836   4080 S   0,0  0,0   0:00.00 ovsdb-serv+
21613 root      10 -10   26456   9856   8912 S   0,0  0,1   0:00.00 ovs-vswitc+
21677 root      20   0   20912   4936   4152 S   0,0  0,0   0:00.02 ovsdb-serv+
21747 root      20   0   20912   4864   4080 S   0,0  0,0   0:00.02 ovsdb-serv+
21827 root      20   0   22564   5988   5236 S   0,0  0,0   0:00.00 tcpdump
21828 root      20   0   22564   6104   5356 S   0,0  0,0   0:00.00 tcpdump
21829 root      20   0   22564   6112   5364 S   0,0  0,0   0:00.01 tcpdump
21830 root      20   0   22564   6152   5404 S   0,0  0,0   0:00.00 tcpdump
21831 root      20   0   22564   6168   5416 S   0,0  0,0   0:00.01 tcpdump
21832 root      20   0   22564   6304   5416 S   0,0  0,0   0:00.00 tcpdump
21833 root      20   0   22564   6232   5344 S   0,0  0,0   0:00.01 tcpdump
21681 root      20   0  985416 139924   8912 S   2,0  0,9   0:05.19 ovs-vswitc+
21751 root      20   0  985420 140456   8912 S   2,0  0,9   0:05.13 ovs-vswitc+
21574 root      10 -10   20924   4836   4080 S   0,0  0,0   0:00.00 ovsdb-serv+
21613 root      10 -10   26456   9856   8912 S   0,0  0,1   0:00.00 ovs-vswitc+
21677 root      20   0   20912   4936   4152 S   0,0  0,0   0:00.02 ovsdb-serv+
21747 root      20   0   20912   4864   4080 S   0,0  0,0   0:00.02 ovsdb-serv+
21827 root      20   0   22564   5988   5236 S   0,0  0,0   0:00.00 tcpdump
21828 root      20   0   22564   6104   5356 S   0,0  0,0   0:00.00 tcpdump
21829 root      20   0   22564   6112   5364 S   0,0  0,0   0:00.01 tcpdump
21830 root      20   0   22564   6152   5404 S   0,0  0,0   0:00.00 tcpdump
21831 root      20   0   22564   6168   5416 S   0,0  0,0   0:00.01 tcpdump
21832 root      20   0   22564   6304   5416 S   0,0  0,0   0:00.00 tcpdump
21833 root      20   0   22564   6232   5344 S   0,0  0,0   0:00.01 tcpdump
21681 root      20   0  985416 139924   8912 S   3,0  0,9   0:05.22 ovs-vswitc+
21751 root      20   0  985460 140508   8912 S   3,0  0,9   0:05.16 ovs-vswitc+
21574 root      10 -10   20924   4836   4080 S   0,0  0,0   0:00.00 ovsdb-serv+
21613 root      10 -10   26456   9856   8912 S   0,0  0,1   0:00.00 ovs-vswitc+
21677 root      20   0   20912   4936   4152 S   0,0  0,0   0:00.02 ovsdb-serv+
21747 root      20   0   20912   4864   4080 S   0,0  0,0   0:00.02 ovsdb-serv+
21827 root      20   0   22564   5988   5236 S   0,0  0,0   0:00.00 tcpdump
21828 root      20   0   22564   6104   5356 S   0,0  0,0   0:00.00 tcpdump
21829 root      20   0   22564   6112   5364 S   0,0  0,0   0:00.01 tcpdump
21830 root      20   0   22564   6152   5404 S   0,0  0,0   0:00.00 tcpdump
21831 root      20   0   22564   6168   5416 S   0,0  0,0   0:00.01 tcpdump
21832 root      20   0   22564   6304   5416 S   0,0  0,0   0:00.00 tcpdump
21833 root      20   0   22564   6232   5344 S   0,0  0,0   0:00.01 tcpdump
21751 root      20   0  985460 140508   8912 S   2,9  0,9   0:05.19 ovs-vswitc+
21681 root      20   0  985416 139924   8912 S   1,0  0,9   0:05.23 ovs-vswitc+
21574 root      10 -10   20924   4836   4080 S   0,0  0,0   0:00.00 ovsdb-serv+
21613 root      10 -10   26456   9856   8912 S   0,0  0,1   0:00.00 ovs-vswitc+
21677 root      20   0   20912   4936   4152 S   0,0  0,0   0:00.02 ovsdb-serv+
21747 root      20   0   20912   4864   4080 S   0,0  0,0   0:00.02 ovsdb-serv+
21827 root      20   0   22564   5988   5236 S   0,0  0,0   0:00.00 tcpdump
21828 root      20   0   22564   6104   5356 S   0,0  0,0   0:00.00 tcpdump
21829 root      20   0   22564   6112   5364 S   0,0  0,0   0:00.01 tcpdump
21830 root      20   0   22564   6152   5404 S   0,0  0,0   0:00.00 tcpdump
21831 root      20   0   22564   6168   5416 S   0,0  0,0   0:00.01 tcpdump
21832 root      20   0   22564   6304   5416 S   0,0  0,0   0:00.00 tcpdump
21833 root      20   0   22564   6232   5344 S   0,0  0,0   0:00.01 tcpdump
21681 root      20   0  985416 139924   8912 S   4,0  0,9   0:05.27 ovs-vswitc+
21751 root      20   0  985460 140508   8912 S   3,0  0,9   0:05.22 ovs-vswitc+
21574 root      10 -10   20924   4836   4080 S   0,0  0,0   0:00.00 ovsdb-serv+
21613 root      10 -10   26456   9856   8912 S   0,0  0,1   0:00.00 ovs-vswitc+
21677 root      20   0   20912   4936   4152 S   0,0  0,0   0:00.02 ovsdb-serv+
21747 root      20   0   20912   4864   4080 S   0,0  0,0   0:00.02 ovsdb-serv+
21827 root      20   0   22564   5988   5236 S   0,0  0,0   0:00.00 tcpdump
21828 root      20   0   22564   6104   5356 S   0,0  0,0   0:00.00 tcpdump
21829 root      20   0   22564   6112   5364 S   0,0  0,0   0:00.01 tcpdump
21830 root      20   0   22564   6152   5404 S   0,0  0,0   0:00.00 tcpdump
21831 root      20   0   22564   6168   5416 S   0,0  0,0   0:00.01 tcpdump
21832 root      20   0   22564   6304   5416 S   0,0  0,0   0:00.00 tcpdump
21833 root      20   0   22564   6232   5344 S   0,0  0,0   0:00.01 tcpdump
21681 root      20   0  985416 139924   8912 S   5,9  0,9   0:05.33 ovs-vswitc+
21751 root      20   0  985460 140508   8912 S   4,0  0,9   0:05.26 ovs-vswitc+
21574 root      10 -10   20924   4836   4080 S   0,0  0,0   0:00.00 ovsdb-serv+
21613 root      10 -10   26456   9856   8912 S   0,0  0,1   0:00.00 ovs-vswitc+
21677 root      20   0   20912   4936   4152 S   0,0  0,0   0:00.02 ovsdb-serv+
21747 root      20   0   20912   4864   4080 S   0,0  0,0   0:00.02 ovsdb-serv+
21827 root      20   0   22564   5988   5236 S   0,0  0,0   0:00.00 tcpdump
21828 root      20   0   22564   6104   5356 S   0,0  0,0   0:00.00 tcpdump
21829 root      20   0   22564   6112   5364 S   0,0  0,0   0:00.01 tcpdump
21830 root      20   0   22564   6152   5404 S   0,0  0,0   0:00.00 tcpdump
21831 root      20   0   22564   6168   5416 S   0,0  0,0   0:00.01 tcpdump
21832 root      20   0   22564   6304   5416 S   0,0  0,0   0:00.00 tcpdump
21833 root      20   0   22564   6232   5344 S   0,0  0,0   0:00.01 tcpdump
21681 root      20   0  985416 139924   8912 S   1,0  0,9   0:05.34 ovs-vswitc+
21751 root      20   0  985460 140508   8912 S   1,0  0,9   0:05.27 ovs-vswitc+
21574 root      10 -10   20924   4836   4080 S   0,0  0,0   0:00.00 ovsdb-serv+
21613 root      10 -10   26456   9856   8912 S   0,0  0,1   0:00.00 ovs-vswitc+
21677 root      20   0   20912   4936   4152 S   0,0  0,0   0:00.02 ovsdb-serv+
21747 root      20   0   20912   4864   4080 S   0,0  0,0   0:00.02 ovsdb-serv+
21827 root      20   0   22564   5988   5236 S   0,0  0,0   0:00.00 tcpdump
21828 root      20   0   22564   6104   5356 S   0,0  0,0   0:00.00 tcpdump
21829 root      20   0   22564   6112   5364 S   0,0  0,0   0:00.01 tcpdump
21830 root      20   0   22564   6152   5404 S   0,0  0,0   0:00.00 tcpdump
21831 root      20   0   22564   6168   5416 S   0,0  0,0   0:00.01 tcpdump
21832 root      20   0   22564   6304   5416 S   0,0  0,0   0:00.00 tcpdump
21833 root      20   0   22564   6232   5344 S   0,0  0,0   0:00.01 tcpdump
21681 root      20   0  985416 139924   8912 S   1,0  0,9   0:05.35 ovs-vswitc+
21574 root      10 -10   20924   4836   4080 S   0,0  0,0   0:00.00 ovsdb-serv+
21613 root      10 -10   26456   9856   8912 S   0,0  0,1   0:00.00 ovs-vswitc+
21677 root      20   0   20912   4936   4152 S   0,0  0,0   0:00.02 ovsdb-serv+
21747 root      20   0   20912   4864   4080 S   0,0  0,0   0:00.02 ovsdb-serv+
21751 root      20   0  985460 140508   8912 S   0,0  0,9   0:05.27 ovs-vswitc+
21827 root      20   0   22564   5988   5236 S   0,0  0,0   0:00.00 tcpdump
21828 root      20   0   22564   6104   5356 S   0,0  0,0   0:00.00 tcpdump
21829 root      20   0   22564   6112   5364 S   0,0  0,0   0:00.01 tcpdump
21830 root      20   0   22564   6152   5404 S   0,0  0,0   0:00.00 tcpdump
21831 root      20   0   22564   6168   5416 S   0,0  0,0   0:00.01 tcpdump
21832 root      20   0   22564   6304   5416 S   0,0  0,0   0:00.00 tcpdump
21833 root      20   0   22564   6232   5344 S   0,0  0,0   0:00.01 tcpdump
21751 root      20   0  985460 140508   8912 S   2,0  0,9   0:05.29 ovs-vswitc+
21574 root      10 -10   20924   4836   4080 S   0,0  0,0   0:00.00 ovsdb-serv+
21613 root      10 -10   26456   9856   8912 S   0,0  0,1   0:00.00 ovs-vswitc+
21677 root      20   0   20912   4936   4152 S   0,0  0,0   0:00.02 ovsdb-serv+
21681 root      20   0  985416 139924   8912 S   0,0  0,9   0:05.35 ovs-vswitc+
21747 root      20   0   20912   4864   4080 S   0,0  0,0   0:00.02 ovsdb-serv+
21827 root      20   0   22564   5988   5236 S   0,0  0,0   0:00.00 tcpdump
21828 root      20   0   22564   6104   5356 S   0,0  0,0   0:00.00 tcpdump
21829 root      20   0   22564   6112   5364 S   0,0  0,0   0:00.01 tcpdump
21830 root      20   0   22564   6152   5404 S   0,0  0,0   0:00.00 tcpdump
21831 root      20   0   22564   6168   5416 S   0,0  0,0   0:00.01 tcpdump
21832 root      20   0   22564   6304   5416 S   0,0  0,0   0:00.00 tcpdump
21833 root      20   0   22564   6232   5344 S   0,0  0,0   0:00.01 tcpdump
21681 root      20   0  985416 139924   8912 S   2,0  0,9   0:05.37 ovs-vswitc+
21677 root      20   0   20912   4936   4152 S   1,0  0,0   0:00.03 ovsdb-serv+
21751 root      20   0  985460 140508   8912 S   1,0  0,9   0:05.30 ovs-vswitc+
21574 root      10 -10   20924   4836   4080 S   0,0  0,0   0:00.00 ovsdb-serv+
21613 root      10 -10   26456   9856   8912 S   0,0  0,1   0:00.00 ovs-vswitc+
21747 root      20   0   20912   4864   4080 S   0,0  0,0   0:00.02 ovsdb-serv+
21827 root      20   0   22564   5988   5236 S   0,0  0,0   0:00.00 tcpdump
21828 root      20   0   22564   6104   5356 S   0,0  0,0   0:00.00 tcpdump
21829 root      20   0   22564   6112   5364 S   0,0  0,0   0:00.01 tcpdump
21830 root      20   0   22564   6152   5404 S   0,0  0,0   0:00.00 tcpdump
21831 root      20   0   22564   6168   5416 S   0,0  0,0   0:00.01 tcpdump
21832 root      20   0   22564   6304   5416 S   0,0  0,0   0:00.00 tcpdump
21833 root      20   0   22564   6232   5344 S   0,0  0,0   0:00.01 tcpdump
21681 root      20   0  985416 139924   8912 S   1,0  0,9   0:05.38 ovs-vswitc+
21751 root      20   0  985460 140508   8912 S   1,0  0,9   0:05.31 ovs-vswitc+
21574 root      10 -10   20924   4836   4080 S   0,0  0,0   0:00.00 ovsdb-serv+
21613 root      10 -10   26456   9856   8912 S   0,0  0,1   0:00.00 ovs-vswitc+
21677 root      20   0   20912   4936   4152 S   0,0  0,0   0:00.03 ovsdb-serv+
21747 root      20   0   20912   4864   4080 S   0,0  0,0   0:00.02 ovsdb-serv+
21827 root      20   0   22564   5988   5236 S   0,0  0,0   0:00.00 tcpdump
21828 root      20   0   22564   6104   5356 S   0,0  0,0   0:00.00 tcpdump
21829 root      20   0   22564   6112   5364 S   0,0  0,0   0:00.01 tcpdump
21830 root      20   0   22564   6152   5404 S   0,0  0,0   0:00.00 tcpdump
21831 root      20   0   22564   6168   5416 S   0,0  0,0   0:00.01 tcpdump
21832 root      20   0   22564   6304   5416 S   0,0  0,0   0:00.00 tcpdump
21833 root      20   0   22564   6232   5344 S   0,0  0,0   0:00.01 tcpdump
21681 root      20   0  985416 139924   8912 S   1,0  0,9   0:05.39 ovs-vswitc+
21751 root      20   0  985460 140508   8912 S   1,0  0,9   0:05.32 ovs-vswitc+
21574 root      10 -10   20924   4836   4080 S   0,0  0,0   0:00.00 ovsdb-serv+
21613 root      10 -10   26456   9856   8912 S   0,0  0,1   0:00.00 ovs-vswitc+
21677 root      20   0   20912   4936   4152 S   0,0  0,0   0:00.03 ovsdb-serv+
21747 root      20   0   20912   4864   4080 S   0,0  0,0   0:00.02 ovsdb-serv+
21827 root      20   0   22564   5988   5236 S   0,0  0,0   0:00.00 tcpdump
21828 root      20   0   22564   6104   5356 S   0,0  0,0   0:00.00 tcpdump
21829 root      20   0   22564   6112   5364 S   0,0  0,0   0:00.01 tcpdump
21830 root      20   0   22564   6152   5404 S   0,0  0,0   0:00.00 tcpdump
21831 root      20   0   22564   6168   5416 S   0,0  0,0   0:00.01 tcpdump
21832 root      20   0   22564   6304   5416 S   0,0  0,0   0:00.00 tcpdump
21833 root      20   0   22564   6232   5344 S   0,0  0,0   0:00.01 tcpdump
21681 root      20   0  985416 139924   8912 S   2,0  0,9   0:05.41 ovs-vswitc+
21751 root      20   0  985460 140508   8912 S   2,0  0,9   0:05.34 ovs-vswitc+
21574 root      10 -10   20924   4836   4080 S   0,0  0,0   0:00.00 ovsdb-serv+
21613 root      10 -10   26456   9856   8912 S   0,0  0,1   0:00.00 ovs-vswitc+
21677 root      20   0   20912   4936   4152 S   0,0  0,0   0:00.03 ovsdb-serv+
21747 root      20   0   20912   4864   4080 S   0,0  0,0   0:00.02 ovsdb-serv+
21827 root      20   0   22564   5988   5236 S   0,0  0,0   0:00.00 tcpdump
21828 root      20   0   22564   6104   5356 S   0,0  0,0   0:00.00 tcpdump
21829 root      20   0   22564   6112   5364 S   0,0  0,0   0:00.01 tcpdump
21830 root      20   0   22564   6152   5404 S   0,0  0,0   0:00.00 tcpdump
21831 root      20   0   22564   6168   5416 S   0,0  0,0   0:00.01 tcpdump
21832 root      20   0   22564   6304   5416 S   0,0  0,0   0:00.00 tcpdump
21833 root      20   0   22564   6232   5344 S   0,0  0,0   0:00.01 tcpdump
21574 root      10 -10   20924   4836   4080 S   0,0  0,0   0:00.00 ovsdb-serv+
21613 root      10 -10   26456   9856   8912 S   0,0  0,1   0:00.00 ovs-vswitc+
21677 root      20   0   20912   4936   4152 S   0,0  0,0   0:00.03 ovsdb-serv+
21681 root      20   0  985416 139924   8912 S   0,0  0,9   0:05.41 ovs-vswitc+
21747 root      20   0   20912   4864   4080 S   0,0  0,0   0:00.02 ovsdb-serv+
21751 root      20   0  985460 140508   8912 S   0,0  0,9   0:05.34 ovs-vswitc+
21827 root      20   0   22564   5988   5236 S   0,0  0,0   0:00.00 tcpdump
21828 root      20   0   22564   6104   5356 S   0,0  0,0   0:00.00 tcpdump
21829 root      20   0   22564   6112   5364 S   0,0  0,0   0:00.01 tcpdump
21830 root      20   0   22564   6152   5404 S   0,0  0,0   0:00.00 tcpdump
21831 root      20   0   22564   6168   5416 S   0,0  0,0   0:00.01 tcpdump
21832 root      20   0   22564   6304   5416 S   0,0  0,0   0:00.00 tcpdump
21833 root      20   0   22564   6232   5344 S   0,0  0,0   0:00.01 tcpdump
21681 root      20   0  985416 139924   8912 S   2,0  0,9   0:05.43 ovs-vswitc+
21751 root      20   0  985460 140508   8912 S   2,0  0,9   0:05.36 ovs-vswitc+
21574 root      10 -10   20924   4836   4080 S   0,0  0,0   0:00.00 ovsdb-serv+
21613 root      10 -10   26456   9856   8912 S   0,0  0,1   0:00.00 ovs-vswitc+
21677 root      20   0   20912   4936   4152 S   0,0  0,0   0:00.03 ovsdb-serv+
21747 root      20   0   20912   4864   4080 S   0,0  0,0   0:00.02 ovsdb-serv+
21827 root      20   0   22564   5988   5236 S  