26897 root      20   0  985304 118368   8912 S  31,2  0,7   0:00.14 ovs-vswitc+
26827 root      20   0  985308 118368   8912 S  12,5  0,7   0:00.12 ovs-vswitc+
26721 root      10 -10   20924   4860   4096 S   0,0  0,0   0:00.00 ovsdb-serv+
26760 root      10 -10   26456   9856   8912 S   0,0  0,1   0:00.00 ovs-vswitc+
26823 root      20   0   20912   4964   4184 S   0,0  0,0   0:00.01 ovsdb-serv+
26893 root      20   0   20912   4964   4180 S   0,0  0,0   0:00.00 ovsdb-serv+
26973 root      20   0   22564   6004   5256 S   0,0  0,0   0:00.00 tcpdump
26974 root      20   0   22564   6160   5412 S   0,0  0,0   0:00.00 tcpdump
26975 root      20   0   22564   5996   5244 S   0,0  0,0   0:00.00 tcpdump
26976 root      20   0   22564   6104   5356 S   0,0  0,0   0:00.00 tcpdump
26977 root      20   0   22564   6040   5292 S   0,0  0,0   0:00.00 tcpdump
26978 root      20   0   22564   6216   5328 S   0,0  0,0   0:00.00 tcpdump
26979 root      20   0   22564   6252   5368 S   0,0  0,0   0:00.00 tcpdump
26827 root      20   0  985308 118368   8912 S   1,0  0,7   0:00.13 ovs-vswitc+
26721 root      10 -10   20924   4860   4096 S   0,0  0,0   0:00.00 ovsdb-serv+
26760 root      10 -10   26456   9856   8912 S   0,0  0,1   0:00.00 ovs-vswitc+
26823 root      20   0   20912   4964   4184 S   0,0  0,0   0:00.01 ovsdb-serv+
26893 root      20   0   20912   4964   4180 S   0,0  0,0   0:00.00 ovsdb-serv+
26897 root      20   0  985304 118368   8912 S   0,0  0,7   0:00.14 ovs-vswitc+
26973 root      20   0   22564   6004   5256 S   0,0  0,0   0:00.00 tcpdump
26974 root      20   0   22564   6160   5412 S   0,0  0,0   0:00.00 tcpdump
26975 root      20   0   22564   5996   5244 S   0,0  0,0   0:00.00 tcpdump
26976 root      20   0   22564   6104   5356 S   0,0  0,0   0:00.00 tcpdump
26977 root      20   0   22564   6040   5292 S   0,0  0,0   0:00.00 tcpdump
26978 root      20   0   22564   6216   5328 S   0,0  0,0   0:00.00 tcpdump
26979 root      20   0   22564   6252   5368 S   0,0  0,0   0:00.00 tcpdump
26827 root      20   0  985308 118368   8912 S   1,0  0,7   0:00.14 ovs-vswitc+
26897 root      20   0  985304 118368   8912 S   1,0  0,7   0:00.15 ovs-vswitc+
26721 root      10 -10   20924   4860   4096 S   0,0  0,0   0:00.00 ovsdb-serv+
26760 root      10 -10   26456   9856   8912 S   0,0  0,1   0:00.00 ovs-vswitc+
26823 root      20   0   20912   4964   4184 S   0,0  0,0   0:00.01 ovsdb-serv+
26893 root      20   0   20912   4964   4180 S   0,0  0,0   0:00.00 ovsdb-serv+
26973 root      20   0   22564   6004   5256 S   0,0  0,0   0:00.00 tcpdump
26974 root      20   0   22564   6160   5412 S   0,0  0,0   0:00.00 tcpdump
26975 root      20   0   22564   5996   5244 S   0,0  0,0   0:00.00 tcpdump
26976 root      20   0   22564   6104   5356 S   0,0  0,0   0:00.00 tcpdump
26977 root      20   0   22564   6040   5292 S   0,0  0,0   0:00.00 tcpdump
26978 root      20   0   22564   6216   5328 S   0,0  0,0   0:00.00 tcpdump
26979 root      20   0   22564   6252   5368 S   0,0  0,0   0:00.00 tcpdump
26897 root      20   0  985304 118368   8912 S   2,0  0,7   0:00.17 ovs-vswitc+
26827 root      20   0  985308 118368   8912 S   1,0  0,7   0:00.15 ovs-vswitc+
26721 root      10 -10   20924   4860   4096 S   0,0  0,0   0:00.00 ovsdb-serv+
26760 root      10 -10   26456   9856   8912 S   0,0  0,1   0:00.00 ovs-vswitc+
26823 root      20   0   20912   4964   4184 S   0,0  0,0   0:00.01 ovsdb-serv+
26893 root      20   0   20912   4964   4180 S   0,0  0,0   0:00.00 ovsdb-serv+
26973 root      20   0   22564   6004   5256 S   0,0  0,0   0:00.00 tcpdump
26974 root      20   0   22564   6160   5412 S   0,0  0,0   0:00.00 tcpdump
26975 root      20   0   22564   5996   5244 S   0,0  0,0   0:00.00 tcpdump
26976 root      20   0   22564   6104   5356 S   0,0  0,0   0:00.00 tcpdump
26977 root      20   0   22564   6040   5292 S   0,0  0,0   0:00.00 tcpdump
26978 root      20   0   22564   6216   5328 S   0,0  0,0   0:00.00 tcpdump
26979 root      20   0   22564   6252   5368 S   0,0  0,0   0:00.00 tcpdump
26827 root      20   0  985308 118368   8912 S   1,0  0,7   0:00.16 ovs-vswitc+
26897 root      20   0  985304 118368   8912 S   1,0  0,7   0:00.18 ovs-vswitc+
26721 root      10 -10   20924   4860   4096 S   0,0  0,0   0:00.00 ovsdb-serv+
26760 root      10 -10   26456   9856   8912 S   0,0  0,1   0:00.00 ovs-vswitc+
26823 root      20   0   20912   4964   4184 S   0,0  0,0   0:00.01 ovsdb-serv+
26893 root      20   0   20912   4964   4180 S   0,0  0,0   0:00.00 ovsdb-serv+
26973 root      20   0   22564   6004   5256 S   0,0  0,0   0:00.00 tcpdump
26974 root      20   0   22564   6160   5412 S   0,0  0,0   0:00.00 tcpdump
26975 root      20   0   22564   5996   5244 S   0,0  0,0   0:00.00 tcpdump
26976 root      20   0   22564   6104   5356 S   0,0  0,0   0:00.00 tcpdump
26977 root      20   0   22564   6040   5292 S   0,0  0,0   0:00.00 tcpdump
26978 root      20   0   22564   6216   5328 S   0,0  0,0   0:00.00 tcpdump
26979 root      20   0   22564   6252   5368 S   0,0  0,0   0:00.00 tcpdump
26827 root      20   0  985308 118368   8912 S   1,0  0,7   0:00.17 ovs-vswitc+
26897 root      20   0  985304 118368   8912 S   1,0  0,7   0:00.19 ovs-vswitc+
26721 root      10 -10   20924   4860   4096 S   0,0  0,0   0:00.00 ovsdb-serv+
26760 root      10 -10   26456   9856   8912 S   0,0  0,1   0:00.00 ovs-vswitc+
26823 root      20   0   20912   4964   4184 S   0,0  0,0   0:00.01 ovsdb-serv+
26893 root      20   0   20912   4964   4180 S   0,0  0,0   0:00.00 ovsdb-serv+
26973 root      20   0   22564   6004   5256 S   0,0  0,0   0:00.00 tcpdump
26974 root      20   0   22564   6160   5412 S   0,0  0,0   0:00.00 tcpdump
26975 root      20   0   22564   5996   5244 S   0,0  0,0   0:00.00 tcpdump
26976 root      20   0   22564   6104   5356 S   0,0  0,0   0:00.00 tcpdump
26977 root      20   0   22564   6040   5292 S   0,0  0,0   0:00.00 tcpdump
26978 root      20   0   22564   6216   5328 S   0,0  0,0   0:00.00 tcpdump
26979 root      20   0   22564   6252   5368 S   0,0  0,0   0:00.00 tcpdump
26721 root      10 -10   20924   4860   4096 S   0,0  0,0   0:00.00 ovsdb-serv+
26760 root      10 -10   26456   9856   8912 S   0,0  0,1   0:00.00 ovs-vswitc+
26823 root      20   0   20912   4964   4184 S   0,0  0,0   0:00.01 ovsdb-serv+
26827 root      20   0  985308 118368   8912 S   0,0  0,7   0:00.17 ovs-vswitc+
26893 root      20   0   20912   4964   4180 S   0,0  0,0   0:00.00 ovsdb-serv+
26897 root      20   0  985304 118368   8912 S   0,0  0,7   0:00.19 ovs-vswitc+
26973 root      20   0   22564   6004   5256 S   0,0  0,0   0:00.00 tcpdump
26974 root      20   0   22564   6160   5412 S   0,0  0,0   0:00.00 tcpdump
26975 root      20   0   22564   5996   5244 S   0,0  0,0   0:00.00 tcpdump
26976 root      20   0   22564   6104   5356 S   0,0  0,0   0:00.00 tcpdump
26977 root      20   0   22564   6040   5292 S   0,0  0,0   0:00.00 tcpdump
26978 root      20   0   22564   6216   5328 S   0,0  0,0   0:00.00 tcpdump
26979 root      20   0   22564   6252   5368 S   0,0  0,0   0:00.00 tcpdump
26827 root      20   0  985308 118368   8912 S   1,0  0,7   0:00.18 ovs-vswitc+
26897 root      20   0  985304 118368   8912 S   1,0  0,7   0:00.20 ovs-vswitc+
26721 root      10 -10   20924   4860   4096 S   0,0  0,0   0:00.00 ovsdb-serv+
26760 root      10 -10   26456   9856   8912 S   0,0  0,1   0:00.00 ovs-vswitc+
26823 root      20   0   20912   4964   4184 S   0,0  0,0   0:00.01 ovsdb-serv+
26893 root      20   0   20912   4964   4180 S   0,0  0,0   0:00.00 ovsdb-serv+
26973 root      20   0   22564   6004   5256 S   0,0  0,0   0:00.00 tcpdump
26974 root      20   0   22564   6160   5412 S   0,0  0,0   0:00.00 tcpdump
26975 root      20   0   22564   5996   5244 S   0,0  0,0   0:00.00 tcpdump
26976 root      20   0   22564   6104   5356 S   0,0  0,0   0:00.00 tcpdump
26977 root      20   0   22564   6040   5292 S   0,0  0,0   0:00.00 tcpdump
26978 root      20   0   22564   6216   5328 S   0,0  0,0   0:00.00 tcpdump
26979 root      20   0   22564   6252   5368 S   0,0  0,0   0:00.00 tcpdump
26897 root      20   0  985420 118552   8912 S   2,0  0,7   0:00.22 ovs-vswitc+
26827 root      20   0  985308 118368   8912 S   1,0  0,7   0:00.19 ovs-vswitc+
26721 root      10 -10   20924   4860   4096 S   0,0  0,0   0:00.00 ovsdb-serv+
26760 root      10 -10   26456   9856   8912 S   0,0  0,1   0:00.00 ovs-vswitc+
26823 root      20   0   20912   4964   4184 S   0,0  0,0   0:00.01 ovsdb-serv+
26893 root      20   0   20912   4964   4180 S   0,0  0,0   0:00.00 ovsdb-serv+
26973 root      20   0   22564   6004   5256 S   0,0  0,0   0:00.00 tcpdump
26974 root      20   0   22564   6160   5412 S   0,0  0,0   0:00.00 tcpdump
26975 root      20   0   22564   5996   5244 S   0,0  0,0   0:00.00 tcpdump
26976 root      20   0   22564   6104   5356 S   0,0  0,0   0:00.00 tcpdump
26977 root      20   0   22564   6040   5292 S   0,0  0,0   0:00.00 tcpdump
26978 root      20   0   22564   6216   5328 S   0,0  0,0   0:00.00 tcpdump
26979 root      20   0   22564   6252   5368 S   0,0  0,0   0:00.00 tcpdump
26897 root      20   0  985420 118552   8912 S   1,0  0,7   0:00.23 ovs-vswitc+
26721 root      10 -10   20924   4860   4096 S   0,0  0,0   0:00.00 ovsdb-serv+
26760 root      10 -10   26456   9856   8912 S   0,0  0,1   0:00.00 ovs-vswitc+
26823 root      20   0   20912   4964   4184 S   0,0  0,0   0:00.01 ovsdb-serv+
26827 root      20   0  985308 118368   8912 S   0,0  0,7   0:00.19 ovs-vswitc+
26893 root      20   0   20912   4964   4180 S   0,0  0,0   0:00.00 ovsdb-serv+
26973 root      20   0   22564   6004   5256 S   0,0  0,0   0:00.00 tcpdump
26974 root      20   0   22564   6160   5412 S   0,0  0,0   0:00.00 tcpdump
26975 root      20   0   22564   5996   5244 S   0,0  0,0   0:00.00 tcpdump
26976 root      20   0   22564   6104   5356 S   0,0  0,0   0:00.00 tcpdump
26977 root      20   0   22564   6040   5292 S   0,0  0,0   0:00.00 tcpdump
26978 root      20   0   22564   6216   5328 S   0,0  0,0   0:00.00 tcpdump
26979 root      20   0   22564   6252   5368 S   0,0  0,0   0:00.00 tcpdump
26827 root      20   0  985308 118368   8912 S   2,0  0,7   0:00.21 ovs-vswitc+
26893 root      20   0   20912   4964   4180 S   1,0  0,0   0:00.01 ovsdb-serv+
26897 root      20   0  985420 118552   8912 S   1,0  0,7   0:00.24 ovs-vswitc+
26721 root      10 -10   20924   4860   4096 S   0,0  0,0   0:00.00 ovsdb-serv+
26760 root      10 -10   26456   9856   8912 S   0,0  0,1   0:00.00 ovs-vswitc+
26823 root      20   0   20912   4964   4184 S   0,0  0,0   0:00.01 ovsdb-serv+
26973 root      20   0   22564   6004   5256 S   0,0  0,0   0:00.00 tcpdump
26974 root      20   0   22564   6160   5412 S   0,0  0,0   0:00.00 tcpdump
26975 root      20   0   22564   5996   5244 S   0,0  0,0   0:00.00 tcpdump
26976 root      20   0   22564   6104   5356 S   0,0  0,0   0:00.00 tcpdump
26977 root      20   0   22564   6040   5292 S   0,0  0,0   0:00.00 tcpdump
26978 root      20   0   22564   6216   5328 S   0,0  0,0   0:00.00 tcpdump
26979 root      20   0   22564   6252   5368 S   0,0  0,0   0:00.00 tcpdump
26897 root      20   0  985420 118552   8912 S   2,0  0,7   0:00.26 ovs-vswitc+
26827 root      20   0  985308 118368   8912 S   1,0  0,7   0:00.22 ovs-vswitc+
26721 root      10 -10   20924   4860   4096 S   0,0  0,0   0:00.00 ovsdb-serv+
26760 root      10 -10   26456   9856   8912 S   0,0  0,1   0:00.00 ovs-vswitc+
26823 root      20   0   20912   4964   4184 S   0,0  0,0   0:00.01 ovsdb-serv+
26893 root      20   0   20912   4964   4180 S   0,0  0,0   0:00.01 ovsdb-serv+
26973 root      20   0   22564   6004   5256 S   0,0  0,0   0:00.00 tcpdump
26974 root      20   0   22564   6160   5412 S   0,0  0,0   0:00.00 tcpdump
26975 root      20   0   22564   5996   5244 S   0,0  0,0   0:00.00 tcpdump
26976 root      20   0   22564   6104   5356 S   0,0  0,0   0:00.00 tcpdump
26977 root      20   0   22564   6040   5292 S   0,0  0,0   0:00.00 tcpdump
26978 root      20   0   22564   6216   5328 S   0,0  0,0   0:00.00 tcpdump
26979 root      20   0   22564   6252   5368 S   0,0  0,0   0:00.00 tcpdump
26827 root      20   0  985308 118368   8912 S   1,0  0,7   0:00.23 ovs-vswitc+
26897 root      20   0  985420 118552   8912 S   1,0  0,7   0:00.27 ovs-vswitc+
26721 root      10 -10   20924   4860   4096 S   0,0  0,0   0:00.00 ovsdb-serv+
26760 root      10 -10   26456   9856   8912 S   0,0  0,1   0:00.00 ovs-vswitc+
26823 root      20   0   20912   4964   4184 S   0,0  0,0   0:00.01 ovsdb-serv+
26893 root      20   0   20912   4964   4180 S   0,0  0,0   0:00.01 ovsdb-serv+
26973 root      20   0   22564   6004   5256 S   0,0  0,0   0:00.00 tcpdump
26974 root      20   0   22564   6160   5412 S   0,0  0,0   0:00.00 tcpdump
26975 root      20   0   22564   5996   5244 S   0,0  0,0   0:00.00 tcpdump
26976 root      20   0   22564   6104   5356 S   0,0  0,0   0:00.00 tcpdump
26977 root      20   0   22564   6040   5292 S   0,0  0,0   0:00.00 tcpdump
26978 root      20   0   22564   6216   5328 S   0,0  0,0   0:00.00 tcpdump
26979 root      20   0   22564   6252   5368 S   0,0  0,0   0:00.00 tcpdump
26897 root      20   0  985420 118552   8912 S   1,0  0,7   0:00.28 ovs-vswitc+
26721 root      10 -10   20924   4860   4096 S   0,0  0,0   0:00.00 ovsdb-serv+
26760 root      10 -10   26456   9856   8912 S   0,0  0,1   0:00.00 ovs-vswitc+
26823 root      20   0   20912   4964   4184 S   0,0  0,0   0:00.01 ovsdb-serv+
26827 root      20   0  985308 118368   8912 S   0,0  0,7   0:00.23 ovs-vswitc+
26893 root      20   0   20912   4964   4180 S   0,0  0,0   0:00.01 ovsdb-serv+
26973 root      20   0   22564   6004   5256 S   0,0  0,0   0:00.00 tcpdump
26974 root      20   0   22564   6160   5412 S   0,0  0,0   0:00.00 tcpdump
26975 root      20   0   22564   5996   5244 S   0,0  0,0   0:00.00 tcpdump
26976 root      20   0   22564   6104   5356 S   0,0  0,0   0:00.00 tcpdump
26977 root      20   0   22564   6040   5292 S   0,0  0,0   0:00.00 tcpdump
26978 root      20   0   22564   6216   5328 S   0,0  0,0   0:00.00 tcpdump
26979 root      20   0   22564   6252   5368 S   0,0  0,0   0:00.00 tcpdump
26897 root      20   0  985420 118552   8912 S   2,0  0,7   0:00.30 ovs-vswitc+
26827 root      20   0  985308 118368   8912 S   1,0  0,7   0:00.24 ovs-vswitc+
26721 root      10 -10   20924   4860   4096 S   0,0  0,0   0:00.00 ovsdb-serv+
26760 root      10 -10   26456   9856   8912 S   0,0  0,1   0:00.00 ovs-vswitc+
26823 root      20   0   20912   4964   4184 S   0,0  0,0   0:00.01 ovsdb-serv+
26893 root      20   0   20912   4964   4180 S   0,0  0,0   0:00.01 ovsdb-serv+
26973 root      20   0   22564   6004   5256 S   0,0  0,0   0:00.00 tcpdump
26974 root      20   0   22564   6160   5412 S   0,0  0,0   0:00.00 tcpdump
26975 root      20   0   22564   5996   5244 S   0,0  0,0   0:00.00 tcpdump
26976 root      20   0   22564   6104   5356 S   0,0  0,0   0:00.00 tcpdump
26977 root      20   0   22564   6040   5292 S   0,0  0,0   0:00.00 tcpdump
26978 root      20   0   22564   6216   5328 S   0,0  0,0   0:00.00 tcpdump
26979 root      20   0   22564   6252   5368 S   0,0  0,0   0:00.00 tcpdump
26827 root      20   0  985308 118368   8912 S   1,0  0,7   0:00.25 ovs-vswitc+
26721 root      10 -10   20924   4860   4096 S   0,0  0,0   0:00.00 ovsdb-serv+
26760 root      10 -10   26456   9856   8912 S   0,0  0,1   0:00.00 ovs-vswitc+
26823 root      20   0   20912   4964   4184 S   0,0  0,0   0:00.01 ovsdb-serv+
26893 root      20   0   20912   4964   4180 S   0,0  0,0   0:00.01 ovsdb-serv+
26897 root      20   0  985420 118552   8912 S   0,0  0,7   0:00.30 ovs-vswitc+
26973 root      20   0   22564   6004   5256 S   0,0  0,0   0:00.00 tcpdump
26974 root      20   0   22564   6160   5412 S   0,0  0,0   0:00.00 tcpdump
26975 root      20   0   22564   5996   5244 S   0,0  0,0   0:00.00 tcpdump
26976 root      20   0   22564   6104   5356 S   0,0  0,0   0:00.00 tcpdump
26977 root      20   0   22564   6040   5292 S   0,0  0,0   0:00.00 tcpdump
26978 root      20   0   22564   6216   5328 S   0,0  0,0   0:00.00 tcpdump
26979 root      20   0   22564   6252   5368 S   0,0  0,0   0:00.00 tcpdump
26827 root      20   0  985308 118368   8912 S   1,0  0,7   0:00.26 ovs-vswitc+
26897 root      20   0  985420 118552   8912 S   1,0  0,7   0:00.31 ovs-vswitc+
26721 root      10 -10   20924   4860   4096 S   0,0  0,0   0:00.00 ovsdb-serv+
26760 root      10 -10   26456   9856   8912 S   0,0  0,1   0:00.00 ovs-vswitc+
26823 root      20   0   20912   4964   4184 S   0,0  0,0   0:00.01 ovsdb-serv+
26893 root      20   0   20912   4964   4180 S   0,0  0,0   0:00.01 ovsdb-serv+
26973 root      20   0   22564   6004   5256 S   0,0  0,0   0:00.00 tcpdump
26974 root      20   0   22564   6160   5412 S   0,0  0,0   0:00.00 tcpdump
26975 root      20   0   22564   5996   5244 S   0,0  0,0   0:00.00 tcpdump
26976 root      20   0   22564   6104   5356 S   0,0  0,0   0:00.00 tcpdump
26977 root      20   0   22564   6040   5292 S   0,0  0,0   0:00.00 tcpdump
26978 root      20   0   22564   6216   5328 S   0,0  0,0   0:00.00 tcpdump
26979 root      20   0   22564   6252   5368 S   0,0  0,0   0:00.00 tcpdump
26827 root      20   0  985308 118368   8912 S   2,0  0,7   0:00.28 ovs-vswitc+
26897 root      20   0  985420 118552   8912 S   2,0  0,7   0:00.33 ovs-vswitc+
26721 root      10 -10   20924   4860   4096 S   0,0  0,0   0:00.00 ovsdb-serv+
26760 root      10 -10   26456   9856   8912 S   0,0  0,1   0:00.00 ovs-vswitc+
26823 root      20   0   20912   4964   4184 S   0,0  0,0   0:00.01 ovsdb-serv+
26893 root      20   0   20912   4964   4180 S   0,0  0,0   0:00.01 ovsdb-serv+
26973 root      20   0   22564   6004   5256 S   0,0  0,0   0:00.00 tcpdump
26974 root      20   0   22564   6160   5412 S   0,0  0,0   0:00.00 tcpdump
26975 root      20   0   22564   5996   5244 S   0,0  0,0   0:00.00 tcpdump
26976 root      20   0   22564   6104   5356 S   0,0  0,0   0:00.00 tcpdump
26977 root      20   0   22564   6040   5292 S   0,0  0,0   0:00.00 tcpdump
26978 root      20   0   22564   6216   5328 S   0,0  0,0   0:00.00 tcpdump
26979 root      20   0   22564   6252   5368 S   0,0  0,0   0:00.00 tcpdump
26897 root      20   0  985420 118552   8912 S   1,0  0,7   0:00.34 ovs-vswitc+
26721 root      10 -10   20924   4860   4096 S   0,0  0,0   0:00.00 ovsdb-serv+
26760 root      10 -10   26456   9856   8912 S   0,0  0,1   0:00.00 ovs-vswitc+
26823 root      20   0   20912   4964   4184 S   0,0  0,0   0:00.01 ovsdb-serv+
26827 root      20   0  985308 118368   8912 S   0,0  0,7   0:00.28 ovs-vswitc+
26893 root      20   0   20912   4964   4180 S   0,0  0,0   0:00.01 ovsdb-serv+
26973 root      20   0   22564   6004   5256 S   0,0  0,0   0:00.00 tcpdump
26974 root      20   0   22564   6160   5412 S   0,0  0,0   0:00.00 tcpdump
26975 root      20   0   22564   5996   5244 S   0,0  0,0   0:00.00 tcpdump
26976 root      20   0   22564   6104   5356 S   0,0  0,0   0:00.00 tcpdump
26977 root      20   0   22564   6040   5292 S   0,0  0,0   0:00.00 tcpdump
26978 root      20   0   22564   6216   5328 S   0,0  0,0   0:00.00 tcpdump
26979 root      20   0   22564   6252   5368 S   0,0  0,0   0:00.00 tcpdump
26827 root      20   0  985416 118548   8912 S   3,0  0,7   0:00.31 ovs-vswitc+
26897 root      20   0  985420 118552   8912 S   1,0  0,7   0:00.35 ovs-vswitc+
26721 root      10 -10   20924   4860   4096 S   0,0  0,0   0:00.00 ovsdb-serv+
26760 root      10 -10   26456   9856   8912 S   0,0  0,1   0:00.00 ovs-vswitc+
26823 root      20   0   20912   4964   4184 S   0,0  0,0   0:00.01 ovsdb-serv+
26893 root      20   0   20912   4964   4180 S   0,0  0,0   0:00.01 ovsdb-serv+
26973 root      20   0   22564   6004   5256 S   0,0  0,0   0:00.00 tcpdump
26974 root      20   0   22564   6160   5412 S   0,0  0,0   0:00.00 tcpdump
26975 root      20   0   22564   5996   5244 S   0,0  0,0   0:00.00 tcpdump
26976 root      20   0   22564   6104   5356 S   0,0  0,0   0:00.00 tcpdump
26977 root      20   0   22564   6040   5292 S   0,0  0,0   0:00.00 tcpdump
26978 root      20   0   22564   6216   5328 S   0,0  0,0   0:00.00 tcpdump
26979 root      20   0   22564   6252   5368 S   0,0  0,0   0:00.00 tcpdump
26827 root      20   0  985416 118548   8912 S   1,0  0,7   0:00.32 ovs-vswitc+
26897 root      20   0  985420 118552   8912 S   1,0  0,7   0:00.36 ovs-vswitc+
26721 root      10 -10   20924   4860   4096 S   0,0  0,0   0:00.00 ovsdb-serv+
26760 root      10 -10   26456   9856   8912 S   0,0  0,1   0:00.00 ovs-vswitc+
26823 root      20   0   20912   4964   4184 S   0,0  0,0   0:00.01 ovsdb-serv+
26893 root      20   0   20912   4964   4180 S   0,0  0,0   0:00.01 ovsdb-serv+
26973 root      20   0   22564   6004   5256 S   0,0  0,0   0:00.00 tcpdump
26974 root      20   0   22564   6160   5412 S   0,0  0,0   0:00.00 tcpdump
26975 root      20   0   22564   5996   5244 S   0,0  0,0   0:00.00 tcpdump
26976 root      20   0   22564   6104   5356 S   0,0  0,0   0:00.00 tcpdump
26977 root      20   0   22564   6040   5292 S   0,0  0,0   0:00.00 tcpdump
26978 root      20   0   22564   6216   5328 S   0,0  0,0   0:00.00 tcpdump
26979 root      20   0   22564   6252   5368 S   0,0  0,0   0:00.00 tcpdump
26897 root      20   0  985420 118552   8912 S   2,0  0,7   0:00.38 ovs-vswitc+
26827 root      20   0  985416 118548   8912 S   1,0  0,7   0:00.33 ovs-vswitc+
26721 root      10 -10   20924   4860   4096 S   0,0  0,0   0:00.00 ovsdb-serv+
26760 root      10 -10   26456   9856   8912 S   0,0  0,1   0:00.00 ovs-vswitc+
26823 root      20   0   20912   4964   4184 S   0,0  0,0   0:00.01 ovsdb-serv+
26893 root      20   0   20912   4964   4180 S   0,0  0,0   0:00.01 ovsdb-serv+
26973 root      20   0   22564   6004   5256 S   0,0  0,0   0:00.00 tcpdump
26974 root      20   0   22564   6160   5412 S   0,0  0,0   0:00.00 tcpdump
26975 root      20   0   22564   5996   5244 S   0,0  0,0   0:00.00 tcpdump
26976 root      20   0   22564   6104   5356 S   0,0  0,0   0:00.00 tcpdump
26977 root      20   0   22564   6040   5292 S   0,0  0,0   0:00.00 tcpdump
26978 root      20   0   22564   6216   5328 S   0,0  0,0   0:00.00 tcpdump
26979 root      20   0   22564   6252   5368 S   0,0  0,0   0:00.00 tcpdump
26827 root      20   0  985416 118548   8912 S   1,0  0,7   0:00.34 ovs-vswitc+
26897 root      20   0  985420 118552   8912 S   1,0  0,7   0:00.39 ovs-vswitc+
26721 root      10 -10   20924   4860   4096 S   0,0  0,0   0:00.00 ovsdb-serv+
26760 root      10 -10   26456   9856   8912 S   0,0  0,1   0:00.00 ovs-vswitc+
26823 root      20   0   20912   4964   4184 S   0,0  0,0   0:00.01 ovsdb-serv+
26893 root      20   0   20912   4964   4180 S   0,0  0,0   0:00.01 ovsdb-serv+
26973 root      20   0   22564   6004   5256 S   0,0  0,0   0:00.00 tcpdump
26974 root      20   0   22564   6160   5412 S   0,0  0,0   0:00.00 tcpdump
26975 root      20   0   22564   5996   5244 S   0,0  0,0   0:00.00 tcpdump
26976 root      20   0   22564   6104   5356 S   0,0  0,0   0:00.00 tcpdump
26977 root      20   0   22564   6040   5292 S   0,0  0,0   0:00.00 tcpdump
26978 root      20   0   22564   6216   5328 S   0,0  0,0   0:00.00 tcpdump
26979 root      20   0   22564   6252   5368 S   0,0  0,0   0:00.00 tcpdump
26827 root      20   0  985416 118548   8912 S   6,9  0,7   0:00.41 ovs-vswitc+
26897 root      20   0  985420 118552   8912 S   6,9  0,7   0:00.46 ovs-vswitc+
26721 root      10 -10   20924   4860   4096 S   0,0  0,0   0:00.00 ovsdb-serv+
26760 root      10 -10   26456   9856   8912 S   0,0  0,1   0:00.00 ovs-vswitc+
26823 root      20   0   20912   4964   4184 S   0,0  0,0   0:00.01 ovsdb-serv+
26893 root      20   0   20912   4964   4180 S   0,0  0,0   0:00.01 ovsdb-serv+
26973 root      20   0   22564   6004   5256 S   0,0  0,0   0:00.00 tcpdump
26974 root      20   0   22564   6160   5412 S   0,0  0,0   0:00.00 tcpdump
26975 root      20   0   22564   5996   5244 S   0,0  0,0   0:00.00 tcpdump
26976 root      20   0   22564   6104   5356 S   0,0  0,0   0:00.00 tcpdump
26977 root      20   0   22564   6040   5292 S   0,0  0,0   0:00.00 tcpdump
26978 root      20   0   22564   6216   5328 S   0,0  0,0   0:00.00 tcpdump
26979 root      20   0   22564   6252   5368 S   0,0  0,0   0:00.00 tcpdump
26827 root      20   0  985416 123556   8912 S  40,6  0,8   0:00.82 ovs-vswitc+
26897 root      20   0  985420 123564   8912 S  37,6  0,8   0:00.84 ovs-vswitc+
26721 root      10 -10   20924   4860   4096 S   0,0  0,0   0:00.00 ovsdb-serv+
26760 root      10 -10   26456   9856   8912 S   0,0  0,1   0:00.00 ovs-vswitc+
26823 root      20   0   20912   4964   4184 S   0,0  0,0   0:00.01 ovsdb-serv+
26893 root      20   0   20912   4964   4180 S   0,0  0,0   0:00.01 ovsdb-serv+
26973 root      20   0   22564   6004   5256 S   0,0  0,0   0:00.00 tcpdump
26974 root      20   0   22564   6160   5412 S   0,0  0,0   0:00.00 tcpdump
26975 root      20   0   22564   5996   5244 S   0,0  0,0   0:00.00 tcpdump
26976 root      20   0   22564   6104   5356 S   0,0  0,0   0:00.00 tcpdump
26977 root      20   0   22564   6040   5292 S   0,0  0,0   0:00.00 tcpdump
26978 root      20   0   22564   6216   5328 S   0,0  0,0   0:00.00 tcpdump
26979 root      20   0   22564   6252   5368 S   0,0  0,0   0:00.00 tcpdump
26827 root      20   0  985416 128572   8912 R  43,6  0,8   0:01.26 ovs-vswitc+
26897 root      20   0  985420 128576   8912 R  42,6  0,8   0:01.27 ovs-vswitc+
26721 root      10 -10   20924   4860   4096 S   0,0  0,0   0:00.00 ovsdb-serv+
26760 root      10 -10   26456   9856   8912 S   0,0  0,1   0:00.00 ovs-vswitc+
26823 root      20   0   20912   4964   4184 S   0,0  0,0   0:00.01 ovsdb-serv+
26893 root      20   0   20912   4964   4180 S   0,0  0,0   0:00.01 ovsdb-serv+
26973 root      20   0   22564   6004   5256 S   0,0  0,0   0:00.00 tcpdump
26974 root      20   0   22564   6160   5412 S   0,0  0,0   0:00.00 tcpdump
26975 root      20   0   22564   5996   5244 S   0,0  0,0   0:00.00 tcpdump
26976 root      20   0   22564   6104   5356 S   0,0  0,0   0:00.00 tcpdump
26977 root      20   0   22564   6040   5292 S   0,0  0,0   0:00.00 tcpdump
26978 root      20   0   22564   6216   5328 S   0,0  0,0   0:00.00 tcpdump
26979 root      20   0   22564   6252   5368 S   0,0  0,0   0:00.00 tcpdump
26827 root      20   0  985416 133588   8912 S  44,6  0,8   0:01.71 ovs-vswitc+
26897 root      20   0  985420 133592   8912 S  42,6  0,8   0:01.70 ovs-vswitc+
26721 root      10 -10   20924   4860   4096 S   0,0  0,0   0:00.00 ovsdb-serv+
26760 root      10 -10   26456   9856   8912 S   0,0  0,1   0:00.00 ovs-vswitc+
26823 root      20   0   20912   4964   4184 S   0,0  0,0   0:00.01 ovsdb-serv+
26893 root      20   0   20912   4964   4180 S   0,0  0,0   0:00.01 ovsdb-serv+
26973 root      20   0   22564   6004   5256 S   0,0  0,0   0:00.00 tcpdump
26974 root      20   0   22564   6160   5412 S   0,0  0,0   0:00.00 tcpdump
26975 root      20   0   22564   5996   5244 S   0,0  0,0   0:00.00 tcpdump
26976 root      20   0   22564   6104   5356 S   0,0  0,0   0:00.00 tcpdump
26977 root      20   0   22564   6040   5292 S   0,0  0,0   0:00.00 tcpdump
26978 root      20   0   22564   6216   5328 S   0,0  0,0   0:00.00 tcpdump
26979 root      20   0   22564   6252   5368 S   0,0  0,0   0:00.00 tcpdump
26827 root      20   0  985416 138604   8912 S  43,6  0,9   0:02.15 ovs-vswitc+
26897 root      20   0  985420 138872   8912 S  40,6  0,9   0:02.11 ovs-vswitc+
26721 root      10 -10   20924   4860   4096 S   0,0  0,0   0:00.00 ovsdb-serv+
26760 root      10 -10   26456   9856   8912 S   0,0  0,1   0:00.00 ovs-vswitc+
26823 root      20   0   20912   4964   4184 S   0,0  0,0   0:00.01 ovsdb-serv+
26893 root      20   0   20912   4964   4180 S   0,0  0,0   0:00.01 ovsdb-serv+
26973 root      20   0   22564   6004   5256 S   0,0  0,0   0:00.00 tcpdump
26974 root      20   0   22564   6160   5412 S   0,0  0,0   0:00.00 tcpdump
26975 root      20   0   22564   5996   5244 S   0,0  0,0   0:00.00 tcpdump
26976 root      20   0   22564   6104   5356 S   0,0  0,0   0:00.00 tcpdump
26977 root      20   0   22564   6040   5292 S   0,0  0,0   0:00.00 tcpdump
26978 root      20   0   22564   6216   5328 S   0,0  0,0   0:00.00 tcpdump
26979 root      20   0   22564   6252   5368 S   0,0  0,0   0:00.00 tcpdump
26897 root      20   0  985420 143888   8912 S  41,6  0,9   0:02.53 ovs-vswitc+
26827 root      20   0  985416 143356   8912 R  40,6  0,9   0:02.56 ovs-vswitc+
26721 root      10 -10   20924   4860   4096 S   0,0  0,0   0:00.00 ovsdb-serv+
26760 root      10 -10   26456   9856   8912 S   0,0  0,1   0:00.00 ovs-vswitc+
26823 root      20   0   20912   4964   4184 S   0,0  0,0   0:00.01 ovsdb-serv+
26893 root      20   0   20912   4964   4180 S   0,0  0,0   0:00.01 ovsdb-serv+
26973 root      20   0   22564   6004   5256 S   0,0  0,0   0:00.00 tcpdump
26974 root      20   0   22564   6160   5412 S   0,0  0,0   0:00.00 tcpdump
26975 root      20   0   22564   5996   5244 S   0,0  0,0   0:00.00 tcpdump
26976 root      20   0   22564   6104   5356 S   0,0  0,0   0:00.00 tcpdump
26977 root      20   0   22564   6040   5292 S   0,0  0,0   0:00.00 tcpdump
26978 root      20   0   22564   6216   5328 S   0,0  0,0   0:00.00 tcpdump
26979 root      20   0   22564   6252   5368 S   0,0  0,0   0:00.00 tcpdump
26827 root      20   0  985416 148372   8912 S  46,5  0,9   0:03.03 ovs-vswitc+
26897 root      20   0  985420 148904   8912 S  44,6  0,9   0:02.98 ovs-vswitc+
26721 root      10 -10   20924   4860   4096 S   0,0  0,0   0:00.00 ovsdb-serv+
26760 root      10 -10   26456   9856   8912 S   0,0  0,1   0:00.00 ovs-vswitc+
26823 root      20   0   20912   4964   4184 S   0,0  0,0   0:00.01 ovsdb-serv+
26893 root      20   0   20912   4964   4180 S   0,0  0,0   0:00.01 ovsdb-serv+
26973 root      20   0   22564   6004   5256 S   0,0  0,0   0:00.00 tcpdump
26974 root      20   0   22564   6160   5412 S   0,0  0,0   0:00.00 tcpdump
26975 root      20   0   22564   5996   5244 S   0,0  0,0   0:00.00 tcpdump
26976 root      20   0   22564   6104   5356 S   0,0  0,0   0:00.00 tcpdump
26977 root      20   0   22564   6040   5292 S   0,0  0,0   0:00.00 tcpdump
26978 root      20   0   22564   6216   5328 S   0,0  0,0   0:00.00 tcpdump
26979 root      20   0   22564   6252   5368 S   0,0  0,0   0:00.00 tcpdump
26827 root      20   0  985416 151540   8912 S  27,7  0,9   0:03.31 ovs-vswitc+
26897 root      20   0  985456 151844   8912 S  25,7  0,9   0:03.24 ovs-vswitc+
26721 root      10 -10   20924   4860   4096 S   0,0  0,0   0:00.00 ovsdb-serv+
26760 root      10 -10   26456   9856   8912 S   0,0  0,1   0:00.00 ovs-vswitc+
26823 root      20   0   20912   4964   4184 S   0,0  0,0   0:00.01 ovsdb-serv+
26893 root      20   0   20912   4964   4180 S   0,0  0,0   0:00.01 ovsdb-serv+
26973 root      20   0   22564   6004   5256 S   0,0  0,0   0:00.00 tcpdump
26974 root      20   0   22564   6160   5412 S   0,0  0,0   0:00.00 tcpdump
26975 root      20   0   22564   5996   5244 S   0,0  0,0   0:00.00 tcpdump
26976 root      20   0   22564   6104   5356 S   0,0  0,0   0:00.00 tcpdump
26977 root      20   0   22564   6040   5292 S   0,0  0,0   0:00.00 tcpdump
26978 root      20   0   22564   6216   5328 S   0,0  0,0   0:00.00 tcpdump
26979 root      20   0   22564   6252   5368 S   0,0  0,0   0:00.00 tcpdump
26897 root      20   0  985456 151844   8912 S   5,9  0,9   0:03.30 ovs-vswitc+
26827 root      20   0  985416 151540   8912 S   5,0  0,9   0:03.36 ovs-vswitc+
26721 root      10 -10   20924   4860   4096 S   0,0  0,0   0:00.00 ovsdb-serv+
26760 root      10 -10   26456   9856   8912 S   0,0  0,1   0:00.00 ovs-vswitc+
26823 root      20   0   20912   4964   4184 S   0,0  0,0   0:00.01 ovsdb-serv+
26893 root      20   0   20912   4964   4180 S   0,0  0,0   0:00.01 ovsdb-serv+
26973 root      20   0   22564   6004   5256 S   0,0  0,0   0:00.00 tcpdump
26974 root      20   0   22564   6160   5412 S   0,0  0,0   0:00.00 tcpdump
26975 root      20   0   22564   5996   5244 S   0,0  0,0   0:00.00 tcpdump
26976 root      20   0   22564   6104   5356 S   0,0  0,0   0:00.00 tcpdump
26977 root      20   0   22564   6040   5292 S   0,0  0,0   0:00.00 tcpdump
26978 root      20   0   22564   6216   5328 S   0,0  0,0   0:00.00 tcpdump
26979 root      20   0   22564   6252   5368 S   0,0  0,0   0:00.00 tcpdump
26827 root      20   0  985416 151540   8912 S   5,0  0,9   0:03.41 ovs-vswitc+
26897 root      20   0  985456 151844   8912 S   4,0  0,9   0:03.34 ovs-vswitc+
26721 root      10 -10   20924   4860   4096 S   0,0  0,0   0:00.00 ovsdb-serv+
26760 root      10 -10   26456   9856   8912 S   0,0  0,1   0:00.00 ovs-vswitc+
26823 root      20   0   20912   4964   4184 S   0,0  0,0   0:00.01 ovsdb-serv+
26893 root      20   0   20912   4964   4180 S   0,0  0,0   0:00.01 ovsdb-serv+
26973 root      20   0   22564   6004   5256 S   0,0  0,0   0:00.00 tcpdump
26974 root      20   0   22564   6160   5412 S   0,0  0,0   0:00.00 tcpdump
26975 root      20   0   22564   5996   5244 S   0,0  0,0   0:00.00 tcpdump
26976 root      20   0   22564   6104   5356 S   0,0  0,0   0:00.00 tcpdump
26977 root      20   0   22564   6040   5292 S   0,0  0,0   0:00.00 tcpdump
26978 root      20   0   22564   6216   5328 S   0,0  0,0   0:00.00 tcpdump
26979 root      20   0   22564   6252   5368 S   0,0  0,0   0:00.00 tcpdump
26897 root      20   0  985456 151844   8912 S   8,8  0,9   0:03.43 ovs-vswitc+
26827 root      20   0  985416 151540   8912 S   6,9  0,9   0:03.48 ovs-vswitc+
26721 root      10 -10   20924   4860   4096 S   0,0  0,0   0:00.00 ovsdb-serv+
26760 root      10 -10   26456   9856   8912 S   0,0  0,1   0:00.00 ovs-vswitc+
26823 root      20   0   20912   4964   4184 S   0,0  0,0   0:00.01 ovsdb-serv+
26893 root      20   0   20912   4964   4180 S   0,0  0,0   0:00.01 ovsdb-serv+
26973 root      20   0   22564   6004   5256 S   0,0  0,0   0:00.00 tcpdump
26974 root      20   0   22564   6160   5412 S   0,0  0,0   0:00.00 tcpdump
26975 root      20   0   22564   5996   5244 S   0,0  0,0   0:00.00 tcpdump
26976 root      20   0   22564   6104   5356 S   0,0  0,0   0:00.00 tcpdump
26977 root      20   0   22564   6040   5292 S   0,0  0,0   0:00.00 tcpdump
26978 root      20   0   22564   6216   5328 S   0,0  0,0   0:00.00 tcpdump
26979 root      20   0   22564   6252   5368 S   0,0  0,0   0:00.00 tcpdump
26827 root      20   0  985416 151540   8912 S   9,9  0,9   0:03.58 ovs-vswitc+
26897 root      20   0  985456 151844   8912 S   8,9  0,9   0:03.52 ovs-vswitc+
26721 root      10 -10   20924   4860   4096 S   0,0  0,0   0:00.00 ovsdb-serv+
26760 root      10 -10   26456   9856   8912 S   0,0  0,1   0:00.00 ovs-vswitc+
26823 root      20   0   20912   4964   4184 S   0,0  0,0   0:00.01 ovsdb-serv+
26893 root      20   0   20912   4964   4180 S   0,0  0,0   0:00.01 ovsdb-serv+
26973 root      20   0   22564   6004   5256 S   0,0  0,0   0:00.00 tcpdump
26974 root      20   0   22564   6160   5412 S   0,0  0,0   0:00.00 tcpdump
26975 root      20   0   22564   5996   5244 S   0,0  0,0   0:00.00 tcpdump
26976 root      20   0   22564   6104   5356 S   0,0  0,0   0:00.00 tcpdump
26977 root      20   0   22564   6040   5292 S   0,0  0,0   0:00.00 tcpdump
26978 root      20   0   22564   6216   5328 S   0,0  0,0   0:00.00 tcpdump
26979 root      20   0   22564   6252   5368 S   0,0  0,0   0:00.00 tcpdump
26827 root      20   0  985416 151540   8912 S   5,9  0,9   0:03.64 ovs-vswitc+
26897 root      20   0  985456 151844   8912 S   5,0  0,9   0:03.57 ovs-vswitc+
26721 root      10 -10   20924   4860   4096 S   0,0  0,0   0:00.00 ovsdb-serv+
26760 root      10 -10   26456   9856   8912 S   0,0  0,1   0:00.00 ovs-vswitc+
26823 root      20   0   20912   4964   4184 S   0,0  0,0   0:00.01 ovsdb-serv+
26893 root      20   0   20912   4964   4180 S   0,0  0,0   0:00.01 ovsdb-serv+
26973 root      20   0   22564   6004   5256 S   0,0  0,0   0:00.00 tcpdump
26974 root      20   0   22564   6160   5412 S   0,0  0,0   0:00.00 tcpdump
26975 root      20   0   22564   5996   5244 S   0,0  0,0   0:00.00 tcpdump
26976 root      20   0   22564   6104   5356 S   0,0  0,0   0:00.00 tcpdump
26977 root      20   0   22564   6040   5292 S   0,0  0,0   0:00.00 tcpdump
26978 root      20   0   22564   6216   5328 S   0,0  0,0   0:00.00 tcpdump
26979 root      20   0   22564   6252   5368 S   0,0  0,0   0:00.00 tcpdump
26827 root      20   0  985416 151540   8912 S   6,9  0,9   0:03.71 ovs-vswitc+
26897 root      20   0  985456 151844   8912 S   5,9  0,9   0:03.63 ovs-vswitc+
26721 root      10 -10   20924   4860   4096 S   0,0  0,0   0:00.00 ovsdb-serv+
26760 root      10 -10   26456   9856   8912 S   0,0  0,1   0:00.00 ovs-vswitc+
26823 root      20   0   20912   4964   4184 S   0,0  0,0   0:00.01 ovsdb-serv+
26893 root      20   0   20912   4964   4180 S   0,0  0,0   0:00.01 ovsdb-serv+
26973 root      20   0   22564   6004   5256 S   0,0  0,0   0:00.00 tcpdump
26974 root      20   0   22564   6160   5412 S   0,0  0,0   0:00.00 tcpdump
26975 root      20   0   22564   5996   5244 S   0,0  0,0   0:00.00 tcpdump
26976 root      20   0   22564   6104   5356 S   0,0  0,0   0:00.00 tcpdump
26977 root      20   0   22564   6040   5292 S   0,0  0,0   0:00.00 tcpdump
26978 root      20   0   22564   6216   5328 S   0,0  0,0   0:00.00 tcpdump
26979 root      20   0   22564   6252   5368 S   0,0  0,0   0:00.00 tcpdump
26827 root      20   0  985416 151540   8912 S   6,9  0,9   0:03.78 ovs-vswitc+
26897 root      20   0  985456 151844   8912 S   5,0  0,9   0:03.68 ovs-vswitc+
26721 root      10 -10   20924   4860   4096 S   0,0  0,0   0:00.00 ovsdb-serv+
26760 root      10 -10   26456   9856   8912 S   0,0  0,1   0:00.00 ovs-vswitc+
26823 root      20   0   20912   4964   4184 S   0,0  0,0   0:00.01 ovsdb-serv+
26893 root      20   0   20912   4964   4180 S   0,0  0,0   0:00.01 ovsdb-serv+
26973 root      20   0   22564   6004   5256 S   0,0  0,0   0:00.00 tcpdump
26974 root      20   0   22564   6160   5412 S   0,0  0,0   0:00.00 tcpdump
26975 root      20   0   22564   5996   5244 S   0,0  0,0   0:00.00 tcpdump
26976 root      20   0   22564   6104   5356 S   0,0  0,0   0:00.00 tcpdump
26977 root      20   0   22564   6040   5292 S   0,0  0,0   0:00.00 tcpdump
26978 root      20   0   22564   6216   5328 S   0,0  0,0   0:00.00 tcpdump
26979 root      20   0   22564   6252   5368 S   0,0  0,0   0:00.00 tcpdump
26827 root      20   0  985416 151540   8912 S   4,0  0,9   0:03.82 ovs-vswitc+
26897 root      20   0  985456 151844   8912 S   3,0  0,9   0:03.71 ovs-vswitc+
26721 root      10 -10   20924   4860   4096 S   0,0  0,0   0:00.00 ovsdb-serv+
26760 root      10 -10   26456   9856   8912 S   0,0  0,1   0:00.00 ovs-vswitc+
26823 root      20   0   20912   4964   4184 S   0,0  0,0   0:00.01 ovsdb-serv+
26893 root      20   0   20912   4964   4180 S   0,0  0,0   0:00.01 ovsdb-serv+
26973 root      20   0   22564   6004   5256 S   0,0  0,0   0:00.00 tcpdump
26974 root      20   0   22564   6160   5412 S   0,0  0,0   0:00.00 tcpdump
26975 root      20   0   22564   5996   5244 S   0,0  0,0   0:00.00 tcpdump
26976 root      20   0   22564   6104   5356 S   0,0  0,0   0:00.00 tcpdump
26977 root      20   0   22564   6040   5292 S   0,0  0,0   0:00.00 tcpdump
26978 root      20   0   22564   6216   5328 S   0,0  0,0   0:00.00 tcpdump
26979 root      20   0   22564   6252   5368 S   0,0  0,0   0:00.00 tcpdump
26827 root      20   0  985416 151540   8912 S   3,9  0,9   0:03.86 ovs-vswitc+
26897 root      20   0  985456 151844   8912 S   2,0  0,9   0:03.73 ovs-vswitc+
26721 root      10 -10   20924   4860   4096 S   0,0  0,0   0:00.00 ovsdb-serv+
26760 root      10 -10   26456   9856   8912 S   0,0  0,1   0:00.00 ovs-vswitc+
26823 root      20   0   20912   4964   4184 S   0,0  0,0   0:00.01 ovsdb-serv+
26893 root      20   0   20912   4964   4180 S   0,0  0,0   0:00.01 ovsdb-serv+
26973 root      20   0   22564   6004   5256 S   0,0  0,0   0:00.00 tcpdump
26974 root      20   0   22564   6160   5412 S   0,0  0,0   0:00.00 tcpdump
26975 root      20   0   22564   5996   5244 S   0,0  0,0   0:00.00 tcpdump
26976 root      20   0   22564   6104   5356 S   0,0  0,0   0:00.00 tcpdump
26977 root      20   0   22564   6040   5292 S   0,0  0,0   0:00.00 tcpdump
26978 root      20   0   22564   6216   5328 S   0,0  0,0   0:00.00 tcpdump
26979 root      20   0   22564   6252   5368 S   0,0  0,0   0:00.00 tcpdump
26827 root      20   0  985416 151540   8912 S   2,0  0,9   0:03.88 ovs-vswitc+
26897 root      20   0  985456 151844   8912 S   2,0  0,9   0:03.75 ovs-vswitc+
26721 root      10 -10   20924   4860   4096 S   0,0  0,0   0:00.00 ovsdb-serv+
26760 root      10 -10   26456   9856   8912 S   0,0  0,1   0:00.00 ovs-vswitc+
26823 root      20   0   20912   4964   4184 S   0,0  0,0   0:00.01 ovsdb-serv+
26893 root      20   0   20912   4964   4180 S   0,0  0,0   0:00.01 ovsdb-serv+
26973 root      20   0   22564   6004   5256 S   0,0  0,0   0:00.00 tcpdump
26974 root      20   0   22564   6160   5412 S   0,0  0,0   0:00.00 tcpdump
26975 root      20   0   22564   5996   5244 S   0,0  0,0   0:00.00 tcpdump
26976 root      20   0   22564   6104   5356 S   0,0  0,0   0:00.00 tcpdump
26977 root      20   0   22564   6040   5292 S   0,0  0,0   0:00.00 tcpdump
26978 root      20   0   22564   6216   5328 S   0,0  0,0   0:00.00 tcpdump
26979 root      20   0   22564   6252   5368 S   0,0  0,0   0:00.00 tcpdump
26827 root      20   0  985416 151540   8912 S   1,0  0,9   0:03.89 ovs-vswitc+
26897 root      20   0  985456 151844   8912 S   1,0  0,9   0:03.76 ovs-vswitc+
26721 root      10 -10   20924   4860   4096 S   0,0  0,0   0:00.00 ovsdb-serv+
26760 root      10 -10   26456   9856   8912 S   0,0  0,1   0:00.00 ovs-vswitc+
26823 root      20   0   20912   4964   4184 S   0,0  0,0   0:00.01 ovsdb-serv+
26893 root      20   0   20912   4964   4180 S   0,0  0,0   0:00.01 ovsdb-serv+
26973 root      20   0   22564   6004   5256 S   0,0  0,0   0:00.00 tcpdump
26974 root      20   0   22564   6160   5412 S   0,0  0,0   0:00.00 tcpdump
26975 root      20   0   22564   5996   5244 S   0,0  0,0   0:00.00 tcpdump
26976 root      20   0   22564   6104   5356 S   0,0  0,0   0:00.00 tcpdump
26977 root      20   0   22564   6040   5292 S   0,0  0,0   0:00.00 tcpdump
26978 root      20   0   22564   6216   5328 S   0,0  0,0   0:00.00 tcpdump
26979 root      20   0   22564   6252   5368 S   0,0  0,0   0:00.00 tcpdump
26827 root      20   0  985416 151540   8912 S   1,0  0,9   0:03.90 ovs-vswitc+
26897 root      20   0  985456 151844   8912 S   1,0  0,9   0:03.77 ovs-vswitc+
26721 root      10 -10   20924   4860   4096 S   0,0  0,0   0:00.00 ovsdb-serv+
26760 root      10 -10   26456   9856   8912 S   0,0  0,1   0:00.00 ovs-vswitc+
26823 root      20   0   20912   4964   4184 S   0,0  0,0   0:00.01 ovsdb-serv+
26893 root      20   0   20912   4964   4180 S   0,0  0,0   0:00.01 ovsdb-serv+
26973 root      20   0   22564   6004   5256 S   0,0  0,0   0:00.00 tcpdump
26974 root      20   0   22564   6160   5412 S   0,0  0,0   0:00.00 tcpdump
26975 root      20   0   22564   5996   5244 S   0,0  0,0   0:00.00 tcpdump
26976 root      20   0   22564   6104   5356 S   0,0  0,0   0:00.00 tcpdump
26977 root      20   0   22564   6040   5292 S   0,0  0,0   0:00.00 tcpdump
26978 root      20   0   22564   6216   5328 S   0,0  0,0   0:00.00 tcpdump
26979 root      20   0   22564   6252   5368 S   0,0  0,0   0:00.00 tcpdump
26897 root      20   0  985456 151844   8912 S   2,0  0,9   0:03.79 ovs-vswitc+
26827 root      20   0  985416 151540   8912 S   1,0  0,9   0:03.91 ovs-vswitc+
26721 root      10 -10   20924   4860   4096 S   0,0  0,0   0:00.00 ovsdb-serv+
26760 root      10 -10   26456   9856   8912 S   0,0  0,1   0:00.00 ovs-vswitc+
26823 root      20   0   20912   4964   4184 S   0,0  0,0   0:00.01 ovsdb-serv+
26893 root      20   0   20912   4964   4180 S   0,0  0,0   0:00.01 ovsdb-serv+
26973 root      20   0   22564   6004   5256 S   0,0  0,0   0:00.00 tcpdump
26974 root      20   0   22564   6160   5412 S   0,0  0,0   0:00.00 tcpdump
26975 root      20   0   22564   5996   5244 S   0,0  0,0   0:00.00 tcpdump
26976 root      20   0   22564   6104   5356 S   0,0  0,0   0:00.00 tcpdump
26977 root      20   0   22564   6040   5292 S   0,0  0,0   0:00.00 tcpdump
26978 root      20   0   22564   6216   5328 S   0,0  0,0   0:00.00 tcpdump
26979 root      20   0   22564   6252   5368 S   0,0  0,0   0:00.00 tcpdump
26823 root      20   0   20912   4964   4184 S   1,0  0,0   0:00.02 ovsdb-serv+
26827 root      20   0  985416 151540   8912 S   1,0  0,9   0:03.92 ovs-vswitc+
26897 root      20   0  985456 151844   8912 S   1,0  0,9   0:03.80 ovs-vswitc+
26721 root      10 -10   20924   4860   4096 S   0,0  0,0   0:00.00 ovsdb-serv+
26760 root      10 -10   26456   9856   8912 S   0,0  0,1   0:00.00 ovs-vswitc+
26893 root      20   0   20912   4964   4180 S   0,0  0,0   0:00.01 ovsdb-serv+
26973 root      20   0   22564   6004   5256 S   0,0  0,0   0:00.00 tcpdump
26974 root      20   0   22564   6160   5412 S   0,0  0,0   0:00.00 tcpdump
26975 root      20   0   22564   5996   5244 S   0,0  0,0   0:00.00 tcpdump
26976 root      20   0   22564   6104   5356 S   0,0  0,0   0:00.00 tcpdump
26977 root      20   0   22564   6040   5292 S   0,0  0,0   0:00.00 tcpdump
26978 root      20   0   22564   6216   5328 S   0,0  0,0   0:00.00 tcpdump
26979 root      20   0   22564   6252   5368 S   0,0  0,0   0:00.00 tcpdump
26827 root      20   0  985416 151540   8912 S   1,0  0,9   0:03.93 ovs-vswitc+
26897 root      20   0  985456 151844   8912 S   1,0  0,9   0:03.81 ovs-vswitc+
26721 root      10 -10   20924   4860   4096 S   0,0  0,0   0:00.00 ovsdb-serv+
26760 root      10 -10   26456   9856   8912 S   0,0  0,1   0:00.00 ovs-vswitc+
26823 root      20   0   20912   4964   4184 S   0,0  0,0   0:00.02 ovsdb-serv+
26893 root      20   0   20912   4964   4180 S   0,0  0,0   0:00.01 ovsdb-serv+
26973 root      20   0   22564   6004   5256 S   0,0  0,0   0:00.00 tcpdump
26974 root      20   0   22564   6160   5412 S   0,0  0,0   0:00.00 tcpdump
26975 root      20   0   22564   5996   5244 S   0,0  0,0   0:00.00 tcpdump
26976 root      20   0   22564   6104   5356 S   0,0  0,0   0:00.00 tcpdump
26977 root      20   0   22564   6040   5292 S   0,0  0,0   0:00.00 tcpdump
26978 root      20   0   22564   6216   5328 S   0,0  0,0   0:00.00 tcpdump
26979 root      20   0   22564   6252   5368 S   0,0  0,0   0:00.00 tcpdump
26897 root      20   0  985456 151844   8912 S   2,0  0,9   0:03.83 ovs-vswitc+
26827 root      20   0  985416 151540   8912 S   1,0  0,9   0:03.94 ovs-vswitc+
26721 root      10 -10   20924   4860   4096 S   0,0  0,0   0:00.00 ovsdb-serv+
26760 root      10 -10   26456   9856   8912 S   0,0  0,1   0:00.00 ovs-vswitc+
26823 root      20   0   20912   4964   4184 S   0,0  0,0   0:00.02 ovsdb-serv+
26893 root      20   0   20912   4964   4180 S   0,0  0,0   0:00.01 ovsdb-serv+
26973 root      20   0   22564   6004   5256 S   0,0  0,0   0:00.00 tcpdump
26974 root      20   0   22564   6160   5412 S   0,0  0,0   0:00.00 tcpdump
26975 root      20   0   22564   5996   5244 S   0,0  0,0   0:00.00 tcpdump
26976 root      20   0   22564   6104   5356 S   0,0  0,0   0:00.00 tcpdump
26977 root      20   0   22564   6040   5292 S   0,0  0,0   0:00.00 tcpdump
26978 root      20   0   22564   6216   5328 S   0,0  0,0   0:00.00 tcpdump
26979 root      20   0   22564   6252   5368 S   0,0  0,0   0:00.00 tcpdump
26827 root      20   0  985416 151540   8912 S   2,0  0,9   0:03.96 ovs-vswitc+
26721 root      10 -10   20924   4860   4096 S   0,0  0,0   0:00.00 ovsdb-serv+
26760 root      10 -10   26456   9856   8912 S   0,0  0,1   0:00.00 ovs-vswitc+
26823 root      20   0   20912   4964   4184 S   0,0  0,0   0:00.02 ovsdb-serv+
26893 root      20   0   20912   4964   4180 S   0,0  0,0   0:00.01 ovsdb-serv+
26897 root      20   0  985456 151844   8912 S   0,0  0,9   0:03.83 ovs-vswitc+
26973 root      20   0   22564   6004   5256 S   0,0  0,0   0:00.00 tcpdump
26974 root      20   0   22564   6160   5412 S   0,0  0,0   0:00.00 tcpdump
26975 root      20   0   22564   5996   5244 S   0,0  0,0   0:00.00 tcpdump
26976 root      20   0   22564   6104   5356 S   0,0  0,0   0:00.00 tcpdump
26977 root      20   0   22564   6040   5292 S   0,0  0,0   0:00.00 tcpdump
26978 root      20   0   22564   6216   5328 S   0,0  0,0   0:00.00 tcpdump
26979 root      20   0   22564   6252   5368 S   0,0  0,0   0:00.00 tcpdump
26897 root      20   0  985456 151844   8912 S   3,0  0,9   0:03.86 ovs-vswitc+
26827 root      20   0  985416 151540   8912 S   2,0  0,9   0:03.98 ovs-vswitc+
26721 root      10 -10   20924   4860   4096 S   0,0  0,0   0:00.00 ovsdb-serv+
26760 root      10 -10   26456   9856   8912 S   0,0  0,1   0:00.00 ovs-vswitc+
26823 root      20   0   20912   4964   4184 S   0,0  0,0   0:00.02 ovsdb-serv+
26893 root      20   0   20912   4964   4180 S   0,0  0,0   0:00.01 ovsdb-serv+
26973 root      20   0   22564   6004   5256 S   0,0  0,0   0:00.00 tcpdump
26974 root      20   0   22564   6160   5412 S   0,0  0,0   0:00.00 tcpdump
26975 root      20   0   22564   5996   5244 S   0,0  0,0   0:00.00 tcpdump
26976 root      20   0   22564   6104   5356 S   0,0  0,0   0:00.00 tcpdump
26977 root      20   0   22564   6040   5292 S   0,0  0,0   0:00.00 tcpdump
26978 root      20   0   22564   6216   5328 S   0,0  0,0   0:00.00 tcpdump
26979 root      20   0   22564   6252   5368 S   0,0  0,0   0:00.00 tcpdump
26827 root      20   0  985416 151540   8912 S   1,0  0,9   0:03.99 ovs-vswitc+
26897 root      20   0  985456 151844   8912 S   1,0  0,9   0:03.87 ovs-vswitc+
26721 root      10 -10   20924   4860   4096 S   0,0  0,0   0:00.00 ovsdb-serv+
26760 root      10 -10   26456   9856   8912 S   0,0  0,1   0:00.00 ovs-vswitc+
26823 root      20   0   20912   4964   4184 S   0,0  0,0   0:00.02 ovsdb-serv+
26893 root      20   0   20912   4964   4180 S   0,0  0,0   0:00.01 ovsdb-serv+
26973 root      20   0   22564   6004   5256 S   0,0  0,0   0:00.00 tcpdump
26974 root      20   0   22564   6160   5412 S   0,0  0,0   0:00.00 tcpdump
26975 root      20   0   22564   5996   5244 S   0,0  0,0   0:00.00 tcpdump
26976 root      20   0   22564   6104   5356 S   0,0  0,0   0:00.00 tcpdump
26977 root      20   0   22564   6040   5292 S   0,0  0,0   0:00.00 tcpdump
26978 root      20   0   22564   6216   5328 S   0,0  0,0   0:00.00 tcpdump
26979 root      20   0   22564   6252   5368 S   0,0  0,0   0:00.00 tcpdump
26827 root      20   0  985416 151540   8912 S   2,0  0,9   0:04.01 ovs-vswitc+
26897 root      20   0  985456 151844   8912 S   1,0  0,9   0:03.88 ovs-vswitc+
26721 root      10 -10   20924   4860   4096 S   0,0  0,0   0:00.00 ovsdb-serv+
26760 root      10 -10   26456   9856   8912 S   0,0  0,1   0:00.00 ovs-vswitc+
26823 root      20   0   20912   4964   4184 S   0,0  0,0   0:00.02 ovsdb-serv+
26893 root      20   0   20912   4964   4180 S   0,0  0,0   0:00.01 ovsdb-serv+
26973 root      20   0   22564   6004   5256 S   0,0  0,0   0:00.00 tcpdump
26974 root      20   0   22564   6160   5412 S   0,0  0,0   0:00.00 tcpdump
26975 root      20   0   22564   5996   5244 S   0,0  0,0   0:00.00 tcpdump
26976 root      20   0   22564   6104   5356 S   0,0  0,0   0:00.00 tcpdump
26977 root      20   0   22564   6040   5292 S   0,0  0,0   0:00.00 tcpdump
26978 root      20   0   22564   6216   5328 S   0,0  0,0   0:00.00 tcpdump
26979 root      20   0   22564   6252   5368 S   0,0  0,0   0:00.00 tcpdump
26897 root      20   0  985456 151844   8912 S   2,0  0,9   0:03.90 ovs-vswitc+
26827 root      20   0  985416 151540   8912 S   1,0  0,9   0:04.02 ovs-vswitc+
26721 root      10 -10   20924   4860   4096 S   0,0  0,0   0:00.00 ovsdb-serv+
26760 root      10 -10   26456   9856   8912 S   0,0  0,1   0:00.00 ovs-vswitc+
26823 root      20   0   20912   4964   4184 S   0,0  0,0   0:00.02 ovsdb-serv+
26893 root      20   0   20912   4964   4180 S   0,0  0,0   0:00.01 ovsdb-serv+
26973 root      20   0   22564   6004   5256 S   0,0  0,0   0:00.00 tcpdump
26974 root      20   0   22564   6160   5412 S   0,0  0,0   0:00.00 tcpdump
26975 root      20   0   22564   5996   5244 S   0,0  0,0   0:00.00 tcpdump
26976 root      20   0   22564   6104   5356 S   0,0  0,0   0:00.00 tcpdump
26977 root      20   0   22564   6040   5292 S   0,0  0,0   0:00.00 tcpdump
26978 root      20   0   22564   6216   5328 S   0,0  0,0   0:00.00 tcpdump
26979 root      20   0   22564   6252   5368 S   0,0  0,0   0:00.00 tcpdump
26827 root      20   0  985416 151540   8912 S   2,0  0,9   0:04.04 ovs-vswitc+
26897 root      20   0  985456 151844   8912 S   1,0  0,9   0:03.91 ovs-vswitc+
26721 root      10 -10   20924   4860   4096 S   0,0  0,0   0:00.00 ovsdb-serv+
26760 root      10 -10   26456   9856   8912 S   0,0  0,1   0:00.00 ovs-vswitc+
26823 root      20   0   20912   4964   4184 S   0,0  0,0   0:00.02 ovsdb-serv+
26893 root      20   0   20912   4964   4180 S   0,0  0,0   0:00.01 ovsdb-serv+
26973 root      20   0   22564   6004   5256 S   0,0  0,0   0:00.00 tcpdump
26974 root      20   0   22564   6160   5412 S   0,0  0,0   0:00.00 tcpdump
26975 root      20   0   22564   5996   5244 S   0,0  0,0   0:00.00 tcpdump
26976 root      20   0   22564   6104   5356 S   0,0  0,0   0:00.00 tcpdump
26977 root      20   0   22564   6040   5292 S   0,0  0,0   0:00.00 tcpdump
26978 root      20   0   22564   6216   5328 S   0,0  0,0   0:00.00 tcpdump
26979 root      20   0   22564   6252   5368 S   0,0  0,0   0:00.00 tcpdump
26827 root      20   0  985416 151540   8912 S   2,0  0,9   0:04.06 ovs-vswitc+
26897 root      20   0  985456 151844   8912 S   2,0  0,9   0:03.93 ovs-vswitc+
26975 root      20   0   22564   5996   5244 S   1,0  0,0   0:00.01 tcpdump
26721 root      10 -10   20924   4860   4096 S   0,0  0,0   0:00.00 ovsdb-serv+
26760 root      10 -10   26456   9856   8912 S   0,0  0,1   0:00.00 ovs-vswitc+
26823 root      20   0   20912   4964   4184 S   0,0  0,0   0:00.02 ovsdb-serv+
26893 root      20   0   20912   4964   4180 S   0,0  0,0   0:00.01 ovsdb-serv+
26973 root      20   0   22564   6004   5256 S   0,0  0,0   0:00.00 tcpdump
26974 root      20   0   22564   6160   5412 S   0,0  0,0   0:00.00 tcpdump
26976 root      20   0   22564   6104   5356 S   0,0  0,0   0:00.00 tcpdump
26977 root      20   0   22564   6040   5292 S   0,0  0,0   0:00.00 tcpdump
26978 root      20   0   22564   6216   5328 S   0,0  0,0   0:00.00 tcpdump
26979 root      20   0   22564   6252   5368 S   0,0  0,0   0:00.00 tcpdump
26827 root      20   0  985416 151540   8912 S   2,0  0,9   0:04.08 ovs-vswitc+
26897 root      20   0  985456 151844   8912 S   2,0  0,9   0:03.95 ovs-vswitc+
26721 root      10 -10   20924   4860   4096 S   1,0  0,0   0:00.01 ovsdb-serv+
26760 root      10 -10   26456   9856   8912 S   0,0  0,1   0:00.00 ovs-vswitc+
26823 root      20   0   20912   4964   4184 S   0,0  0,0   0:00.02 ovsdb-serv+
26893 root      20   0   20912   4964   4180 S   0,0  0,0   0:00.01 ovsdb-serv+
26973 root      20   0   22564   6004   5256 S   0,0  0,0   0:00.00 tcpdump
26974 root      20   0   22564   6160   5412 S   0,0  0,0   0:00.00 tcpdump
26975 root      20   0   22564   5996   5244 S   0,0  0,0   0:00.01 tcpdump
26976 root      20   0   22564   6104   5356 S   0,0  0,0   0:00.00 tcpdump
26977 root      20   0   22564   6040   5292 S   0,0  0,0   0:00.00 tcpdump
26978 root      20   0   22564   6216   5328 S   0,0  0,0   0:00.00 tcpdump
26979 root      20   0   22564   6252   5368 S   0,0  0,0   0:00.00 tcpdump
26827 root      20   0  985416 151540   8912 S   1,0  0,9   0:04.09 ovs-vswitc+
26897 root      20   0  985456 151844   8912 S   1,0  0,9   0:03.96 ovs-vswitc+
26721 root      10 -10   20924   4860   4096 S   0,0  0,0   0:00.01 ovsdb-serv+
26760 root      10 -10   26456   9856   8912 S   0,0  0,1   0:00.00 ovs-vswitc+
26823 root      20   0   20912   4964   4184 S   0,0  0,0   0:00.02 ovsdb-serv+
26893 root      20   0   20912   4964   4180 S   0,0  0,0   0:00.01 ovsdb-serv+
26973 root      20   0   22564   6004   5256 S   0,0  0,0   0:00.00 tcpdump
26974 root      20   0   22564   6160   5412 S   0,0  0,0   0:00.00 tcpdump
26975 root      20   0   22564   5996   5244 S   0,0  0,0   0:00.01 tcpdump
26976 root      20   0   22564   6104   5356 S   0,0  0,0   0:00.00 tcpdump
26977 root      20   0   22564   6040   5292 S   0,0  0,0   0:00.00 tcpdump
26978 root      20   0   22564   6216   5328 S   0,0  0,0   0:00.00 tcpdump
26979 root      20   0   22564   6252   5368 S   0,0  0,0   0:00.00 tcpdump
26897 root      20   0  985456 151844   8912 S   2,0  0,9   0:03.98 ovs-vswitc+
26827 root      20   0  985448 151584   8912 S   1,0  0,9   0:04.10 ovs-vswitc+
26721 root      10 -10   20924   4860   4096 S   0,0  0,0   0:00.01 ovsdb-serv+
26760 root      10 -10   26456   9856   8912 S   0,0  0,1   0:00.00 ovs-vswitc+
26823 root      20   0   20912   4964   4184 S   0,0  0,0   0:00.02 ovsdb-serv+
26893 root      20   0   20912   4964   4180 S   0,0  0,0   0:00.01 ovsdb-serv+
26973 root      20   0   22564   6004   5256 S   0,0  0,0   0:00.00 tcpdump
26974 root      20   0   22564   6160   5412 S   0,0  0,0   0:00.00 tcpdump
26975 root      20   0   22564   5996   