17093 root      20   0  985304 118368   8912 S  25,0  0,7   0:00.13 ovs-vswitc+
17023 root      20   0  985296 118364   8912 S  18,8  0,7   0:00.15 ovs-vswitc+
16917 root      10 -10   20924   5052   4300 S   0,0  0,0   0:00.00 ovsdb-serv+
16956 root      10 -10   26456   9860   8912 S   0,0  0,1   0:00.00 ovs-vswitc+
17019 root      20   0   20912   4992   4208 S   0,0  0,0   0:00.01 ovsdb-serv+
17089 root      20   0   20912   4912   4128 S   0,0  0,0   0:00.01 ovsdb-serv+
17168 root      20   0   22564   5996   5248 S   0,0  0,0   0:00.00 tcpdump
17169 root      20   0   22564   6048   5300 S   0,0  0,0   0:00.00 tcpdump
17170 root      20   0   22564   5992   5244 S   0,0  0,0   0:00.00 tcpdump
17171 root      20   0   22564   6136   5388 S   0,0  0,0   0:00.00 tcpdump
17172 root      20   0   22564   6088   5340 S   0,0  0,0   0:00.00 tcpdump
17173 root      20   0   22564   6092   5208 S   0,0  0,0   0:00.00 tcpdump
17174 root      20   0   22564   6192   5308 S   0,0  0,0   0:00.00 tcpdump
17023 root      20   0  985296 118364   8912 S   2,0  0,7   0:00.17 ovs-vswitc+
16917 root      10 -10   20924   5052   4300 S   0,0  0,0   0:00.00 ovsdb-serv+
16956 root      10 -10   26456   9860   8912 S   0,0  0,1   0:00.00 ovs-vswitc+
17019 root      20   0   20912   4992   4208 S   0,0  0,0   0:00.01 ovsdb-serv+
17089 root      20   0   20912   4912   4128 S   0,0  0,0   0:00.01 ovsdb-serv+
17093 root      20   0  985304 118368   8912 S   0,0  0,7   0:00.13 ovs-vswitc+
17168 root      20   0   22564   5996   5248 S   0,0  0,0   0:00.00 tcpdump
17169 root      20   0   22564   6048   5300 S   0,0  0,0   0:00.00 tcpdump
17170 root      20   0   22564   5992   5244 S   0,0  0,0   0:00.00 tcpdump
17171 root      20   0   22564   6136   5388 S   0,0  0,0   0:00.00 tcpdump
17172 root      20   0   22564   6088   5340 S   0,0  0,0   0:00.00 tcpdump
17173 root      20   0   22564   6092   5208 S   0,0  0,0   0:00.00 tcpdump
17174 root      20   0   22564   6192   5308 S   0,0  0,0   0:00.00 tcpdump
17093 root      20   0  985304 118368   8912 S   2,0  0,7   0:00.15 ovs-vswitc+
16917 root      10 -10   20924   5052   4300 S   0,0  0,0   0:00.00 ovsdb-serv+
16956 root      10 -10   26456   9860   8912 S   0,0  0,1   0:00.00 ovs-vswitc+
17019 root      20   0   20912   4992   4208 S   0,0  0,0   0:00.01 ovsdb-serv+
17023 root      20   0  985296 118364   8912 S   0,0  0,7   0:00.17 ovs-vswitc+
17089 root      20   0   20912   4912   4128 S   0,0  0,0   0:00.01 ovsdb-serv+
17168 root      20   0   22564   5996   5248 S   0,0  0,0   0:00.00 tcpdump
17169 root      20   0   22564   6048   5300 S   0,0  0,0   0:00.00 tcpdump
17170 root      20   0   22564   5992   5244 S   0,0  0,0   0:00.00 tcpdump
17171 root      20   0   22564   6136   5388 S   0,0  0,0   0:00.00 tcpdump
17172 root      20   0   22564   6088   5340 S   0,0  0,0   0:00.00 tcpdump
17173 root      20   0   22564   6092   5208 S   0,0  0,0   0:00.00 tcpdump
17174 root      20   0   22564   6192   5308 S   0,0  0,0   0:00.00 tcpdump
17023 root      20   0  985296 118364   8912 S   1,0  0,7   0:00.18 ovs-vswitc+
17093 root      20   0  985304 118368   8912 S   1,0  0,7   0:00.16 ovs-vswitc+
16917 root      10 -10   20924   5052   4300 S   0,0  0,0   0:00.00 ovsdb-serv+
16956 root      10 -10   26456   9860   8912 S   0,0  0,1   0:00.00 ovs-vswitc+
17019 root      20   0   20912   4992   4208 S   0,0  0,0   0:00.01 ovsdb-serv+
17089 root      20   0   20912   4912   4128 S   0,0  0,0   0:00.01 ovsdb-serv+
17168 root      20   0   22564   5996   5248 S   0,0  0,0   0:00.00 tcpdump
17169 root      20   0   22564   6048   5300 S   0,0  0,0   0:00.00 tcpdump
17170 root      20   0   22564   5992   5244 S   0,0  0,0   0:00.00 tcpdump
17171 root      20   0   22564   6136   5388 S   0,0  0,0   0:00.00 tcpdump
17172 root      20   0   22564   6088   5340 S   0,0  0,0   0:00.00 tcpdump
17173 root      20   0   22564   6092   5208 S   0,0  0,0   0:00.00 tcpdump
17174 root      20   0   22564   6192   5308 S   0,0  0,0   0:00.00 tcpdump
16917 root      10 -10   20924   5052   4300 S   0,0  0,0   0:00.00 ovsdb-serv+
16956 root      10 -10   26456   9860   8912 S   0,0  0,1   0:00.00 ovs-vswitc+
17019 root      20   0   20912   4992   4208 S   0,0  0,0   0:00.01 ovsdb-serv+
17023 root      20   0  985296 118364   8912 S   0,0  0,7   0:00.18 ovs-vswitc+
17089 root      20   0   20912   4912   4128 S   0,0  0,0   0:00.01 ovsdb-serv+
17093 root      20   0  985304 118368   8912 S   0,0  0,7   0:00.16 ovs-vswitc+
17168 root      20   0   22564   5996   5248 S   0,0  0,0   0:00.00 tcpdump
17169 root      20   0   22564   6048   5300 S   0,0  0,0   0:00.00 tcpdump
17170 root      20   0   22564   5992   5244 S   0,0  0,0   0:00.00 tcpdump
17171 root      20   0   22564   6136   5388 S   0,0  0,0   0:00.00 tcpdump
17172 root      20   0   22564   6088   5340 S   0,0  0,0   0:00.00 tcpdump
17173 root      20   0   22564   6092   5208 S   0,0  0,0   0:00.00 tcpdump
17174 root      20   0   22564   6192   5308 S   0,0  0,0   0:00.00 tcpdump
17023 root      20   0  985296 118364   8912 S   1,0  0,7   0:00.19 ovs-vswitc+
17093 root      20   0  985304 118368   8912 S   1,0  0,7   0:00.17 ovs-vswitc+
16917 root      10 -10   20924   5052   4300 S   0,0  0,0   0:00.00 ovsdb-serv+
16956 root      10 -10   26456   9860   8912 S   0,0  0,1   0:00.00 ovs-vswitc+
17019 root      20   0   20912   4992   4208 S   0,0  0,0   0:00.01 ovsdb-serv+
17089 root      20   0   20912   4912   4128 S   0,0  0,0   0:00.01 ovsdb-serv+
17168 root      20   0   22564   5996   5248 S   0,0  0,0   0:00.00 tcpdump
17169 root      20   0   22564   6048   5300 S   0,0  0,0   0:00.00 tcpdump
17170 root      20   0   22564   5992   5244 S   0,0  0,0   0:00.00 tcpdump
17171 root      20   0   22564   6136   5388 S   0,0  0,0   0:00.00 tcpdump
17172 root      20   0   22564   6088   5340 S   0,0  0,0   0:00.00 tcpdump
17173 root      20   0   22564   6092   5208 S   0,0  0,0   0:00.00 tcpdump
17174 root      20   0   22564   6192   5308 S   0,0  0,0   0:00.00 tcpdump
16917 root      10 -10   20924   5052   4300 S   0,0  0,0   0:00.00 ovsdb-serv+
16956 root      10 -10   26456   9860   8912 S   0,0  0,1   0:00.00 ovs-vswitc+
17019 root      20   0   20912   4992   4208 S   0,0  0,0   0:00.01 ovsdb-serv+
17023 root      20   0  985296 118364   8912 S   0,0  0,7   0:00.19 ovs-vswitc+
17089 root      20   0   20912   4912   4128 S   0,0  0,0   0:00.01 ovsdb-serv+
17093 root      20   0  985304 118368   8912 S   0,0  0,7   0:00.17 ovs-vswitc+
17168 root      20   0   22564   5996   5248 S   0,0  0,0   0:00.00 tcpdump
17169 root      20   0   22564   6048   5300 S   0,0  0,0   0:00.00 tcpdump
17170 root      20   0   22564   5992   5244 S   0,0  0,0   0:00.00 tcpdump
17171 root      20   0   22564   6136   5388 S   0,0  0,0   0:00.00 tcpdump
17172 root      20   0   22564   6088   5340 S   0,0  0,0   0:00.00 tcpdump
17173 root      20   0   22564   6092   5208 S   0,0  0,0   0:00.00 tcpdump
17174 root      20   0   22564   6192   5308 S   0,0  0,0   0:00.00 tcpdump
17093 root      20   0  985304 118368   8912 S   2,0  0,7   0:00.19 ovs-vswitc+
17023 root      20   0  985296 118364   8912 S   1,0  0,7   0:00.20 ovs-vswitc+
16917 root      10 -10   20924   5052   4300 S   0,0  0,0   0:00.00 ovsdb-serv+
16956 root      10 -10   26456   9860   8912 S   0,0  0,1   0:00.00 ovs-vswitc+
17019 root      20   0   20912   4992   4208 S   0,0  0,0   0:00.01 ovsdb-serv+
17089 root      20   0   20912   4912   4128 S   0,0  0,0   0:00.01 ovsdb-serv+
17168 root      20   0   22564   5996   5248 S   0,0  0,0   0:00.00 tcpdump
17169 root      20   0   22564   6048   5300 S   0,0  0,0   0:00.00 tcpdump
17170 root      20   0   22564   5992   5244 S   0,0  0,0   0:00.00 tcpdump
17171 root      20   0   22564   6136   5388 S   0,0  0,0   0:00.00 tcpdump
17172 root      20   0   22564   6088   5340 S   0,0  0,0   0:00.00 tcpdump
17173 root      20   0   22564   6092   5208 S   0,0  0,0   0:00.00 tcpdump
17174 root      20   0   22564   6192   5308 S   0,0  0,0   0:00.00 tcpdump
17093 root      20   0  985412 118544   8912 S   1,0  0,7   0:00.20 ovs-vswitc+
16917 root      10 -10   20924   5052   4300 S   0,0  0,0   0:00.00 ovsdb-serv+
16956 root      10 -10   26456   9860   8912 S   0,0  0,1   0:00.00 ovs-vswitc+
17019 root      20   0   20912   4992   4208 S   0,0  0,0   0:00.01 ovsdb-serv+
17023 root      20   0  985296 118364   8912 S   0,0  0,7   0:00.20 ovs-vswitc+
17089 root      20   0   20912   4912   4128 S   0,0  0,0   0:00.01 ovsdb-serv+
17168 root      20   0   22564   5996   5248 S   0,0  0,0   0:00.00 tcpdump
17169 root      20   0   22564   6048   5300 S   0,0  0,0   0:00.00 tcpdump
17170 root      20   0   22564   5992   5244 S   0,0  0,0   0:00.00 tcpdump
17171 root      20   0   22564   6136   5388 S   0,0  0,0   0:00.00 tcpdump
17172 root      20   0   22564   6088   5340 S   0,0  0,0   0:00.00 tcpdump
17173 root      20   0   22564   6092   5208 S   0,0  0,0   0:00.00 tcpdump
17174 root      20   0   22564   6192   5308 S   0,0  0,0   0:00.00 tcpdump
17023 root      20   0  985396 118532   8912 S   2,0  0,7   0:00.22 ovs-vswitc+
17093 root      20   0  985412 118544   8912 S   2,0  0,7   0:00.22 ovs-vswitc+
16917 root      10 -10   20924   5052   4300 S   0,0  0,0   0:00.00 ovsdb-serv+
16956 root      10 -10   26456   9860   8912 S   0,0  0,1   0:00.00 ovs-vswitc+
17019 root      20   0   20912   4992   4208 S   0,0  0,0   0:00.01 ovsdb-serv+
17089 root      20   0   20912   4912   4128 S   0,0  0,0   0:00.01 ovsdb-serv+
17168 root      20   0   22564   5996   5248 S   0,0  0,0   0:00.00 tcpdump
17169 root      20   0   22564   6048   5300 S   0,0  0,0   0:00.00 tcpdump
17170 root      20   0   22564   5992   5244 S   0,0  0,0   0:00.00 tcpdump
17171 root      20   0   22564   6136   5388 S   0,0  0,0   0:00.00 tcpdump
17172 root      20   0   22564   6088   5340 S   0,0  0,0   0:00.00 tcpdump
17173 root      20   0   22564   6092   5208 S   0,0  0,0   0:00.00 tcpdump
17174 root      20   0   22564   6192   5308 S   0,0  0,0   0:00.00 tcpdump
17019 root      20   0   20912   4992   4208 S   1,0  0,0   0:00.02 ovsdb-serv+
17023 root      20   0  985396 118532   8912 S   1,0  0,7   0:00.23 ovs-vswitc+
17093 root      20   0  985412 118544   8912 S   1,0  0,7   0:00.23 ovs-vswitc+
16917 root      10 -10   20924   5052   4300 S   0,0  0,0   0:00.00 ovsdb-serv+
16956 root      10 -10   26456   9860   8912 S   0,0  0,1   0:00.00 ovs-vswitc+
17089 root      20   0   20912   4912   4128 S   0,0  0,0   0:00.01 ovsdb-serv+
17168 root      20   0   22564   5996   5248 S   0,0  0,0   0:00.00 tcpdump
17169 root      20   0   22564   6048   5300 S   0,0  0,0   0:00.00 tcpdump
17170 root      20   0   22564   5992   5244 S   0,0  0,0   0:00.00 tcpdump
17171 root      20   0   22564   6136   5388 S   0,0  0,0   0:00.00 tcpdump
17172 root      20   0   22564   6088   5340 S   0,0  0,0   0:00.00 tcpdump
17173 root      20   0   22564   6092   5208 S   0,0  0,0   0:00.00 tcpdump
17174 root      20   0   22564   6192   5308 S   0,0  0,0   0:00.00 tcpdump
17023 root      20   0  985396 118532   8912 S   1,0  0,7   0:00.24 ovs-vswitc+
17093 root      20   0  985412 118544   8912 S   1,0  0,7   0:00.24 ovs-vswitc+
16917 root      10 -10   20924   5052   4300 S   0,0  0,0   0:00.00 ovsdb-serv+
16956 root      10 -10   26456   9860   8912 S   0,0  0,1   0:00.00 ovs-vswitc+
17019 root      20   0   20912   4992   4208 S   0,0  0,0   0:00.02 ovsdb-serv+
17089 root      20   0   20912   4912   4128 S   0,0  0,0   0:00.01 ovsdb-serv+
17168 root      20   0   22564   5996   5248 S   0,0  0,0   0:00.00 tcpdump
17169 root      20   0   22564   6048   5300 S   0,0  0,0   0:00.00 tcpdump
17170 root      20   0   22564   5992   5244 S   0,0  0,0   0:00.00 tcpdump
17171 root      20   0   22564   6136   5388 S   0,0  0,0   0:00.00 tcpdump
17172 root      20   0   22564   6088   5340 S   0,0  0,0   0:00.00 tcpdump
17173 root      20   0   22564   6092   5208 S   0,0  0,0   0:00.00 tcpdump
17174 root      20   0   22564   6192   5308 S   0,0  0,0   0:00.00 tcpdump
17023 root      20   0  985396 118532   8912 S   1,0  0,7   0:00.25 ovs-vswitc+
17093 root      20   0  985412 118544   8912 S   1,0  0,7   0:00.25 ovs-vswitc+
16917 root      10 -10   20924   5052   4300 S   0,0  0,0   0:00.00 ovsdb-serv+
16956 root      10 -10   26456   9860   8912 S   0,0  0,1   0:00.00 ovs-vswitc+
17019 root      20   0   20912   4992   4208 S   0,0  0,0   0:00.02 ovsdb-serv+
17089 root      20   0   20912   4912   4128 S   0,0  0,0   0:00.01 ovsdb-serv+
17168 root      20   0   22564   5996   5248 S   0,0  0,0   0:00.00 tcpdump
17169 root      20   0   22564   6048   5300 S   0,0  0,0   0:00.00 tcpdump
17170 root      20   0   22564   5992   5244 S   0,0  0,0   0:00.00 tcpdump
17171 root      20   0   22564   6136   5388 S   0,0  0,0   0:00.00 tcpdump
17172 root      20   0   22564   6088   5340 S   0,0  0,0   0:00.00 tcpdump
17173 root      20   0   22564   6092   5208 S   0,0  0,0   0:00.00 tcpdump
17174 root      20   0   22564   6192   5308 S   0,0  0,0   0:00.00 tcpdump
17023 root      20   0  985396 118532   8912 S   1,0  0,7   0:00.26 ovs-vswitc+
16917 root      10 -10   20924   5052   4300 S   0,0  0,0   0:00.00 ovsdb-serv+
16956 root      10 -10   26456   9860   8912 S   0,0  0,1   0:00.00 ovs-vswitc+
17019 root      20   0   20912   4992   4208 S   0,0  0,0   0:00.02 ovsdb-serv+
17089 root      20   0   20912   4912   4128 S   0,0  0,0   0:00.01 ovsdb-serv+
17093 root      20   0  985412 118544   8912 S   0,0  0,7   0:00.25 ovs-vswitc+
17168 root      20   0   22564   5996   5248 S   0,0  0,0   0:00.00 tcpdump
17169 root      20   0   22564   6048   5300 S   0,0  0,0   0:00.00 tcpdump
17170 root      20   0   22564   5992   5244 S   0,0  0,0   0:00.00 tcpdump
17171 root      20   0   22564   6136   5388 S   0,0  0,0   0:00.00 tcpdump
17172 root      20   0   22564   6088   5340 S   0,0  0,0   0:00.00 tcpdump
17173 root      20   0   22564   6092   5208 S   0,0  0,0   0:00.00 tcpdump
17174 root      20   0   22564   6192   5308 S   0,0  0,0   0:00.00 tcpdump
17093 root      20   0  985412 118544   8912 S   1,0  0,7   0:00.26 ovs-vswitc+
16917 root      10 -10   20924   5052   4300 S   0,0  0,0   0:00.00 ovsdb-serv+
16956 root      10 -10   26456   9860   8912 S   0,0  0,1   0:00.00 ovs-vswitc+
17019 root      20   0   20912   4992   4208 S   0,0  0,0   0:00.02 ovsdb-serv+
17023 root      20   0  985396 118532   8912 S   0,0  0,7   0:00.26 ovs-vswitc+
17089 root      20   0   20912   4912   4128 S   0,0  0,0   0:00.01 ovsdb-serv+
17168 root      20   0   22564   5996   5248 S   0,0  0,0   0:00.00 tcpdump
17169 root      20   0   22564   6048   5300 S   0,0  0,0   0:00.00 tcpdump
17170 root      20   0   22564   5992   5244 S   0,0  0,0   0:00.00 tcpdump
17171 root      20   0   22564   6136   5388 S   0,0  0,0   0:00.00 tcpdump
17172 root      20   0   22564   6088   5340 S   0,0  0,0   0:00.00 tcpdump
17173 root      20   0   22564   6092   5208 S   0,0  0,0   0:00.00 tcpdump
17174 root      20   0   22564   6192   5308 S   0,0  0,0   0:00.00 tcpdump
17023 root      20   0  985396 118532   8912 S   1,0  0,7   0:00.27 ovs-vswitc+
16917 root      10 -10   20924   5052   4300 S   0,0  0,0   0:00.00 ovsdb-serv+
16956 root      10 -10   26456   9860   8912 S   0,0  0,1   0:00.00 ovs-vswitc+
17019 root      20   0   20912   4992   4208 S   0,0  0,0   0:00.02 ovsdb-serv+
17089 root      20   0   20912   4912   4128 S   0,0  0,0   0:00.01 ovsdb-serv+
17093 root      20   0  985412 118544   8912 S   0,0  0,7   0:00.26 ovs-vswitc+
17168 root      20   0   22564   5996   5248 S   0,0  0,0   0:00.00 tcpdump
17169 root      20   0   22564   6048   5300 S   0,0  0,0   0:00.00 tcpdump
17170 root      20   0   22564   5992   5244 S   0,0  0,0   0:00.00 tcpdump
17171 root      20   0   22564   6136   5388 S   0,0  0,0   0:00.00 tcpdump
17172 root      20   0   22564   6088   5340 S   0,0  0,0   0:00.00 tcpdump
17173 root      20   0   22564   6092   5208 S   0,0  0,0   0:00.00 tcpdump
17174 root      20   0   22564   6192   5308 S   0,0  0,0   0:00.00 tcpdump
17023 root      20   0  985396 118532   8912 S   1,0  0,7   0:00.28 ovs-vswitc+
17093 root      20   0  985412 118544   8912 S   1,0  0,7   0:00.27 ovs-vswitc+
16917 root      10 -10   20924   5052   4300 S   0,0  0,0   0:00.00 ovsdb-serv+
16956 root      10 -10   26456   9860   8912 S   0,0  0,1   0:00.00 ovs-vswitc+
17019 root      20   0   20912   4992   4208 S   0,0  0,0   0:00.02 ovsdb-serv+
17089 root      20   0   20912   4912   4128 S   0,0  0,0   0:00.01 ovsdb-serv+
17168 root      20   0   22564   5996   5248 S   0,0  0,0   0:00.00 tcpdump
17169 root      20   0   22564   6048   5300 S   0,0  0,0   0:00.00 tcpdump
17170 root      20   0   22564   5992   5244 S   0,0  0,0   0:00.00 tcpdump
17171 root      20   0   22564   6136   5388 S   0,0  0,0   0:00.00 tcpdump
17172 root      20   0   22564   6088   5340 S   0,0  0,0   0:00.00 tcpdump
17173 root      20   0   22564   6092   5208 S   0,0  0,0   0:00.00 tcpdump
17174 root      20   0   22564   6192   5308 S   0,0  0,0   0:00.00 tcpdump
17093 root      20   0  985412 118544   8912 S   1,0  0,7   0:00.28 ovs-vswitc+
16917 root      10 -10   20924   5052   4300 S   0,0  0,0   0:00.00 ovsdb-serv+
16956 root      10 -10   26456   9860   8912 S   0,0  0,1   0:00.00 ovs-vswitc+
17019 root      20   0   20912   4992   4208 S   0,0  0,0   0:00.02 ovsdb-serv+
17023 root      20   0  985396 118532   8912 S   0,0  0,7   0:00.28 ovs-vswitc+
17089 root      20   0   20912   4912   4128 S   0,0  0,0   0:00.01 ovsdb-serv+
17168 root      20   0   22564   5996   5248 S   0,0  0,0   0:00.00 tcpdump
17169 root      20   0   22564   6048   5300 S   0,0  0,0   0:00.00 tcpdump
17170 root      20   0   22564   5992   5244 S   0,0  0,0   0:00.00 tcpdump
17171 root      20   0   22564   6136   5388 S   0,0  0,0   0:00.00 tcpdump
17172 root      20   0   22564   6088   5340 S   0,0  0,0   0:00.00 tcpdump
17173 root      20   0   22564   6092   5208 S   0,0  0,0   0:00.00 tcpdump
17174 root      20   0   22564   6192   5308 S   0,0  0,0   0:00.00 tcpdump
17023 root      20   0  985396 118532   8912 S   1,0  0,7   0:00.29 ovs-vswitc+
17093 root      20   0  985412 118544   8912 S   1,0  0,7   0:00.29 ovs-vswitc+
16917 root      10 -10   20924   5052   4300 S   0,0  0,0   0:00.00 ovsdb-serv+
16956 root      10 -10   26456   9860   8912 S   0,0  0,1   0:00.00 ovs-vswitc+
17019 root      20   0   20912   4992   4208 S   0,0  0,0   0:00.02 ovsdb-serv+
17089 root      20   0   20912   4912   4128 S   0,0  0,0   0:00.01 ovsdb-serv+
17168 root      20   0   22564   5996   5248 S   0,0  0,0   0:00.00 tcpdump
17169 root      20   0   22564   6048   5300 S   0,0  0,0   0:00.00 tcpdump
17170 root      20   0   22564   5992   5244 S   0,0  0,0   0:00.00 tcpdump
17171 root      20   0   22564   6136   5388 S   0,0  0,0   0:00.00 tcpdump
17172 root      20   0   22564   6088   5340 S   0,0  0,0   0:00.00 tcpdump
17173 root      20   0   22564   6092   5208 S   0,0  0,0   0:00.00 tcpdump
17174 root      20   0   22564   6192   5308 S   0,0  0,0   0:00.00 tcpdump
17023 root      20   0  985396 118532   8912 S   1,0  0,7   0:00.30 ovs-vswitc+
16917 root      10 -10   20924   5052   4300 S   0,0  0,0   0:00.00 ovsdb-serv+
16956 root      10 -10   26456   9860   8912 S   0,0  0,1   0:00.00 ovs-vswitc+
17019 root      20   0   20912   4992   4208 S   0,0  0,0   0:00.02 ovsdb-serv+
17089 root      20   0   20912   4912   4128 S   0,0  0,0   0:00.01 ovsdb-serv+
17093 root      20   0  985412 118544   8912 S   0,0  0,7   0:00.29 ovs-vswitc+
17168 root      20   0   22564   5996   5248 S   0,0  0,0   0:00.00 tcpdump
17169 root      20   0   22564   6048   5300 S   0,0  0,0   0:00.00 tcpdump
17170 root      20   0   22564   5992   5244 S   0,0  0,0   0:00.00 tcpdump
17171 root      20   0   22564   6136   5388 S   0,0  0,0   0:00.00 tcpdump
17172 root      20   0   22564   6088   5340 S   0,0  0,0   0:00.00 tcpdump
17173 root      20   0   22564   6092   5208 S   0,0  0,0   0:00.00 tcpdump
17174 root      20   0   22564   6192   5308 S   0,0  0,0   0:00.00 tcpdump
17023 root      20   0  985396 118532   8912 S   1,0  0,7   0:00.31 ovs-vswitc+
17093 root      20   0  985412 118544   8912 S   1,0  0,7   0:00.30 ovs-vswitc+
16917 root      10 -10   20924   5052   4300 S   0,0  0,0   0:00.00 ovsdb-serv+
16956 root      10 -10   26456   9860   8912 S   0,0  0,1   0:00.00 ovs-vswitc+
17019 root      20   0   20912   4992   4208 S   0,0  0,0   0:00.02 ovsdb-serv+
17089 root      20   0   20912   4912   4128 S   0,0  0,0   0:00.01 ovsdb-serv+
17168 root      20   0   22564   5996   5248 S   0,0  0,0   0:00.00 tcpdump
17169 root      20   0   22564   6048   5300 S   0,0  0,0   0:00.00 tcpdump
17170 root      20   0   22564   5992   5244 S   0,0  0,0   0:00.00 tcpdump
17171 root      20   0   22564   6136   5388 S   0,0  0,0   0:00.00 tcpdump
17172 root      20   0   22564   6088   5340 S   0,0  0,0   0:00.00 tcpdump
17173 root      20   0   22564   6092   5208 S   0,0  0,0   0:00.00 tcpdump
17174 root      20   0   22564   6192   5308 S   0,0  0,0   0:00.00 tcpdump
17093 root      20   0  985412 118544   8912 S   1,0  0,7   0:00.31 ovs-vswitc+
16917 root      10 -10   20924   5052   4300 S   0,0  0,0   0:00.00 ovsdb-serv+
16956 root      10 -10   26456   9860   8912 S   0,0  0,1   0:00.00 ovs-vswitc+
17019 root      20   0   20912   4992   4208 S   0,0  0,0   0:00.02 ovsdb-serv+
17023 root      20   0  985396 118532   8912 S   0,0  0,7   0:00.31 ovs-vswitc+
17089 root      20   0   20912   4912   4128 S   0,0  0,0   0:00.01 ovsdb-serv+
17168 root      20   0   22564   5996   5248 S   0,0  0,0   0:00.00 tcpdump
17169 root      20   0   22564   6048   5300 S   0,0  0,0   0:00.00 tcpdump
17170 root      20   0   22564   5992   5244 S   0,0  0,0   0:00.00 tcpdump
17171 root      20   0   22564   6136   5388 S   0,0  0,0   0:00.00 tcpdump
17172 root      20   0   22564   6088   5340 S   0,0  0,0   0:00.00 tcpdump
17173 root      20   0   22564   6092   5208 S   0,0  0,0   0:00.00 tcpdump
17174 root      20   0   22564   6192   5308 S   0,0  0,0   0:00.00 tcpdump
17023 root      20   0  985396 118532   8912 S   1,0  0,7   0:00.32 ovs-vswitc+
17093 root      20   0  985412 118544   8912 S   1,0  0,7   0:00.32 ovs-vswitc+
16917 root      10 -10   20924   5052   4300 S   0,0  0,0   0:00.00 ovsdb-serv+
16956 root      10 -10   26456   9860   8912 S   0,0  0,1   0:00.00 ovs-vswitc+
17019 root      20   0   20912   4992   4208 S   0,0  0,0   0:00.02 ovsdb-serv+
17089 root      20   0   20912   4912   4128 S   0,0  0,0   0:00.01 ovsdb-serv+
17168 root      20   0   22564   5996   5248 S   0,0  0,0   0:00.00 tcpdump
17169 root      20   0   22564   6048   5300 S   0,0  0,0   0:00.00 tcpdump
17170 root      20   0   22564   5992   5244 S   0,0  0,0   0:00.00 tcpdump
17171 root      20   0   22564   6136   5388 S   0,0  0,0   0:00.00 tcpdump
17172 root      20   0   22564   6088   5340 S   0,0  0,0   0:00.00 tcpdump
17173 root      20   0   22564   6092   5208 S   0,0  0,0   0:00.00 tcpdump
17174 root      20   0   22564   6192   5308 S   0,0  0,0   0:00.00 tcpdump
17023 root      20   0  985396 118532   8912 S   9,9  0,7   0:00.42 ovs-vswitc+
17093 root      20   0  985412 118544   8912 S   7,9  0,7   0:00.40 ovs-vswitc+
16917 root      10 -10   20924   5052   4300 S   0,0  0,0   0:00.00 ovsdb-serv+
16956 root      10 -10   26456   9860   8912 S   0,0  0,1   0:00.00 ovs-vswitc+
17019 root      20   0   20912   4992   4208 S   0,0  0,0   0:00.02 ovsdb-serv+
17089 root      20   0   20912   4912   4128 S   0,0  0,0   0:00.01 ovsdb-serv+
17168 root      20   0   22564   5996   5248 S   0,0  0,0   0:00.00 tcpdump
17169 root      20   0   22564   6048   5300 S   0,0  0,0   0:00.00 tcpdump
17170 root      20   0   22564   5992   5244 S   0,0  0,0   0:00.00 tcpdump
17171 root      20   0   22564   6136   5388 S   0,0  0,0   0:00.00 tcpdump
17172 root      20   0   22564   6088   5340 S   0,0  0,0   0:00.00 tcpdump
17173 root      20   0   22564   6092   5208 S   0,0  0,0   0:00.00 tcpdump
17174 root      20   0   22564   6192   5308 S   0,0  0,0   0:00.00 tcpdump
17023 root      20   0  985396 121168   8912 S  33,3  0,7   0:00.76 ovs-vswitc+
17093 root      20   0  985412 121180   8912 S  33,3  0,7   0:00.74 ovs-vswitc+
16917 root      10 -10   20924   5052   4300 S   0,0  0,0   0:00.00 ovsdb-serv+
16956 root      10 -10   26456   9860   8912 S   0,0  0,1   0:00.00 ovs-vswitc+
17019 root      20   0   20912   4992   4208 S   0,0  0,0   0:00.02 ovsdb-serv+
17089 root      20   0   20912   4912   4128 S   0,0  0,0   0:00.01 ovsdb-serv+
17168 root      20   0   22564   5996   5248 S   0,0  0,0   0:00.00 tcpdump
17169 root      20   0   22564   6048   5300 S   0,0  0,0   0:00.00 tcpdump
17170 root      20   0   22564   5992   5244 S   0,0  0,0   0:00.00 tcpdump
17171 root      20   0   22564   6136   5388 S   0,0  0,0   0:00.00 tcpdump
17172 root      20   0   22564   6088   5340 S   0,0  0,0   0:00.00 tcpdump
17173 root      20   0   22564   6092   5208 S   0,0  0,0   0:00.00 tcpdump
17174 root      20   0   22564   6192   5308 S   0,0  0,0   0:00.00 tcpdump
17023 root      20   0  986056 124064   8912 R 130,7  0,8   0:02.08 ovs-vswitc+
17093 root      20   0  985412 121708   8912 S  10,9  0,7   0:00.85 ovs-vswitc+
16917 root      10 -10   20924   5052   4300 S   0,0  0,0   0:00.00 ovsdb-serv+
16956 root      10 -10   26456   9860   8912 S   0,0  0,1   0:00.00 ovs-vswitc+
17019 root      20   0   20912   4992   4208 S   0,0  0,0   0:00.02 ovsdb-serv+
17089 root      20   0   20912   4912   4128 S   0,0  0,0   0:00.01 ovsdb-serv+
17168 root      20   0   22564   5996   5248 S   0,0  0,0   0:00.00 tcpdump
17169 root      20   0   22564   6048   5300 S   0,0  0,0   0:00.00 tcpdump
17170 root      20   0   22564   5992   5244 S   0,0  0,0   0:00.00 tcpdump
17171 root      20   0   22564   6136   5388 S   0,0  0,0   0:00.00 tcpdump
17172 root      20   0   22564   6088   5340 S   0,0  0,0   0:00.00 tcpdump
17173 root      20   0   22564   6092   5208 S   0,0  0,0   0:00.00 tcpdump
17174 root      20   0   22564   6192   5308 S   0,0  0,0   0:00.00 tcpdump
17023 root      20   0  986980 128020   8912 R 220,8  0,8   0:04.31 ovs-vswitc+
16917 root      10 -10   20924   5052   4300 S   0,0  0,0   0:00.00 ovsdb-serv+
16956 root      10 -10   26456   9860   8912 S   0,0  0,1   0:00.00 ovs-vswitc+
17019 root      20   0   20912   4992   4208 S   0,0  0,0   0:00.02 ovsdb-serv+
17089 root      20   0   20912   4912   4128 S   0,0  0,0   0:00.01 ovsdb-serv+
17093 root      20   0  985412 121708   8912 S   0,0  0,7   0:00.85 ovs-vswitc+
17168 root      20   0   22564   5996   5248 S   0,0  0,0   0:00.00 tcpdump
17169 root      20   0   22564   6048   5300 S   0,0  0,0   0:00.00 tcpdump
17170 root      20   0   22564   5992   5244 S   0,0  0,0   0:00.00 tcpdump
17171 root      20   0   22564   6136   5388 S   0,0  0,0   0:00.00 tcpdump
17172 root      20   0   22564   6088   5340 S   0,0  0,0   0:00.00 tcpdump
17173 root      20   0   22564   6092   5208 S   0,0  0,0   0:00.00 tcpdump
17174 root      20   0   22564   6192   5308 S   0,0  0,0   0:00.00 tcpdump
17023 root      20   0  987244 128812   8912 S  78,2  0,8   0:05.10 ovs-vswitc+
17093 root      20   0  985412 121708   8912 S   2,0  0,7   0:00.87 ovs-vswitc+
16917 root      10 -10   20924   5052   4300 S   0,0  0,0   0:00.00 ovsdb-serv+
16956 root      10 -10   26456   9860   8912 S   0,0  0,1   0:00.00 ovs-vswitc+
17019 root      20   0   20912   4992   4208 S   0,0  0,0   0:00.02 ovsdb-serv+
17089 root      20   0   20912   4912   4128 S   0,0  0,0   0:00.01 ovsdb-serv+
17168 root      20   0   22564   5996   5248 S   0,0  0,0   0:00.00 tcpdump
17169 root      20   0   22564   6048   5300 S   0,0  0,0   0:00.00 tcpdump
17170 root      20   0   22564   5992   5244 S   0,0  0,0   0:00.00 tcpdump
17171 root      20   0   22564   6136   5388 S   0,0  0,0   0:00.00 tcpdump
17172 root      20   0   22564   6088   5340 S   0,0  0,0   0:00.00 tcpdump
17173 root      20   0   22564   6092   5208 S   0,0  0,0   0:00.00 tcpdump
17174 root      20   0   22564   6192   5308 S   0,0  0,0   0:00.00 tcpdump
17023 root      20   0  987244 128812   8912 S   3,0  0,8   0:05.13 ovs-vswitc+
17093 root      20   0  985412 121708   8912 S   1,0  0,7   0:00.88 ovs-vswitc+
16917 root      10 -10   20924   5052   4300 S   0,0  0,0   0:00.00 ovsdb-serv+
16956 root      10 -10   26456   9860   8912 S   0,0  0,1   0:00.00 ovs-vswitc+
17019 root      20   0   20912   4992   4208 S   0,0  0,0   0:00.02 ovsdb-serv+
17089 root      20   0   20912   4912   4128 S   0,0  0,0   0:00.01 ovsdb-serv+
17168 root      20   0   22564   5996   5248 S   0,0  0,0   0:00.00 tcpdump
17169 root      20   0   22564   6048   5300 S   0,0  0,0   0:00.00 tcpdump
17170 root      20   0   22564   5992   5244 S   0,0  0,0   0:00.00 tcpdump
17171 root      20   0   22564   6136   5388 S   0,0  0,0   0:00.00 tcpdump
17172 root      20   0   22564   6088   5340 S   0,0  0,0   0:00.00 tcpdump
17173 root      20   0   22564   6092   5208 S   0,0  0,0   0:00.00 tcpdump
17174 root      20   0   22564   6192   5308 S   0,0  0,0   0:00.00 tcpdump
17093 root      20   0  985412 121708   8912 S   2,9  0,7   0:00.91 ovs-vswitc+
17023 root      20   0  987244 128812   8912 S   2,0  0,8   0:05.15 ovs-vswitc+
16917 root      10 -10   20924   5052   4300 S   0,0  0,0   0:00.00 ovsdb-serv+
16956 root      10 -10   26456   9860   8912 S   0,0  0,1   0:00.00 ovs-vswitc+
17019 root      20   0   20912   4992   4208 S   0,0  0,0   0:00.02 ovsdb-serv+
17089 root      20   0   20912   4912   4128 S   0,0  0,0   0:00.01 ovsdb-serv+
17168 root      20   0   22564   5996   5248 S   0,0  0,0   0:00.00 tcpdump
17169 root      20   0   22564   6048   5300 S   0,0  0,0   0:00.00 tcpdump
17170 root      20   0   22564   5992   5244 S   0,0  0,0   0:00.00 tcpdump
17171 root      20   0   22564   6136   5388 S   0,0  0,0   0:00.00 tcpdump
17172 root      20   0   22564   6088   5340 S   0,0  0,0   0:00.00 tcpdump
17173 root      20   0   22564   6092   5208 S   0,0  0,0   0:00.00 tcpdump
17174 root      20   0   22564   6192   5308 S   0,0  0,0   0:00.00 tcpdump
17023 root      20   0  987244 128812   8912 S 154,5  0,8   0:06.71 ovs-vswitc+
17093 root      20   0  985412 121708   8912 S   1,0  0,7   0:00.92 ovs-vswitc+
16917 root      10 -10   20924   5052   4300 S   0,0  0,0   0:00.00 ovsdb-serv+
16956 root      10 -10   26456   9860   8912 S   0,0  0,1   0:00.00 ovs-vswitc+
17019 root      20   0   20912   4992   4208 S   0,0  0,0   0:00.02 ovsdb-serv+
17089 root      20   0   20912   4912   4128 S   0,0  0,0   0:00.01 ovsdb-serv+
17168 root      20   0   22564   5996   5248 S   0,0  0,0   0:00.00 tcpdump
17169 root      20   0   22564   6048   5300 S   0,0  0,0   0:00.00 tcpdump
17170 root      20   0   22564   5992   5244 S   0,0  0,0   0:00.00 tcpdump
17171 root      20   0   22564   6136   5388 S   0,0  0,0   0:00.00 tcpdump
17172 root      20   0   22564   6088   5340 S   0,0  0,0   0:00.00 tcpdump
17173 root      20   0   22564   6092   5208 S   0,0  0,0   0:00.00 tcpdump
17174 root      20   0   22564   6192   5308 S   0,0  0,0   0:00.00 tcpdump
17023 root      20   0  987244 129076   8912 S 221,8  0,8   0:08.95 ovs-vswitc+
17093 root      20   0  985412 121708   8912 S   1,0  0,7   0:00.93 ovs-vswitc+
16917 root      10 -10   20924   5052   4300 S   0,0  0,0   0:00.00 ovsdb-serv+
16956 root      10 -10   26456   9860   8912 S   0,0  0,1   0:00.00 ovs-vswitc+
17019 root      20   0   20912   4992   4208 S   0,0  0,0   0:00.02 ovsdb-serv+
17089 root      20   0   20912   4912   4128 S   0,0  0,0   0:00.01 ovsdb-serv+
17168 root      20   0   22564   5996   5248 S   0,0  0,0   0:00.00 tcpdump
17169 root      20   0   22564   6048   5300 S   0,0  0,0   0:00.00 tcpdump
17170 root      20   0   22564   5992   5244 S   0,0  0,0   0:00.00 tcpdump
17171 root      20   0   22564   6136   5388 S   0,0  0,0   0:00.00 tcpdump
17172 root      20   0   22564   6088   5340 S   0,0  0,0   0:00.00 tcpdump
17173 root      20   0   22564   6092   5208 S   0,0  0,0   0:00.00 tcpdump
17174 root      20   0   22564   6192   5308 S   0,0  0,0   0:00.00 tcpdump
17023 root      20   0  987244 129076   8912 S  53,5  0,8   0:09.49 ovs-vswitc+
16917 root      10 -10   20924   5052   4300 S   0,0  0,0   0:00.00 ovsdb-serv+
16956 root      10 -10   26456   9860   8912 S   0,0  0,1   0:00.00 ovs-vswitc+
17019 root      20   0   20912   4992   4208 S   0,0  0,0   0:00.02 ovsdb-serv+
17089 root      20   0   20912   4912   4128 S   0,0  0,0   0:00.01 ovsdb-serv+
17093 root      20   0  985412 121708   8912 S   0,0  0,7   0:00.93 ovs-vswitc+
17168 root      20   0   22564   5996   5248 S   0,0  0,0   0:00.00 tcpdump
17169 root      20   0   22564   6048   5300 S   0,0  0,0   0:00.00 tcpdump
17170 root      20   0   22564   5992   5244 S   0,0  0,0   0:00.00 tcpdump
17171 root      20   0   22564   6136   5388 S   0,0  0,0   0:00.00 tcpdump
17172 root      20   0   22564   6088   5340 S   0,0  0,0   0:00.00 tcpdump
17173 root      20   0   22564   6092   5208 S   0,0  0,0   0:00.00 tcpdump
17174 root      20   0   22564   6192   5308 S   0,0  0,0   0:00.00 tcpdump
17023 root      20   0  987244 129076   8912 S   3,0  0,8   0:09.52 ovs-vswitc+
17093 root      20   0  985412 121708   8912 S   3,0  0,7   0:00.96 ovs-vswitc+
16917 root      10 -10   20924   5052   4300 S   0,0  0,0   0:00.00 ovsdb-serv+
16956 root      10 -10   26456   9860   8912 S   0,0  0,1   0:00.00 ovs-vswitc+
17019 root      20   0   20912   4992   4208 S   0,0  0,0   0:00.02 ovsdb-serv+
17089 root      20   0   20912   4912   4128 S   0,0  0,0   0:00.01 ovsdb-serv+
17168 root      20   0   22564   5996   5248 S   0,0  0,0   0:00.00 tcpdump
17169 root      20   0   22564   6048   5300 S   0,0  0,0   0:00.00 tcpdump
17170 root      20   0   22564   5992   5244 S   0,0  0,0   0:00.00 tcpdump
17171 root      20   0   22564   6136   5388 S   0,0  0,0   0:00.00 tcpdump
17172 root      20   0   22564   6088   5340 S   0,0  0,0   0:00.00 tcpdump
17173 root      20   0   22564   6092   5208 S   0,0  0,0   0:00.00 tcpdump
17174 root      20   0   22564   6192   5308 S   0,0  0,0   0:00.00 tcpdump
17023 root      20   0  987244 129076   8912 S   3,0  0,8   0:09.55 ovs-vswitc+
17093 root      20   0  985412 121708   8912 S   2,0  0,7   0:00.98 ovs-vswitc+
16917 root      10 -10   20924   5052   4300 S   0,0  0,0   0:00.00 ovsdb-serv+
16956 root      10 -10   26456   9860   8912 S   0,0  0,1   0:00.00 ovs-vswitc+
17019 root      20   0   20912   4992   4208 S   0,0  0,0   0:00.02 ovsdb-serv+
17089 root      20   0   20912   4912   4128 S   0,0  0,0   0:00.01 ovsdb-serv+
17168 root      20   0   22564   5996   5248 S   0,0  0,0   0:00.00 tcpdump
17169 root      20   0   22564   6048   5300 S   0,0  0,0   0:00.00 tcpdump
17170 root      20   0   22564   5992   5244 S   0,0  0,0   0:00.00 tcpdump
17171 root      20   0   22564   6136   5388 S   0,0  0,0   0:00.00 tcpdump
17172 root      20   0   22564   6088   5340 S   0,0  0,0   0:00.00 tcpdump
17173 root      20   0   22564   6092   5208 S   0,0  0,0   0:00.00 tcpdump
17174 root      20   0   22564   6192   5308 S   0,0  0,0   0:00.00 tcpdump
17023 root      20   0  987244 129076   8912 S   2,9  0,8   0:09.58 ovs-vswitc+
17093 root      20   0  985412 121708   8912 S   2,0  0,7   0:01.00 ovs-vswitc+
17019 root      20   0   20912   4992   4208 S   1,0  0,0   0:00.03 ovsdb-serv+
16917 root      10 -10   20924   5052   4300 S   0,0  0,0   0:00.00 ovsdb-serv+
16956 root      10 -10   26456   9860   8912 S   0,0  0,1   0:00.00 ovs-vswitc+
17089 root      20   0   20912   4912   4128 S   0,0  0,0   0:00.01 ovsdb-serv+
17168 root      20   0   22564   5996   5248 S   0,0  0,0   0:00.00 tcpdump
17169 root      20   0   22564   6048   5300 S   0,0  0,0   0:00.00 tcpdump
17170 root      20   0   22564   5992   5244 S   0,0  0,0   0:00.00 tcpdump
17171 root      20   0   22564   6136   5388 S   0,0  0,0   0:00.00 tcpdump
17172 root      20   0   22564   6088   5340 S   0,0  0,0   0:00.00 tcpdump
17173 root      20   0   22564   6092   5208 S   0,0  0,0   0:00.00 tcpdump
17174 root      20   0   22564   6192   5308 S   0,0  0,0   0:00.00 tcpdump
17023 root      20   0  987244 129076   8912 S   3,0  0,8   0:09.61 ovs-vswitc+
17093 root      20   0  985412 121708   8912 S   2,0  0,7   0:01.02 ovs-vswitc+
16917 root      10 -10   20924   5052   4300 S   0,0  0,0   0:00.00 ovsdb-serv+
16956 root      10 -10   26456   9860   8912 S   0,0  0,1   0:00.00 ovs-vswitc+
17019 root      20   0   20912   4992   4208 S   0,0  0,0   0:00.03 ovsdb-serv+
17089 root      20   0   20912   4912   4128 S   0,0  0,0   0:00.01 ovsdb-serv+
17168 root      20   0   22564   5996   5248 S   0,0  0,0   0:00.00 tcpdump
17169 root      20   0   22564   6048   5300 S   0,0  0,0   0:00.00 tcpdump
17170 root      20   0   22564   5992   5244 S   0,0  0,0   0:00.00 tcpdump
17171 root      20   0   22564   6136   5388 S   0,0  0,0   0:00.00 tcpdump
17172 root      20   0   22564   6088   5340 S   0,0  0,0   0:00.00 tcpdump
17173 root      20   0   22564   6092   5208 S   0,0  0,0   0:00.00 tcpdump
17174 root      20   0   22564   6192   5308 S   0,0  0,0   0:00.00 tcpdump
17023 root      20   0  987244 129076   8912 S   1,0  0,8   0:09.62 ovs-vswitc+
17093 root      20   0  985412 121708   8912 S   1,0  0,7   0:01.03 ovs-vswitc+
16917 root      10 -10   20924   5052   4300 S   0,0  0,0   0:00.00 ovsdb-serv+
16956 root      10 -10   26456   9860   8912 S   0,0  0,1   0:00.00 ovs-vswitc+
17019 root      20   0   20912   4992   4208 S   0,0  0,0   0:00.03 ovsdb-serv+
17089 root      20   0   20912   4912   4128 S   0,0  0,0   0:00.01 ovsdb-serv+
17168 root      20   0   22564   5996   5248 S   0,0  0,0   0:00.00 tcpdump
17169 root      20   0   22564   6048   5300 S   0,0  0,0   0:00.00 tcpdump
17170 root      20   0   22564   5992   5244 S   0,0  0,0   0:00.00 tcpdump
17171 root      20   0   22564   6136   5388 S   0,0  0,0   0:00.00 tcpdump
17172 root      20   0   22564   6088   5340 S   0,0  0,0   0:00.00 tcpdump
17173 root      20   0   22564   6092   5208 S   0,0  0,0   0:00.00 tcpdump
17174 root      20   0   22564   6192   5308 S   0,0  0,0   0:00.00 tcpdump
17023 root      20   0  987244 129076   8912 S   1,0  0,8   0:09.63 ovs-vswitc+
16917 root      10 -10   20924   5052   4300 S   0,0  0,0   0:00.00 ovsdb-serv+
16956 root      10 -10   26456   9860   8912 S   0,0  0,1   0:00.00 ovs-vswitc+
17019 root      20   0   20912   4992   4208 S   0,0  0,0   0:00.03 ovsdb-serv+
17089 root      20   0   20912   4912   4128 S   0,0  0,0   0:00.01 ovsdb-serv+
17093 root      20   0  985412 121708   8912 S   0,0  0,7   0:01.03 ovs-vswitc+
17168 root      20   0   22564   5996   5248 S   0,0  0,0   0:00.00 tcpdump
17169 root      20   0   22564   6048   5300 S   0,0  0,0   0:00.00 tcpdump
17170 root      20   0   22564   5992   5244 S   0,0  0,0   0:00.00 tcpdump
17171 root      20   0   22564   6136   5388 S   0,0  0,0   0:00.00 tcpdump
17172 root      20   0   22564   6088   5340 S   0,0  0,0   0:00.00 tcpdump
17173 root      20   0   22564   6092   5208 S   0,0  0,0   0:00.00 tcpdump
17174 root      20   0   22564   6192   5308 S   0,0  0,0   0:00.00 tcpdump
17023 root      20   0  987244 129076   8912 S   2,0  0,8   0:09.65 ovs-vswitc+
17093 root      20   0  985412 121708   8912 S   2,0  0,7   0:01.05 ovs-vswitc+
16917 root      10 -10   20924   5052   4300 S   0,0  0,0   0:00.00 ovsdb-serv+
16956 root      10 -10   26456   9860   8912 S   0,0  0,1   0:00.00 ovs-vswitc+
17019 root      20   0   20912   4992   4208 S   0,0  0,0   0:00.03 ovsdb-serv+
17089 root      20   0   20912   4912   4128 S   0,0  0,0   0:00.01 ovsdb-serv+
17168 root      20   0   22564   5996   5248 S   0,0  0,0   0:00.00 tcpdump
17169 root      20   0   22564   6048   5300 S   0,0  0,0   0:00.00 tcpdump
17170 root      20   0   22564   5992   5244 S   0,0  0,0   0:00.00 tcpdump
17171 root      20   0   22564   6136   5388 S   0,0  0,0   0:00.00 tcpdump
17172 root      20   0   22564   6088   5340 S   0,0  0,0   0:00.00 tcpdump
17173 root      20   0   22564   6092   5208 S   0,0  0,0   0:00.00 tcpdump
17174 root      20   0   22564   6192   5308 S   0,0  0,0   0:00.00 tcpdump
17023 root      20   0  987244 129076   8912 S   1,0  0,8   0:09.66 ovs-vswitc+
17089 root      20   0   20912   4912   4128 S   1,0  0,0   0:00.02 ovsdb-serv+
16917 root      10 -10   20924   5052   4300 S   0,0  0,0   0:00.00 ovsdb-serv+
16956 root      10 -10   26456   9860   8912 S   0,0  0,1   0:00.00 ovs-vswitc+
17019 root      20   0   20912   4992   4208 S   0,0  0,0   0:00.03 ovsdb-serv+
17093 root      20   0  985412 121708   8912 S   0,0  0,7   0:01.05 ovs-vswitc+
17168 root      20   0   22564   5996   5248 S   0,0  0,0   0:00.00 tcpdump
17169 root      20   0   22564   6048   5300 S   0,0  0,0   0:00.00 tcpdump
17170 root      20   0   22564   5992   5244 S   0,0  0,0   0:00.00 tcpdump
17171 root      20   0   22564   6136   5388 S   0,0  0,0   0:00.00 tcpdump
17172 root      20   0   22564   6088   5340 S   0,0  0,0   0:00.00 tcpdump
17173 root      20   0   22564   6092   5208 S   0,0  0,0   0:00.00 tcpdump
17174 root      20   0   22564   6192   5308 S   0,0  0,0   0:00.00 tcpdump
17093 root      20   0  985412 121708   8912 S   2,0  0,7   0:01.07 ovs-vswitc+
17023 root      20   0  987244 129076   8912 S   1,0  0,8   0:09.67 ovs-vswitc+
16917 root      10 -10   20924   5052   4300 S   0,0  0,0   0:00.00 ovsdb-serv+
16956 root      10 -10   26456   9860   8912 S   0,0  0,1   0:00.00 ovs-vswitc+
17019 root      20   0   20912   4992   4208 S   0,0  0,0   0:00.03 ovsdb-serv+
17089 root      20   0   20912   4912   4128 S   0,0  0,0   0:00.02 ovsdb-serv+
17168 root      20   0   22564   5996   5248 S   0,0  0,0   0:00.00 tcpdump
17169 root      20   0   22564   6048   5300 S   0,0  0,0   0:00.00 tcpdump
17170 root      20   0   22564   5992   5244 S   0,0  0,0   0:00.00 tcpdump
17171 root      20   0   22564   6136   5388 S   0,0  0,0   0:00.00 tcpdump
17172 root      20   0   22564   6088   5340 S   0,0  0,0   0:00.00 tcpdump
17173 root      20   0   22564   6092   5208 S   0,0  0,0   0:00.00 tcpdump
17174 root      20   0   22564   6192   5308 S   0,0  0,0   0:00.00 tcpdump
17023 root      20   0  987244 129076   8912 S   1,0  0,8   0:09.68 ovs-vswitc+
16917 root      10 -10   20924   5052   4300 S   0,0  0,0   0:00.00 ovsdb-serv+
16956 root      10 -10   26456   9860   8912 S   0,0  0,1   0:00.00 ovs-vswitc+
17019 root      20   0   20912   4992   4208 S   0,0  0,0   0:00.03 ovsdb-serv+
17089 root      20   0   20912   4912   4128 S   0,0  0,0   0:00.02 ovsdb-serv+
17093 root      20   0  985412 121708   8912 S   0,0  0,7   0:01.07 ovs-vswitc+
17168 root      20   0   22564   5996   5248 S   0,0  0,0   0:00.00 tcpdump
17169 root      20   0   22564   6048   5300 S   0,0  0,0   0:00.00 tcpdump
17170 root      20   0   22564   5992   5244 S   0,0  0,0   0:00.00 tcpdump
17171 root      20   0   22564   6136   5388 S   0,0  0,0   0:00.00 tcpdump
17172 root      20   0   22564   6088   5340 S   0,0  0,0   0:00.00 tcpdump
17173 root      20   0   22564   6092   5208 S   0,0  0,0   0:00.00 tcpdump
17174 root      20   0   22564   6192   5308 S   0,0  0,0   0:00.00 tcpdump
17093 root      20   0  985412 121708   8912 S   1,0  0,7   0:01.08 ovs-vswitc+
16917 root      10 -10   20924   5052   4300 S   0,0  0,0   0:00.00 ovsdb-serv+
16956 root      10 -10   26456   9860   8912 S   0,0  0,1   0:00.00 ovs-vswitc+
17019 root      20   0   20912   4992   4208 S   0,0  0,0   0:00.03 ovsdb-serv+
17023 root      20   0  987244 129076   8912 S   0,0  0,8   0:09.68 ovs-vswitc+
17089 root      20   0   20912   4912   4128 S   0,0  0,0   0:00.02 ovsdb-serv+
17168 root      20   0   22564   5996   5248 S   0,0  0,0   0:00.00 tcpdump
17169 root      20   0   22564   6048   5300 S   0,0  0,0   0:00.00 tcpdump
17170 root      20   0   22564   5992   5244 S   0,0  0,0   0:00.00 tcpdump
17171 root      20   0   22564   6136   5388 S   0,0  0,0   0:00.00 tcpdump
17172 root      20   0   22564   6088   5340 S   0,0  0,0   0:00.00 tcpdump
17173 root      20   0   22564   6092   5208 S   0,0  0,0   0:00.00 tcpdump
17174 root      20   0   22564   6192   5308 S   0,0  0,0   0:00.00 tcpdump
17023 root      20   0  987244 129076   8912 S   2,0  0,8   0:09.70 ovs-vswitc+
16917 root      10 -10   20924   5052   4300 S   1,0  0,0   0:00.01 ovsdb-serv+
16956 root      10 -10   26456   9860   8912 S   0,0  0,1   0:00.00 ovs-vswitc+
17019 root      20   0   20912   4992   4208 S   0,0  0,0   0:00.03 ovsdb-serv+
17089 root      20   0   20912   4912   4128 S   0,0  0,0   0:00.02 ovsdb-serv+
17093 root      20   0  985412 121708   8912 S   0,0  0,7   0:01.08 ovs-vswitc+
17168 root      20   0   22564   5996   5248 S   0,0  0,0   0:00.00 tcpdump
17169 root      20   0   22564   6048   5300 S   0,0  0,0   0:00.00 tcpdump
17170 root      20   0   22564   5992   5244 S   0,0  0,0   0:00.00 tcpdump
17171 root      20   0   22564   6136   5388 S   0,0  0,0   0:00.00 tcpdump
17172 root      20   0   22564   6088   5340 S   0,0  0,0   0:00.00 tcpdump
17173 root      20   0   22564   6092   5208 S   0,0  0,0   0:00.00 tcpdump
17174 root      20   0   22564   6192   5308 S   0,0  0,0   0:00.00 tcpdump
17093 root      20   0  985412 121708   8912 S   1,0  0,7   0:01.09 ovs-vswitc+
16917 root      10 -10   20924   5052   4300 S   0,0  0,0   0:00.01 ovsdb-serv+
16956 root      10 -10   26456   9860   8912 S   0,0  0,1   0:00.00 ovs-vswitc+
17019 root      20   0   20912   4992   4208 S   0,0  0,0   0:00.03 ovsdb-serv+
17023 root      20   0  987244 129076   8912 S   0,0  0,8   0:09.70 ovs-vswitc+
17089 root      20   0   20912   4912   4128 S   0,0  0,0   0:00.02 ovsdb-serv+
17168 root      20   0   22564   5996   5248 S   0,0  0,0   0:00.00 tcpdump
17169 root      20   0   22564   6048   5300 S   0,0  0,0   0:00.00 tcpdump
17170 root      20   0   22564   5992   5244 S   0,0  0,0   0:00.00 tcpdump
17171 root      20   0   22564   6136   5388 S   0,0  0,0   0:00.00 tcpdump
17172 root      20   0   22564   6088   5340 S   0,0  0,0   0:00.00 tcpdump
17173 root      20   0   22564   6092   5208 S   0,0  0,0   0:00.00 tcpdump
17174 root      20   0   22564   6192   5308 S   0,0  0,0   0:00.00 tcpdump
17023 root      20   0  987244 129076   8912 S   1,0  0,8   0:09.71 ovs-vswitc+
16917 root      10 -10   20924   5052   4300 S   0,0  0,0   0:00.01 ovsdb-serv+
16956 root      10 -10   26456   9860   8912 S   0,0  0,1   0:00.00 ovs-vswitc+
17019 root      20   0   20912   4992   4208 S   0,0  0,0   0:00.03 ovsdb-serv+
17089 root      20   0   20912   4912   4128 S   0,0  0,0   0:00.02 ovsdb-serv+
17093 root      20   0  985412 121708   8912 S   0,0  0,7   0:01.09 ovs-vswitc+
17168 root      20   0   22564   5996   5248 S   0,0  0,0   0:00.00 tcpdump
17169 root      20   0   22564   6048   5300 S   0,0  0,0   0:00.00 tcpdump
17170 root      20   0   22564   5992   5244 S   0,0  0,0   0:00.00 tcpdump
17171 root      20   0   22564   6136   5388 S   0,0  0,0   0:00.00 tcpdump
17172 root      20   0   22564   6088   5340 S   0,0  0,0   0:00.00 tcpdump
17173 root      20   0   22564   6092   5208 S   0,0  0,0   0:00.00 tcpdump
17174 root      20   0   22564   6192   5308 S   0,0  0,0   0:00.00 tcpdump
17093 root      20   0  985412 121708   8912 S   1,0  0,7   0:01.10 ovs-vswitc+
16917 root      10 -10   20924   5052   4300 S   0,0  0,0   0:00.01 ovsdb-serv+
16956 root      10 -10   26456   9860   8912 S   0,0  0,1   0:00.00 ovs-vswitc+
17019 root      20   0   20912   4992   4208 S   0,0  0,0   0:00.03 ovsdb-serv+
17023 root      20   0  987244 129076   8912 S   0,0  0,8   0:09.71 ovs-vswitc+
17089 root      20   0   20912   4912   4128 S   0,0  0,0   0:00.02 ovsdb-serv+
17168 root      20   0   22564   5996   5248 S   0,0  0,0   0:00.00 tcpdump
17169 root      20   0   22564   6048   5300 S   0,0  0,0   0:00.00 tcpdump
17170 root      20   0   22564   5992   5244 S   0,0  0,0   0:00.00 tcpdump
17171 root      20   0   22564   6136   5388 S   0,0  0,0   0:00.00 tcpdump
17172 root      20   0   22564   6088   5340 S   0,0  0,0   0:00.00 tcpdump
17173 root      20   0   22564   6092   5208 S   0,0  0,0   0:00.00 tcpdump
17174 root      20   0   22564   6192   5308 S   0,0  0,0   0:00.00 tcpdump
17023 root      20   0  987244 129076   8912 S   1,0  0,8   0:09.72 ovs-vswitc+
17093 root      20   0  985412 121708   8912 S   1,0  0,7   0:01.11 ovs-vswitc+
16917 root      10 -10   20924   5052   4300 S   0,0  0,0   0:00.01 ovsdb-serv+
16956 root      10 -10   26456   9860   8912 S   0,0  0,1   0:00.00 ovs-vswitc+
17019 root      20   0   20912   4992   4208 S   0,0  0,0   0:00.03 ovsdb-serv+
17089 root      20   0   20912   4912   4128 S   0,0  0,0   0:00.02 ovsdb-serv+
17168 root      20   0   22564   5996   5248 S   0,0  0,0   0:00.00 tcpdump
17169 root      20   0   22564   6048   5300 S   0,0  0,0   0:00.00 tcpdump
17170 root      20   0   22564   5992   5244 S   0,0  0,0   0:00.00 tcpdump
17171 root      20   0   22564   6136   5388 S   0,0  0,0   0:00.00 tcpdump
17172 root      20   0   22564   6088   5340 S   0,0  0,0   0:00.00 tcpdump
17173 root      20   0   22564   6092   5208 S   0,0  0,0   0:00.00 tcpdump
17174 root      20   0   22564   6192   5308 S   0,0  0,0   0:00.00 tcpdump
17023 root      20   0  987244 129076   8912 S   1,0  0,8   0:09.73 ovs-vswitc+
16917 root      10 -10   20924   5052   4300 S   0,0  0,0   0:00.01 ovsdb-serv+
16956 root      10 -10   26456   9860   8912 S   0,0  0,1   0:00.00 ovs-vswitc+
17019 root      20   0   20912   4992   4208 S   0,0  0,0   0:00.03 ovsdb-serv+
17089 root      20   0   20912   4912   4128 S   0,0  0,0   0:00.02 ovsdb-serv+
17093 root      20   0  985412 121708   8912 S   0,0  0,7   0:01.11 ovs-vswitc+
17168 root      20   0   22564   5996   5248 S   0,0  0,0   0:00.00 tcpdump
17169 root      20   0   22564   6048   5300 S   0,0  0,0   0:00.00 tcpdump
17170 root      20   0   22564   5992   5244 S   0,0  0,0   0:00.00 tcpdump
17171 root      20   0   22564   6136   5388 S   0,0  0,0   0:00.00 tcpdump
17172 root      20   0   22564   6088   5340 S   0,0  0,0   0:00.00 tcpdump
17173 root      20   0   22564   6092   5208 S   0,0  0,0   0:00.00 tcpdump
17174 root      20   0   22564   6192   5308 S   0,0  0,0   0:00.00 tcpdump
17093 root      20   0  985412 121708   8912 S   3,0  0,7   0:01.14 ovs-vswitc+
17023 root      20   0  987244 129076   8912 S   1,0  0,8   0:09.74 ovs-vswitc+
16917 root      10 -10   20924   5052   4300 S   0,0  0,0   0:00.01 ovsdb-serv+
16956 root      10 -10   26456   9860   8912 S   0,0  0,1   0:00.00 ovs-vswitc+
17019 root      20   0   20912   4992   4208 S   0,0  0,0   0:00.03 ovsdb-serv+
17089 root      20   0   20912   4912   4128 S   0,0  0,0   0:00.02 ovsdb-serv+
17168 root      20   0   22564   5996   5248 S   0,0  0,0   0:00.00 tcpdump
17169 root      20   0   22564   6048   5300 S   0,0  0,0   0:00.00 tcpdump
17170 root      20   0   22564   5992   5244 S   0,0  0,0   0:00.00 tcpdump
17171 root      20   0   22564   6136   5388 S   0,0  0,0   0:00.00 tcpdump
17172 root      20   0   22564   6088   5340 S   0,0  0,0   0:00.00 tcpdump
17173 root      20   0   22564   6092   5208 S   0,0  0,0   0:00.00 tcpdump
17174 root      20   0   22564   6192   5308 S   0,0  0,0   0:00.00 tcpdump
17023 root      20   0  987244 129076   8912 S   2,9  0,8   0:09.77 ovs-vswitc+
17093 root      20   0  985412 121708   8912 S   2,0  0,7   0:01.16 ovs-vswitc+
16917 root      10 -10   20924   5052   4300 S   0,0  0,0   0:00.01 ovsdb-serv+
16956 root      10 -10   26456   9860   8912 S   0,0  0,1   0:00.00 ovs-vswitc+
17019 root      20   0   20912   4992   4208 S   0,0  0,0   0:00.03 ovsdb-serv+
17089 root      20   0   20912   4912   4128 S   0,0  0,0   0:00.02 ovsdb-serv+
17168 root      20   0   22564   5996   5248 S   0,0  0,0   0:00.00 tcpdump
17169 root      20   0   22564   6048   5300 S   0,0  0,0   0:00.00 tcpdump
17170 root      20   0   22564   5992   5244 S   0,0  0,0   0:00.00 tcpdump
17171 root      20   0   22564   6136   5388 S   0,0  0,0   0:00.00 tcpdump
17172 root      20   0   22564   6088   5340 S   0,0  0,0   0:00.00 tcpdump
17173 root      20   0   22564   6092   5208 S   0,0  0,0   0:00.00 tcpdump
17174 root      20   0   22564   6192   5308 S   0,0  0,0   0:00.00 tcpdump
17093 root      20   0  985412 121708   8912 S   3,0  0,7   0:01.19 ovs-vswitc+
17023 root      20   0  987244 129076   8912 S   2,0  0,8   0:09.79 ovs-vswitc+
16917 root      10 -10   20924   5052   4300 S   0,0  0,0   0:00.01 ovsdb-serv+
16956 root      10 -10   26456   9860   8912 S   0,0  0,1   0:00.00 ovs-vswitc+
17019 root      20   0   20912   4992   4208 S   0,0  0,0   0:00.03 ovsdb-serv+
17089 root      20   0   20912   4912   4128 S   0,0  0,0   0:00.02 ovsdb-serv+
17168 root      20   0   22564   5996   5248 S   0,0  0,0   0:00.00 tcpdump
17169 root      20   0   22564   6048   5300 S   0,0  0,0   0:00.00 tcpdump
17170 root      20   0   22564   5992   5244 S   0,0  0,0   0:00.00 tcpdump
17171 root      20   0   22564   6136   5388 S   0,0  0,0   0:00.00 tcpdump
17172 root      20   0   22564   6088   5340 S   0,0  0,0   0:00.00 tcpdump
17173 root      20   0   22564   6092   5208 S   0,0  0,0   0:00.00 tcpdump
17174 root      20   0   22564   6192   5308 S   0,0  0,0   0:00.00 tcpdump
17023 root      20   0  987244 129076   8912 S   3,0  0,8   0:09.82 ovs-vswitc+
17093 root      20   0  985412 121708   8912 S   2,0  0,7   0:01.21 ovs-vswitc+
16917 root      10 -10   20924   5052   4300 S   0,0  0,0   0:00.01 ovsdb-serv+
16956 root      10 -10   26456   9860   8912 S   0,0  0,1   0:00.00 ovs-vswitc+
17019 root      20   0   20912   4992   4208 S   0,0  0,0   0:00.03 ovsdb-serv+
17089 root      20   0   20912   4912   4128 S   0,0  0,0   0:00.02 ovsdb-serv+
17168 root      20   0   22564   5996   5248 S   0,0  0,0   0:00.00 tcpdump
17169 root      20   0   22564   6048   5300 S   0,0  0,0   0:00.00 tcpdump
17170 root      20   0   22564   5992   5244 S   0,0  0,0   0:00.00 tcpdump
17171 root      20   0   22564   6136   5388 S   0,0  0,0   0:00.00 tcpdump
17172 root      20   0   22564   6088   5340 S   0,0  0,0   0:00.00 tcpdump
17173 root      20   0   22564   6092   5208 S   0,0  0,0   0:00.00 tcpdump
17174 root      20   0   22564   6192   5308 S   0,0  0,0   0:00.00 tcpdump
17023 root      20   0  987244 129076   8912 S   2,0  0,8   0:09.84 ovs-vswitc+
17093 root      20   0  985412 121708   8912 S   1,0  0,7   0:01.22 ovs-vswitc+
16917 root      10 -10   20924   5052   4300 S   0,0  0,0   0:00.01 ovsdb-serv+
16956 root      10 -10   26456   9860   8912 S   0,0  0,1   0:00.00 ovs-vswitc+
17019 root      20   0   20912   4992   4208 S   0,0  0,0   0:00.03 ovsdb-serv+
17089 root      20   0   20912   4912   4128 S   0,0  0,0   0:00.02 ovsdb-serv+
17168 root      20   0   22564   5996   5248 S   0,0  0,0   0:00.00 tcpdump
17169 root      20   0   22564   6048   5300 S   0,0  0,0   0:00.00 tcpdump
17170 root      20   0   22564   5992   5244 S   0,0  0,0   0:00.00 tcpdump
17171 root      20   0   22564   6136   5388 S   0,0  0,0   0:00.00 tcpdump
17172 root      20   0   22564   6088   5340 S   0,0  0,0   0:00.00 tcpdump
17173 root      20   0   22564   6092   5208 S   0,0  0,0   0:00.00 tcpdump
17174 root      20   0   22564   6192   5308 S   0,0  0,0   0:00.00 tcpdump
17093 root      20   0  985412 121708   8912 S   2,0  0,7   0:01.24 ovs-vswitc+
17023 root      20   0  987244 129076   8912 S   1,0  0,8   0:09.85 ovs-vswitc+
16917 root      10 -10   20924   5052   4300 S   0,0  0,0   0:00.01 ovsdb-serv+
16956 root      10 -10   26456   9860   8912 S   0,0  0,1   0:00.00 ovs-vswitc+
17019 root      20   0   20912   4992   4208 S   0,0  0,0   0:00.03 ovsdb-serv+
17089 root      20   0   20912   4912   4128 S   0,0  0,0   0:00.02 ovsdb-serv+
17168 root      20   0   22564   5996   5248 S   0,0  0,0   0:00.00 tcpdump
17169 root      20   0   22564   6048   5300 S   0,0  0,0   0:00.00 tcpdump
17170 root      20   0   22564   5992   5244 S   0,0  0,0   0:00.00 tcpdump
17171 root      20   0   22564   6136   5388 S   0,0  0,0   0:00.00 tcpdump
17172 root      20   0   22564   6088   5340 S   0,0  0,0   0:00.00 tcpdump
17173 root      20   0   22564   6092   5208 S   0,0  0,0   0:00.00 tcpdump
17174 root      20   0   22564   6192   5308 S   0,0  0,0   0:00.00 tcpdump
17023 root      20   0  987244 129076   8912 S   2,0  0,8   0:09.87 ovs-vswitc+
16917 root      10 -10   20924   5052   4300 S   0,0  0,0   0:00.01 ovsdb-serv+
16956 root      10 -10   26456   9860   8912 S   0,0  0,1   0:00.00 ovs-vswitc+
17019 root      20   0   20912   4992   4208 S   0,0  0,0   0:00.03 ovsdb-serv+
17089 root      20   0   20912   4912   4128 S   0,0  0,0   0:00.02 ovsdb-serv+
17093 root      20   0  985412 121708   8912 S   0,0  0,7   0:01.24 ovs-vswitc+
17168 root      20   0   22564   5996   5248 S   0,0  0,0   0:00.00 tcpdump
17169 root      20   0   22564   6048   5300 S   0,0  0,0   0:00.00 tcpdump
17170 root      20   0   22564   5992   5244 S   0,0  0,0   0:00.00 tcpdump
17171 root      20   0   22564   6136   5388 S   0,0  0,0   0:00.00 tcpdump
17172 root      20   0   22564   6088   5340 S   0,0  0,0   0:00.00 tcpdump
17173 root      20   0   22564   6092   5208 S   0,0  0,0   0:00.00 tcpdump
17174 root      20   0   22564   6192   5308 S   0,0  0,0   0:00.00 tcpdump
17093 root      20   0  985412 121708   8912 S   2,0  0,7   0:01.26 ovs-vswitc+
17023 root      20   0  987244 129076   8912 S   1,0  0,8   0:09.88 ovs-vswitc+
16917 root      10 -10   20924   5052   4300 S   0,0  0,0   0:00.01 ovsdb-serv+
16956 root      10 -10   26456   9860   8912 S   0,0  0,1   0:00.00 ovs-vswitc+
17019 root      20   0   20912   4992   4208 S   0,0  0,0   0:00.03 ovsdb-serv+
17089 root      20   0   20912   4912   4128 S   0,0  0,0   0:00.02 ovsdb-serv+
17168 root      20   0   22564   5996   5248 S   0,0  0,0   0:00.00 tcpdump
17169 root      20   0   22564   6048   5300 S   0,0  0,0   0:00.00 tcpdump
17170 root      20   0   22564   5992   5244 S   0,0  0,0   0:00.00 tcpdump
17171 root      20   0   22564   6136   5388 S   0,0  0,0   0:00.00 tcpdump
17172 root      20   0   22564   6088   5340 S   0,0  0,0   0:00.00 tcpdump
17173 root      20   0   22564   6092   5208 S   0,0  0,0   0:00.00 tcpdump
17174 root      20   0   22564   6192   5308 S   0,0  0,0   0:00.00 tcpdump
17023 root      20   0  987244 129076   8912 S   2,0  0,8   0:09.90 ovs-vswitc+
17093 root      20   0  985412 121708   8912 S   1,0  0,7   0:01.27 ovs-vswitc+
16917 root      10 -10   20924   5052   4300 S   0,0  0,0   0:00.01 ovsdb-serv+
16956 root      10 -10   26456   9860   8912 S   0,0  0,1   0:00.00 ovs-vswitc+
17019 root      20   0   20912   4992   4208 S   0,0  0,0   0:00.03 ovsdb-serv+
17089 root      20   0   20912   4912   4128 S   0,0  0,0   0:00.02 ovsdb-serv+
17168 root      20   0   22564   5996   5248 S   0,0  0,0   0:00.00 tcpdump
17169 root      20   0   22564   6048   5300 S   0,0  0,0   0:00.00 tcpdump
17170 root      20   0   22564   5992   5244 S   0,0  0,0   0:00.00 tcpdump
17171 root      20   0   22564   6136   5388 S   0,0  0,0   0:00.00 tcpdump
17172 root      20   0   22564   6088   5340 S   0,0  0,0   0:00.00 tcpdump
17173 root      20   0   22564   6092   5208 S   0,0  0,0   0:00.00 tcpdump
17174 root      20   0   22564   6192   5308 S   0,0  0,0   0:00.00 tcpdump
17093 root      20   0  985412 121708   8912 S   1,0  0,7   0:01.28 ovs-vswitc+
16917 root      10 -10   20924   5052   4300 S   0,0  0,0   0:00.01 ovsdb-serv+
16956 root      10 -10   26456   9860   8912 S   0,0  0,1   0:00.00 ovs-vswitc+
17019 root      20   0   20912   4992   4208 S   0,0  0,0   0:00.03 ovsdb-serv+
17023 root      20   0  987244 129076   8912 S   0,0  0,8   0:09.90 ovs-vswitc+
17089 root      20   0   20912   4912   4128 S   0,0  0,0   0:00.02 ovsdb-serv+
17168 root      20   0   22564   5996   5248 S   0,0  0,0   0:00.00 tcpdump
17169 root      20   0   22564   6048   5300 S   0,0  0,0   0:00.00 tcpdump
17170 root      20   0   22564   5992   5244 S   0,0  0,0   0:00.00 tcpdump
17171 root      20   0   22564   6136   5388 S   0,0  0,0   0:00.00 tcpdump
17172 root      20   0   22564   6088   5340 S   0,0  0,0   0:00.00 tcpdump
17173 root      20   0   22564   6092   5208 S   0,0  0,0   0:00.00 tcpdump
17174 root      20   0   22564   6192   5308 S   0,0  0,0   0:00.00 tcpdump
17023 root      20   0  987244 129076   8912 S   1,0  0,8   0:09.91 ovs-vswitc+
17093 root      20   0  985412 121708   8912 S   1,0  0,7   0:01.29 ovs-vswitc+
16917 root      10 -10   20924   5052   4300 S   0,0  0,0   0:00.01 ovsdb-serv+
16956 root      10 -10   26456   9860   8912 S   0,0  0,1   0:00.00 ovs-vswitc+
17019 root      20   0   20912   4992   4208 S   0,0  0,0   0:00.03 ovsdb-serv+
17089 root      20   0   20912   4912   4128 S   0,0  0,0   0:00.02 ovsdb-serv+
17168 root      20   0   22564   5996   5248 S   0,0  0,0   0:00.00 tcpdump
17169 root      20   0   22564   6048   5300 S   0,0  0,0   0:00.00 tcpdump
17170 root      20   0   22564   5992   5244 S   0,0  0,0   0:00.00 tcpdump
17171 root      20   0   22564   6136   5388 S   0,0  0,0   0:00.00 tcpdump
17172 root      20   0   22564   6088   5340 S   0,0  0,0   0:00.00 tcpdump
17173 root      20   0   22564   6092   5208 S   0,0  0,0   0:00.00 tcpdump
17174 root      20   0   22564   6192   5308 S   0,0  0,0   0:00.00 tcpdump
17023 root      20   0  987244 129076   8912 S   2,0  0,8   0:09.93 ovs-vswitc+
17093 root      20   0  985412 121708   8912 S   1,0  0,7   0:01.30 ovs-vswitc+
16917 root      10 -10   20924   5052   4300 S   0,0  0,0   0:00.01 ovsdb-serv+
16956 root      10 -10   26456   9860   8912 S   0,0  0,1   0:00.00 ovs-vswitc+
17019 root      20   0   20912   4992   4208 S   0,0  0,0   0:00.03 ovsdb-serv+
17089 root      20   0   20912   4912   4128 S   0,0  0,0   0:00.02 ovsdb-serv+
17168 root      20   0   22564   5996   5248 S   0,0  0,0   0:00.00 tcpdump
17169 root      20   0   22564   6048   5300 S   0,0  0,0   0:00.00 tcpdump
17170 root      20   0   22564   5992   5244 S   0,0  0,0   0:00.00 tcpdump
17171 root      20   0   22564   6136   5388 S   0,0  0,0   0:00.00 tcpdump
17172 root      20   0   22564   6088   5340 S   0,0  0,0   0:00.00 tcpdump
17173 root      20   0   22564   6092   5208 S   0,0  0,0   0:00.00 tcpdump
17174 root      20   0   22564   6192   5308 S   0,0  0,0   0:00.00 tcpdump
17023 root      20   0  987244 129076   8912 S   1,0  0,8   0:09.94 ovs-vswitc+
16917 root      10 -10   20924   5052   4300 S   0,0  0,0   0:00.01 ovsdb-serv+
16956 root      10 -10   26456   9860   8912 S   0,0  0,1   0:00.00 ovs-vswitc+
17019 root      20   0   20912   4992   4208 S   0,0  0,0   0:00.03 ovsdb-serv+
17089 root      20   0   20912   4912   4128 S   0,0  0,0   0:00.02 ovsdb-serv+
17093 root      20   0  985412 121708   8912 S   0,0  0,7   0:01.30 ovs-vswitc+
17168 root      20   0   22564   5996   5248 S   0,0  0,0   0:00.00 tcpdump
17169 root      20   0   22564   6048   5300 S   0,0  0,0   0:00.00 tcpdump
17170 root      20   0   22564   5992   5244 S   0,0  0,0   0:00.00 tcpdump
17171 root      20   0   22564   6136   5388 S   0,0  0,0   0:00.00 tcpdump
17172 root      20   0   22564   6088   5340 S   0,0  0,0   0:00.00 tcpdump
17173 root      20   0   22564   6092   5208 S   0,0  0,0   0:00.00 tcpdump
17174 root      20   0   22564   6192   5308 S   0,0  0,0   0:00.00 tcpdump
17093 root      20   0  985412 121708   8912 S   2,0  0,7   0:01.32 ovs-vswitc+
17023 root      20   0  987244 129076   8912 S   1,0  0,8   0:09.95 ovs-vswitc+
16917 root      10 -10   20924   5052   4300 S   0,0  0,0   0:00.01 ovsdb-serv+
16956 root      10 -10   26456   9860   8912 S   0,0  0,1   0:00.00 ovs-vswitc+
17019 root      20   0   20912   4992   4208 S   0,0  0,0   0:00.03 ovsdb-serv+
17089 root      20   0   20912   4912   4128 S   0,0  0,0   0:00.02 ovsdb-serv+
17168 root      20   0   22564   5996   5248 S   0,0  0,0   0:00.00 tcpdump
17169 root      20   0   22564   6048   5300 S   0,0  0,0   0:00.00 tcpdump
17170 root      20   0   22564   5992   5244 S   0,0  0,0   0:00.00 tcpdump
17171 root      20   0   22564   6136   5388 S   0,0  0,0   0:00.00 tcpdump
17172 root      20   0   22564   6088   5340 S   0,0  0,0   0:00.00 tcpdump
17173 root      20   0   22564   6092   5208 S   0,0  0,0   0:00.00 tcpdump
17174 root      20   0   22564   6192   5308 S   0,0  0,0   0:00.00 tcpdump
17023 root      20   0  987244 129076   8912 S   3,0  0,8   0:09.98 ovs-vswitc+
16917 root      10 -10   20924   5052   4300 S   0,0  0,0   0:00.01 ovsdb-serv+
16956 root      10 -10   26456   9860   8912 S   0,0  0,1   0:00.00 ovs-vswitc+
17019 root      20   0   20912   4992   4208 S   0,0  0,0   0:00.03 ovsdb-serv+
17089 root      20   0   20912   4912   4128 S   0,0  0,0   0:00.02 ovsdb-serv+
17093 root      20   0  985412 121708   8912 S   0,0  0,7   0:01.32 ovs-vswitc+
17168 root      20   0   22564   5996   5248 S   0,0  0,0   0:00.00 tcpdump
17169 root      20   0   22564   6048   5300 S   0,0  0,0   0:00.00 tcpdump
17170 root      20   0   22564   5992   5244 S   0,0  0,0   0:00.00 tcpdump
17171 root      20   0   22564   6136   5388 S   0,0  0,0   0:00.00 tcpdump
17172 root      20   0   22564   6088   5340 S   0,0  0,0   0:00.00 tcpdump
17173 root      20   0   22564   6092   5208 S   0,0  0,0   0:00.00 tcpdump
17174 root      20   0   22564   6192   5308 S   0,0  0,0   0:00.00 tcpdump
17093 root      20   0  985412 121708   8912 S   2,0  0,7   0:01.34 ovs-vswitc+
17023 root      20   0  987244 129076   8912 S   1,0  0,8   0:09.99 ovs-vswitc+
16917 root      10 -10   20924   5052   4300 S   0,0  0,0   0:00.01 ovsdb-serv+
16956 root      10 -10   26456   9860   8912 S   0,0  0,1   0:00.00 ovs-vswitc+
17019 root      20   0   20912   4992   4208 S   0,0  0,0   0:00.03 ovsdb-serv+
17089 root      20   0   20912   4912   4128 S   0,0  0,0   0:00.02 ovsdb-serv+
17168 root      20   0   22564   5996   5248 S   0,0  0,0   0:00.00 tcpdump
17169 root      20   0   22564   6048   5300 S   0,0  0,0   0:00.00 tcpdump
17170 root      20   0   22564   5992   5244 S   0,0  0,0   0:00.00 tcpdump
17171 root      20   0   22564   6136   5388 S   0,0  0,0   0:00.00 tcpdump
17172 root      20   0   22564   6088   5340 S   0,0  0,0   0:00.00 tcpdump
17173 root      20   0   22564   6092   5208 S   0,0  0,0   0:00.00 tcpdump
17174 root      20   0   22564   6192   5308 S   0,0  0,0   0:00.00 tcpdump
17023 root      20   0  987244 129076   8912 S   1,0  0,8   0:10.00 ovs-vswitc+
17093 root      20   0  985412 121708   8912 S   1,0  0,7   0:01.35 ovs-vswitc+
16917 root      10 -10   20924   5052   4300 S   0,0  0,0   0:00.01 ovsdb-serv+
16956 root      10 -10   26456   9860   8912 S   0,0  0,1   0:00.00 ovs-vswitc+
17019 root      20   0   20912   4992   4208 S   0,0  0,0   0:00.03 ovsdb-serv+
17089 root      20   0   20912   4912   4128 S   0,0  0,0   0:00.02 ovsdb-serv+
17168 root      20   0   22564   5996   5248 S   0,0  0,0   0:00.00 tcpdump
17169 root      20   0   22564   6048   5300 S   0,0  0,0   0:00.00 tcpdump
17170 root      20   0   22564   5992   5244 S   0,0  0,0   0:00.00 tcpdump
17171 root      20   0   22564   6136   5388 S   0,0  0,0   0:00.00 tcpdump
17172 root      20   0   22564   6088   5340 S   0,0  0,0   0:00.00 tcpdump
17173 root      20   0   22564   6092   5208 S   0,0  0,0   0:00.00 tcpdump
17174 root      20   0   22564   6192   5308 S   0,0  0,0   0:00.00 tcpdump
17023 root      20   0  987244 129076   8912 S   1,0  0,8   0:10.01 ovs-vswitc+
16917 root      10 -10   20924   5052   4300 S   0,0  0,0   0:00.01 ovsdb-serv+
16956 root      10 -10   26456   9860   8912 S   0,0  0,1   0:00.00 ovs-vswitc+
17019 root      20   0   20912   4992   4208 S   0,0  0,0   0:00.03 ovsdb-serv+
17089 root      20   0   20912   4912   4128 S   0,0  0,0   0:00.02 ovsdb-serv+
17093 root      20   0  985412 121708   8912 S   0,0  0,7   0:01.35 ovs-vswitc+
17168 root      20   0   22564   5996   5248 S   0,0  0,0   0:00.00 tcpdump
17169 root      20   0   22564   6048   5300 S   0,0  0,0   0:00.00 tcpdump
17170 root      20   0   22564   5992   5244 S   0,0  0,0   0:00.00 tcpdump
17171 root      20   0   22564   6136   5388 S   0,0  0,0   0:00.00 tcpdump
17172 root      20   0   22564   6088   5340 S   0,0  0,0   0:00.00 tcpdump
17173 root      20   0   22564   6092   5208 S   0,0  0,0   0:00.00 tcpdump
17174 root      20   0   22564   6192   5308 S   0,0  0,0   0:00.00 tcpdump
17023 root      20   0  987244 129076   8912 S   1,0  0,8   0:10.02 ovs-vswitc+
17093 root      20   0  985412 121708   8912 S   1,0  0,7   0:01.36 ovs-vswitc+
16917 root      10 -10   20924   5052   4300 S   0,0  0,0   0:00.01 ovsdb-serv+
16956 root      10 -10   26456   9860   8912 S   0,0  0,1   0:00.00 ovs-vswitc+
17019 root      20   0   20912   4992   4208 S   0,0  0,0   0:00.03 ovsdb-serv+
17089 root      20   0   20912   4912   4128 S   0,0  0,0   0:00.02 ovsdb-serv+
17168 root      20   0   22564   5996   5248 S   0,0  0,0   0:00.00 tcpdump
17169 root      20   0   22564   6048   5300 S   0,0  0,0   0:00.00 tcpdump
17170 root      20   0   22564   5992   5244 S   0,0  0,0   0:00.00 tcpdump
17171 root      20   0   22564   6136   5388 S   0,0  0,0   0:00.00 tcpdump
17172 root      20   0   22564   6088   5340 S   0,0  0,0   0:00.00 tcpdump
17173 root      20   0   22564   6092   5208 S   0,0  0,0   0:00.00 tcpdump
17174 root      20   0   22564   6192   5308 S   0,0  0,0   0:00.00 tcpdump
17093 root      20   0  985412 121708   8912 S   1,0  0,7   0:01.37 ovs-vswitc+
16917 root      10 -10   20924   5052   4300 S   0,0  0,0   0:00.01 ovsdb-serv+
16956 root      10 -10   26456   9860   8912 S   0,0  0,1   0:00.00 ovs-vswitc+
17019 root      20   0   20912   4992   4208 S   0,0  0,0   0:00.03 ovsdb-serv+
17023 root      20   0  987244 129076   8912 S   0,0  0,8   0:10.02 ovs-vswitc+
17089 root      20   0   20912   4912   4128 S   0,0  0,0   0:00.02 ovsdb-serv+
17168 root      20   0   22564   5996   5248 S   0,0  0,0   0:00.00 tcpdump
17169 root      20   0   22564   6048   5300 S   0,0  0,0   0:00.00 tcpdump
17170 root      20   0   22564   5992   5244 S   0,0  0,0   0:00.00 tcpdump
17171 root      20   0   22564   6136   5388 S   0,0  0,0   0:00.00 tcpdump
17172 root      20   0   22564   6088   5340 S   0,0  0,0   0:00.00 tcpdump
17173 root      20   0   22564   6092   5208 S   0,0  0,0   0:00.00 tcpdump
17174 root      20   0   22564   6192   5308 S   0,0  0,0   0:00.00 tcpdump
17023 root      20   0  987244 129076   8912 S   1,0  0,8   0:10.03 ovs-vswitc+
17093 root      20   0  985412 121708   8912 S   1,0  0,7   0:01.38 ovs-vswitc+
16917 root      10 -10   20924   5052   4300 S   0,0  0,0   0:00.01 ovsdb-serv+
16956 root      10 -10   26456   9860   8912 S   0,0  0,1   0:00.00 ovs-vswitc+
17019 root      20   0   20912   4992   4208 S   0,0  0,0   0:00.03 ovsdb-serv+
17089 root      20   0   20912   4912   4128 S   0,0  0,0   0:00.02 ovsdb-serv+
17168 root      20   0   22564   5996   5248 S   0,0  0,0   0:00.00 tcpdump
17169 root      20   0   22564   6048   5300 S   0,0  0,0   0:00.00 tcpdump
17170 root      20   0   22564   5992   5244 S   0,0  0,0   0:00.00 tcpdump
17171 root      20   0   22564   6136   5388 S   0,0  0,0   0:00.00 tcpdump
17172 root      20   0   22564   6088   5340 S   0,0  0,0   0:00.00 tcpdump
17173 root      20   0   22564   6092   5208 S   0,0  0,0   0:00.00 tcpdump
17174 root      20   0   22564   6192   5308 S   0,0  0,0   0:00.00 tcpdump
17023 root      20   0  987244 129076   8912 S   2,0  0,8   0:10.05 ovs-vswitc+
17093 root      20   0  985412 121708   8912 S   1,0  0,7   0:01.39 ovs-vswitc+
16917 root      10 -10   20924   5052   4300 S   0,0  0,0   0:00.01 ovsdb-serv+
16956 root      10 -10   26456   9860   8912 S   0,0  0,1   0:00.00 ovs-vswitc+
17019 root      20   0   20912   4992   4208 S   0,0  0,0   0:00.03 ovsdb-serv+
17089 root      20   0   20912   4912   4128 S   0,0  0,0   0:00.02 ovsdb-serv+
17168 root      20   0   22564   5996   5248 S   0,0  0,0   0:00.00 tcpdump
17169 root      20   0   22564   6048   5300 S   0,0  0,0   0:00.00 tcpdump
17170 root      20   0   22564   5992   5244 S   0,0  0,0   0:00.00 tcpdump
17171 root      20   0   22564   6136   5388 S   0,0  0,0   0:00.00 tcpdump
17172 root      20   0   22564   6088   5340 S   0,0  0,0   0:00.00 tcpdump
17173 root      20   0   22564   6092   5208 S   0,0  0,0   0:00.00 tcpdump
17174 root      20   0   22564   6192   5308 S   0,0  0,0   0:00.00 tcpdump
17093 root      20   0  985412 121708   8912 S   1,0  0,7   0:01.40 ovs-vswitc+
16917 root      10 -10   20924   5052   4300 S   0,0  0,0   0:00.01 ovsdb-serv+
16956 root      10 -10   26456   9860   8912 S   0,0  0,1   0:00.00 ovs-vswitc+
17019 root      20   0   20912   4992   4208 S   0,0  0,0   0:00.03 ovsdb-serv+
17023 root      20   0  987244 129076   8912 S   0,0  0,8   0:10.05 ovs-vswitc+
17089 root      20   0   20912   4912   4128 S   0,0  0,0   0:00.02 ovsdb-serv+
17168 root      20   0   22564   5996   5248 S   0,0  0,0   0:00.00 tcpdump
17169 root      20   0   22564   6048   5300 S   0,0  0,0   0:00.00 tcpdump
17170 root      20   0   22564   5992   5244 S   0,0  0,0   0:00.00 tcpdump
17171 root      20   0   22564   6136   5388 S   0,0  0,0   0:00.00 tcpdump
17172 root      20   0   22564   6088   5340 S   0,0  0,0   0:00.00 tcpdump
1717