17869 root      20   0  985304 118368   8912 S  13,3  0,7   0:00.16 ovs-vswitc+
17940 root      20   0  985304 118364   8912 S   6,7  0,7   0:00.11 ovs-vswitc+
17793 root      10 -10   20924   5052   4304 S   0,0  0,0   0:00.00 ovsdb-serv+
17832 root      10 -10   26456   9860   8912 S   0,0  0,1   0:00.00 ovs-vswitc+
17865 root      20   0   20912   5004   4224 S   0,0  0,0   0:00.01 ovsdb-serv+
17936 root      20   0   20912   5096   4312 S   0,0  0,0   0:00.01 ovsdb-serv+
18017 root      20   0   22564   6036   5284 S   0,0  0,0   0:00.00 tcpdump
18018 root      20   0   22564   6096   5348 S   0,0  0,0   0:00.00 tcpdump
18019 root      20   0   22564   6048   5300 S   0,0  0,0   0:00.00 tcpdump
18020 root      20   0   22564   6160   5408 S   0,0  0,0   0:00.00 tcpdump
18021 root      20   0   22564   6092   5340 S   0,0  0,0   0:00.00 tcpdump
18022 root      20   0   22564   6208   5320 S   0,0  0,0   0:00.00 tcpdump
18023 root      20   0   22564   6108   5224 S   0,0  0,0   0:00.00 tcpdump
17793 root      10 -10   20924   5052   4304 S   0,0  0,0   0:00.00 ovsdb-serv+
17832 root      10 -10   26456   9860   8912 S   0,0  0,1   0:00.00 ovs-vswitc+
17865 root      20   0   20912   5004   4224 S   0,0  0,0   0:00.01 ovsdb-serv+
17869 root      20   0  985304 118368   8912 S   0,0  0,7   0:00.16 ovs-vswitc+
17936 root      20   0   20912   5096   4312 S   0,0  0,0   0:00.01 ovsdb-serv+
17940 root      20   0  985304 118364   8912 S   0,0  0,7   0:00.11 ovs-vswitc+
18017 root      20   0   22564   6036   5284 S   0,0  0,0   0:00.00 tcpdump
18018 root      20   0   22564   6096   5348 S   0,0  0,0   0:00.00 tcpdump
18019 root      20   0   22564   6048   5300 S   0,0  0,0   0:00.00 tcpdump
18020 root      20   0   22564   6160   5408 S   0,0  0,0   0:00.00 tcpdump
18021 root      20   0   22564   6092   5340 S   0,0  0,0   0:00.00 tcpdump
18022 root      20   0   22564   6208   5320 S   0,0  0,0   0:00.00 tcpdump
18023 root      20   0   22564   6108   5224 S   0,0  0,0   0:00.00 tcpdump
17940 root      20   0  985304 118364   8912 S   1,0  0,7   0:00.12 ovs-vswitc+
17793 root      10 -10   20924   5052   4304 S   0,0  0,0   0:00.00 ovsdb-serv+
17832 root      10 -10   26456   9860   8912 S   0,0  0,1   0:00.00 ovs-vswitc+
17865 root      20   0   20912   5004   4224 S   0,0  0,0   0:00.01 ovsdb-serv+
17869 root      20   0  985304 118368   8912 S   0,0  0,7   0:00.16 ovs-vswitc+
17936 root      20   0   20912   5096   4312 S   0,0  0,0   0:00.01 ovsdb-serv+
18017 root      20   0   22564   6036   5284 S   0,0  0,0   0:00.00 tcpdump
18018 root      20   0   22564   6096   5348 S   0,0  0,0   0:00.00 tcpdump
18019 root      20   0   22564   6048   5300 S   0,0  0,0   0:00.00 tcpdump
18020 root      20   0   22564   6160   5408 S   0,0  0,0   0:00.00 tcpdump
18021 root      20   0   22564   6092   5340 S   0,0  0,0   0:00.00 tcpdump
18022 root      20   0   22564   6208   5320 S   0,0  0,0   0:00.00 tcpdump
18023 root      20   0   22564   6108   5224 S   0,0  0,0   0:00.00 tcpdump
17869 root      20   0  985304 118368   8912 S   1,0  0,7   0:00.17 ovs-vswitc+
17940 root      20   0  985304 118364   8912 S   1,0  0,7   0:00.13 ovs-vswitc+
17793 root      10 -10   20924   5052   4304 S   0,0  0,0   0:00.00 ovsdb-serv+
17832 root      10 -10   26456   9860   8912 S   0,0  0,1   0:00.00 ovs-vswitc+
17865 root      20   0   20912   5004   4224 S   0,0  0,0   0:00.01 ovsdb-serv+
17936 root      20   0   20912   5096   4312 S   0,0  0,0   0:00.01 ovsdb-serv+
18017 root      20   0   22564   6036   5284 S   0,0  0,0   0:00.00 tcpdump
18018 root      20   0   22564   6096   5348 S   0,0  0,0   0:00.00 tcpdump
18019 root      20   0   22564   6048   5300 S   0,0  0,0   0:00.00 tcpdump
18020 root      20   0   22564   6160   5408 S   0,0  0,0   0:00.00 tcpdump
18021 root      20   0   22564   6092   5340 S   0,0  0,0   0:00.00 tcpdump
18022 root      20   0   22564   6208   5320 S   0,0  0,0   0:00.00 tcpdump
18023 root      20   0   22564   6108   5224 S   0,0  0,0   0:00.00 tcpdump
17793 root      10 -10   20924   5052   4304 S   0,0  0,0   0:00.00 ovsdb-serv+
17832 root      10 -10   26456   9860   8912 S   0,0  0,1   0:00.00 ovs-vswitc+
17865 root      20   0   20912   5004   4224 S   0,0  0,0   0:00.01 ovsdb-serv+
17869 root      20   0  985304 118368   8912 S   0,0  0,7   0:00.17 ovs-vswitc+
17936 root      20   0   20912   5096   4312 S   0,0  0,0   0:00.01 ovsdb-serv+
17940 root      20   0  985304 118364   8912 S   0,0  0,7   0:00.13 ovs-vswitc+
18017 root      20   0   22564   6036   5284 S   0,0  0,0   0:00.00 tcpdump
18018 root      20   0   22564   6096   5348 S   0,0  0,0   0:00.00 tcpdump
18019 root      20   0   22564   6048   5300 S   0,0  0,0   0:00.00 tcpdump
18020 root      20   0   22564   6160   5408 S   0,0  0,0   0:00.00 tcpdump
18021 root      20   0   22564   6092   5340 S   0,0  0,0   0:00.00 tcpdump
18022 root      20   0   22564   6208   5320 S   0,0  0,0   0:00.00 tcpdump
18023 root      20   0   22564   6108   5224 S   0,0  0,0   0:00.00 tcpdump
17869 root      20   0  985304 118368   8912 S   1,0  0,7   0:00.18 ovs-vswitc+
17940 root      20   0  985304 118364   8912 S   1,0  0,7   0:00.14 ovs-vswitc+
17793 root      10 -10   20924   5052   4304 S   0,0  0,0   0:00.00 ovsdb-serv+
17832 root      10 -10   26456   9860   8912 S   0,0  0,1   0:00.00 ovs-vswitc+
17865 root      20   0   20912   5004   4224 S   0,0  0,0   0:00.01 ovsdb-serv+
17936 root      20   0   20912   5096   4312 S   0,0  0,0   0:00.01 ovsdb-serv+
18017 root      20   0   22564   6036   5284 S   0,0  0,0   0:00.00 tcpdump
18018 root      20   0   22564   6096   5348 S   0,0  0,0   0:00.00 tcpdump
18019 root      20   0   22564   6048   5300 S   0,0  0,0   0:00.00 tcpdump
18020 root      20   0   22564   6160   5408 S   0,0  0,0   0:00.00 tcpdump
18021 root      20   0   22564   6092   5340 S   0,0  0,0   0:00.00 tcpdump
18022 root      20   0   22564   6208   5320 S   0,0  0,0   0:00.00 tcpdump
18023 root      20   0   22564   6108   5224 S   0,0  0,0   0:00.00 tcpdump
17940 root      20   0  985304 118364   8912 S   1,0  0,7   0:00.15 ovs-vswitc+
17793 root      10 -10   20924   5052   4304 S   0,0  0,0   0:00.00 ovsdb-serv+
17832 root      10 -10   26456   9860   8912 S   0,0  0,1   0:00.00 ovs-vswitc+
17865 root      20   0   20912   5004   4224 S   0,0  0,0   0:00.01 ovsdb-serv+
17869 root      20   0  985304 118368   8912 S   0,0  0,7   0:00.18 ovs-vswitc+
17936 root      20   0   20912   5096   4312 S   0,0  0,0   0:00.01 ovsdb-serv+
18017 root      20   0   22564   6036   5284 S   0,0  0,0   0:00.00 tcpdump
18018 root      20   0   22564   6096   5348 S   0,0  0,0   0:00.00 tcpdump
18019 root      20   0   22564   6048   5300 S   0,0  0,0   0:00.00 tcpdump
18020 root      20   0   22564   6160   5408 S   0,0  0,0   0:00.00 tcpdump
18021 root      20   0   22564   6092   5340 S   0,0  0,0   0:00.00 tcpdump
18022 root      20   0   22564   6208   5320 S   0,0  0,0   0:00.00 tcpdump
18023 root      20   0   22564   6108   5224 S   0,0  0,0   0:00.00 tcpdump
17869 root      20   0  985304 118368   8912 S   1,0  0,7   0:00.19 ovs-vswitc+
17940 root      20   0  985304 118364   8912 S   1,0  0,7   0:00.16 ovs-vswitc+
17793 root      10 -10   20924   5052   4304 S   0,0  0,0   0:00.00 ovsdb-serv+
17832 root      10 -10   26456   9860   8912 S   0,0  0,1   0:00.00 ovs-vswitc+
17865 root      20   0   20912   5004   4224 S   0,0  0,0   0:00.01 ovsdb-serv+
17936 root      20   0   20912   5096   4312 S   0,0  0,0   0:00.01 ovsdb-serv+
18017 root      20   0   22564   6036   5284 S   0,0  0,0   0:00.00 tcpdump
18018 root      20   0   22564   6096   5348 S   0,0  0,0   0:00.00 tcpdump
18019 root      20   0   22564   6048   5300 S   0,0  0,0   0:00.00 tcpdump
18020 root      20   0   22564   6160   5408 S   0,0  0,0   0:00.00 tcpdump
18021 root      20   0   22564   6092   5340 S   0,0  0,0   0:00.00 tcpdump
18022 root      20   0   22564   6208   5320 S   0,0  0,0   0:00.00 tcpdump
18023 root      20   0   22564   6108   5224 S   0,0  0,0   0:00.00 tcpdump
17940 root      20   0  985420 118544   8912 S   3,0  0,7   0:00.19 ovs-vswitc+
17793 root      10 -10   20924   5052   4304 S   0,0  0,0   0:00.00 ovsdb-serv+
17832 root      10 -10   26456   9860   8912 S   0,0  0,1   0:00.00 ovs-vswitc+
17865 root      20   0   20912   5004   4224 S   0,0  0,0   0:00.01 ovsdb-serv+
17869 root      20   0  985304 118368   8912 S   0,0  0,7   0:00.19 ovs-vswitc+
17936 root      20   0   20912   5096   4312 S   0,0  0,0   0:00.01 ovsdb-serv+
18017 root      20   0   22564   6036   5284 S   0,0  0,0   0:00.00 tcpdump
18018 root      20   0   22564   6096   5348 S   0,0  0,0   0:00.00 tcpdump
18019 root      20   0   22564   6048   5300 S   0,0  0,0   0:00.00 tcpdump
18020 root      20   0   22564   6160   5408 S   0,0  0,0   0:00.00 tcpdump
18021 root      20   0   22564   6092   5340 S   0,0  0,0   0:00.00 tcpdump
18022 root      20   0   22564   6208   5320 S   0,0  0,0   0:00.00 tcpdump
18023 root      20   0   22564   6108   5224 S   0,0  0,0   0:00.00 tcpdump
17869 root      20   0  985400 118532   8912 S   2,9  0,7   0:00.22 ovs-vswitc+
17940 root      20   0  985420 118544   8912 S   1,9  0,7   0:00.21 ovs-vswitc+
17793 root      10 -10   20924   5052   4304 S   0,0  0,0   0:00.00 ovsdb-serv+
17832 root      10 -10   26456   9860   8912 S   0,0  0,1   0:00.00 ovs-vswitc+
17865 root      20   0   20912   5004   4224 S   0,0  0,0   0:00.01 ovsdb-serv+
17936 root      20   0   20912   5096   4312 S   0,0  0,0   0:00.01 ovsdb-serv+
18017 root      20   0   22564   6036   5284 S   0,0  0,0   0:00.00 tcpdump
18018 root      20   0   22564   6096   5348 S   0,0  0,0   0:00.00 tcpdump
18019 root      20   0   22564   6048   5300 S   0,0  0,0   0:00.00 tcpdump
18020 root      20   0   22564   6160   5408 S   0,0  0,0   0:00.00 tcpdump
18021 root      20   0   22564   6092   5340 S   0,0  0,0   0:00.00 tcpdump
18022 root      20   0   22564   6208   5320 S   0,0  0,0   0:00.00 tcpdump
18023 root      20   0   22564   6108   5224 S   0,0  0,0   0:00.00 tcpdump
17865 root      20   0   20912   5004   4224 S   1,0  0,0   0:00.02 ovsdb-serv+
17869 root      20   0  985400 118532   8912 S   1,0  0,7   0:00.23 ovs-vswitc+
17940 root      20   0  985420 118544   8912 S   1,0  0,7   0:00.22 ovs-vswitc+
17793 root      10 -10   20924   5052   4304 S   0,0  0,0   0:00.00 ovsdb-serv+
17832 root      10 -10   26456   9860   8912 S   0,0  0,1   0:00.00 ovs-vswitc+
17936 root      20   0   20912   5096   4312 S   0,0  0,0   0:00.01 ovsdb-serv+
18017 root      20   0   22564   6036   5284 S   0,0  0,0   0:00.00 tcpdump
18018 root      20   0   22564   6096   5348 S   0,0  0,0   0:00.00 tcpdump
18019 root      20   0   22564   6048   5300 S   0,0  0,0   0:00.00 tcpdump
18020 root      20   0   22564   6160   5408 S   0,0  0,0   0:00.00 tcpdump
18021 root      20   0   22564   6092   5340 S   0,0  0,0   0:00.00 tcpdump
18022 root      20   0   22564   6208   5320 S   0,0  0,0   0:00.00 tcpdump
18023 root      20   0   22564   6108   5224 S   0,0  0,0   0:00.00 tcpdump
17869 root      20   0  985400 118532   8912 S   1,0  0,7   0:00.24 ovs-vswitc+
17793 root      10 -10   20924   5052   4304 S   0,0  0,0   0:00.00 ovsdb-serv+
17832 root      10 -10   26456   9860   8912 S   0,0  0,1   0:00.00 ovs-vswitc+
17865 root      20   0   20912   5004   4224 S   0,0  0,0   0:00.02 ovsdb-serv+
17936 root      20   0   20912   5096   4312 S   0,0  0,0   0:00.01 ovsdb-serv+
17940 root      20   0  985420 118544   8912 S   0,0  0,7   0:00.22 ovs-vswitc+
18017 root      20   0   22564   6036   5284 S   0,0  0,0   0:00.00 tcpdump
18018 root      20   0   22564   6096   5348 S   0,0  0,0   0:00.00 tcpdump
18019 root      20   0   22564   6048   5300 S   0,0  0,0   0:00.00 tcpdump
18020 root      20   0   22564   6160   5408 S   0,0  0,0   0:00.00 tcpdump
18021 root      20   0   22564   6092   5340 S   0,0  0,0   0:00.00 tcpdump
18022 root      20   0   22564   6208   5320 S   0,0  0,0   0:00.00 tcpdump
18023 root      20   0   22564   6108   5224 S   0,0  0,0   0:00.00 tcpdump
17793 root      10 -10   20924   5052   4304 S   0,0  0,0   0:00.00 ovsdb-serv+
17832 root      10 -10   26456   9860   8912 S   0,0  0,1   0:00.00 ovs-vswitc+
17865 root      20   0   20912   5004   4224 S   0,0  0,0   0:00.02 ovsdb-serv+
17869 root      20   0  985400 118532   8912 S   0,0  0,7   0:00.24 ovs-vswitc+
17936 root      20   0   20912   5096   4312 S   0,0  0,0   0:00.01 ovsdb-serv+
17940 root      20   0  985420 118544   8912 S   0,0  0,7   0:00.22 ovs-vswitc+
18017 root      20   0   22564   6036   5284 S   0,0  0,0   0:00.00 tcpdump
18018 root      20   0   22564   6096   5348 S   0,0  0,0   0:00.00 tcpdump
18019 root      20   0   22564   6048   5300 S   0,0  0,0   0:00.00 tcpdump
18020 root      20   0   22564   6160   5408 S   0,0  0,0   0:00.00 tcpdump
18021 root      20   0   22564   6092   5340 S   0,0  0,0   0:00.00 tcpdump
18022 root      20   0   22564   6208   5320 S   0,0  0,0   0:00.00 tcpdump
18023 root      20   0   22564   6108   5224 S   0,0  0,0   0:00.00 tcpdump
17869 root      20   0  985400 118532   8912 S   2,0  0,7   0:00.26 ovs-vswitc+
17940 root      20   0  985420 118544   8912 S   2,0  0,7   0:00.24 ovs-vswitc+
17793 root      10 -10   20924   5052   4304 S   0,0  0,0   0:00.00 ovsdb-serv+
17832 root      10 -10   26456   9860   8912 S   0,0  0,1   0:00.00 ovs-vswitc+
17865 root      20   0   20912   5004   4224 S   0,0  0,0   0:00.02 ovsdb-serv+
17936 root      20   0   20912   5096   4312 S   0,0  0,0   0:00.01 ovsdb-serv+
18017 root      20   0   22564   6036   5284 S   0,0  0,0   0:00.00 tcpdump
18018 root      20   0   22564   6096   5348 S   0,0  0,0   0:00.00 tcpdump
18019 root      20   0   22564   6048   5300 S   0,0  0,0   0:00.00 tcpdump
18020 root      20   0   22564   6160   5408 S   0,0  0,0   0:00.00 tcpdump
18021 root      20   0   22564   6092   5340 S   0,0  0,0   0:00.00 tcpdump
18022 root      20   0   22564   6208   5320 S   0,0  0,0   0:00.00 tcpdump
18023 root      20   0   22564   6108   5224 S   0,0  0,0   0:00.00 tcpdump
17793 root      10 -10   20924   5052   4304 S   0,0  0,0   0:00.00 ovsdb-serv+
17832 root      10 -10   26456   9860   8912 S   0,0  0,1   0:00.00 ovs-vswitc+
17865 root      20   0   20912   5004   4224 S   0,0  0,0   0:00.02 ovsdb-serv+
17869 root      20   0  985400 118532   8912 S   0,0  0,7   0:00.26 ovs-vswitc+
17936 root      20   0   20912   5096   4312 S   0,0  0,0   0:00.01 ovsdb-serv+
17940 root      20   0  985420 118544   8912 S   0,0  0,7   0:00.24 ovs-vswitc+
18017 root      20   0   22564   6036   5284 S   0,0  0,0   0:00.00 tcpdump
18018 root      20   0   22564   6096   5348 S   0,0  0,0   0:00.00 tcpdump
18019 root      20   0   22564   6048   5300 S   0,0  0,0   0:00.00 tcpdump
18020 root      20   0   22564   6160   5408 S   0,0  0,0   0:00.00 tcpdump
18021 root      20   0   22564   6092   5340 S   0,0  0,0   0:00.00 tcpdump
18022 root      20   0   22564   6208   5320 S   0,0  0,0   0:00.00 tcpdump
18023 root      20   0   22564   6108   5224 S   0,0  0,0   0:00.00 tcpdump
17869 root      20   0  985400 118532   8912 S   1,0  0,7   0:00.27 ovs-vswitc+
17940 root      20   0  985420 118544   8912 S   1,0  0,7   0:00.25 ovs-vswitc+
17793 root      10 -10   20924   5052   4304 S   0,0  0,0   0:00.00 ovsdb-serv+
17832 root      10 -10   26456   9860   8912 S   0,0  0,1   0:00.00 ovs-vswitc+
17865 root      20   0   20912   5004   4224 S   0,0  0,0   0:00.02 ovsdb-serv+
17936 root      20   0   20912   5096   4312 S   0,0  0,0   0:00.01 ovsdb-serv+
18017 root      20   0   22564   6036   5284 S   0,0  0,0   0:00.00 tcpdump
18018 root      20   0   22564   6096   5348 S   0,0  0,0   0:00.00 tcpdump
18019 root      20   0   22564   6048   5300 S   0,0  0,0   0:00.00 tcpdump
18020 root      20   0   22564   6160   5408 S   0,0  0,0   0:00.00 tcpdump
18021 root      20   0   22564   6092   5340 S   0,0  0,0   0:00.00 tcpdump
18022 root      20   0   22564   6208   5320 S   0,0  0,0   0:00.00 tcpdump
18023 root      20   0   22564   6108   5224 S   0,0  0,0   0:00.00 tcpdump
17869 root      20   0  985400 118532   8912 S   1,0  0,7   0:00.28 ovs-vswitc+
17940 root      20   0  985420 118544   8912 S   1,0  0,7   0:00.26 ovs-vswitc+
17793 root      10 -10   20924   5052   4304 S   0,0  0,0   0:00.00 ovsdb-serv+
17832 root      10 -10   26456   9860   8912 S   0,0  0,1   0:00.00 ovs-vswitc+
17865 root      20   0   20912   5004   4224 S   0,0  0,0   0:00.02 ovsdb-serv+
17936 root      20   0   20912   5096   4312 S   0,0  0,0   0:00.01 ovsdb-serv+
18017 root      20   0   22564   6036   5284 S   0,0  0,0   0:00.00 tcpdump
18018 root      20   0   22564   6096   5348 S   0,0  0,0   0:00.00 tcpdump
18019 root      20   0   22564   6048   5300 S   0,0  0,0   0:00.00 tcpdump
18020 root      20   0   22564   6160   5408 S   0,0  0,0   0:00.00 tcpdump
18021 root      20   0   22564   6092   5340 S   0,0  0,0   0:00.00 tcpdump
18022 root      20   0   22564   6208   5320 S   0,0  0,0   0:00.00 tcpdump
18023 root      20   0   22564   6108   5224 S   0,0  0,0   0:00.00 tcpdump
17940 root      20   0  985420 118544   8912 S   1,0  0,7   0:00.27 ovs-vswitc+
17793 root      10 -10   20924   5052   4304 S   0,0  0,0   0:00.00 ovsdb-serv+
17832 root      10 -10   26456   9860   8912 S   0,0  0,1   0:00.00 ovs-vswitc+
17865 root      20   0   20912   5004   4224 S   0,0  0,0   0:00.02 ovsdb-serv+
17869 root      20   0  985400 118532   8912 S   0,0  0,7   0:00.28 ovs-vswitc+
17936 root      20   0   20912   5096   4312 S   0,0  0,0   0:00.01 ovsdb-serv+
18017 root      20   0   22564   6036   5284 S   0,0  0,0   0:00.00 tcpdump
18018 root      20   0   22564   6096   5348 S   0,0  0,0   0:00.00 tcpdump
18019 root      20   0   22564   6048   5300 S   0,0  0,0   0:00.00 tcpdump
18020 root      20   0   22564   6160   5408 S   0,0  0,0   0:00.00 tcpdump
18021 root      20   0   22564   6092   5340 S   0,0  0,0   0:00.00 tcpdump
18022 root      20   0   22564   6208   5320 S   0,0  0,0   0:00.00 tcpdump
18023 root      20   0   22564   6108   5224 S   0,0  0,0   0:00.00 tcpdump
17869 root      20   0  985400 118532   8912 S   1,0  0,7   0:00.29 ovs-vswitc+
17793 root      10 -10   20924   5052   4304 S   0,0  0,0   0:00.00 ovsdb-serv+
17832 root      10 -10   26456   9860   8912 S   0,0  0,1   0:00.00 ovs-vswitc+
17865 root      20   0   20912   5004   4224 S   0,0  0,0   0:00.02 ovsdb-serv+
17936 root      20   0   20912   5096   4312 S   0,0  0,0   0:00.01 ovsdb-serv+
17940 root      20   0  985420 118544   8912 S   0,0  0,7   0:00.27 ovs-vswitc+
18017 root      20   0   22564   6036   5284 S   0,0  0,0   0:00.00 tcpdump
18018 root      20   0   22564   6096   5348 S   0,0  0,0   0:00.00 tcpdump
18019 root      20   0   22564   6048   5300 S   0,0  0,0   0:00.00 tcpdump
18020 root      20   0   22564   6160   5408 S   0,0  0,0   0:00.00 tcpdump
18021 root      20   0   22564   6092   5340 S   0,0  0,0   0:00.00 tcpdump
18022 root      20   0   22564   6208   5320 S   0,0  0,0   0:00.00 tcpdump
18023 root      20   0   22564   6108   5224 S   0,0  0,0   0:00.00 tcpdump
17940 root      20   0  985420 118544   8912 S   1,0  0,7   0:00.28 ovs-vswitc+
17793 root      10 -10   20924   5052   4304 S   0,0  0,0   0:00.00 ovsdb-serv+
17832 root      10 -10   26456   9860   8912 S   0,0  0,1   0:00.00 ovs-vswitc+
17865 root      20   0   20912   5004   4224 S   0,0  0,0   0:00.02 ovsdb-serv+
17869 root      20   0  985400 118532   8912 S   0,0  0,7   0:00.29 ovs-vswitc+
17936 root      20   0   20912   5096   4312 S   0,0  0,0   0:00.01 ovsdb-serv+
18017 root      20   0   22564   6036   5284 S   0,0  0,0   0:00.00 tcpdump
18018 root      20   0   22564   6096   5348 S   0,0  0,0   0:00.00 tcpdump
18019 root      20   0   22564   6048   5300 S   0,0  0,0   0:00.00 tcpdump
18020 root      20   0   22564   6160   5408 S   0,0  0,0   0:00.00 tcpdump
18021 root      20   0   22564   6092   5340 S   0,0  0,0   0:00.00 tcpdump
18022 root      20   0   22564   6208   5320 S   0,0  0,0   0:00.00 tcpdump
18023 root      20   0   22564   6108   5224 S   0,0  0,0   0:00.00 tcpdump
17869 root      20   0  985400 118532   8912 S   2,0  0,7   0:00.31 ovs-vswitc+
17940 root      20   0  985420 118544   8912 S   2,0  0,7   0:00.30 ovs-vswitc+
17793 root      10 -10   20924   5052   4304 S   0,0  0,0   0:00.00 ovsdb-serv+
17832 root      10 -10   26456   9860   8912 S   0,0  0,1   0:00.00 ovs-vswitc+
17865 root      20   0   20912   5004   4224 S   0,0  0,0   0:00.02 ovsdb-serv+
17936 root      20   0   20912   5096   4312 S   0,0  0,0   0:00.01 ovsdb-serv+
18017 root      20   0   22564   6036   5284 S   0,0  0,0   0:00.00 tcpdump
18018 root      20   0   22564   6096   5348 S   0,0  0,0   0:00.00 tcpdump
18019 root      20   0   22564   6048   5300 S   0,0  0,0   0:00.00 tcpdump
18020 root      20   0   22564   6160   5408 S   0,0  0,0   0:00.00 tcpdump
18021 root      20   0   22564   6092   5340 S   0,0  0,0   0:00.00 tcpdump
18022 root      20   0   22564   6208   5320 S   0,0  0,0   0:00.00 tcpdump
18023 root      20   0   22564   6108   5224 S   0,0  0,0   0:00.00 tcpdump
17793 root      10 -10   20924   5052   4304 S   0,0  0,0   0:00.00 ovsdb-serv+
17832 root      10 -10   26456   9860   8912 S   0,0  0,1   0:00.00 ovs-vswitc+
17865 root      20   0   20912   5004   4224 S   0,0  0,0   0:00.02 ovsdb-serv+
17869 root      20   0  985400 118532   8912 S   0,0  0,7   0:00.31 ovs-vswitc+
17936 root      20   0   20912   5096   4312 S   0,0  0,0   0:00.01 ovsdb-serv+
17940 root      20   0  985420 118544   8912 S   0,0  0,7   0:00.30 ovs-vswitc+
18017 root      20   0   22564   6036   5284 S   0,0  0,0   0:00.00 tcpdump
18018 root      20   0   22564   6096   5348 S   0,0  0,0   0:00.00 tcpdump
18019 root      20   0   22564   6048   5300 S   0,0  0,0   0:00.00 tcpdump
18020 root      20   0   22564   6160   5408 S   0,0  0,0   0:00.00 tcpdump
18021 root      20   0   22564   6092   5340 S   0,0  0,0   0:00.00 tcpdump
18022 root      20   0   22564   6208   5320 S   0,0  0,0   0:00.00 tcpdump
18023 root      20   0   22564   6108   5224 S   0,0  0,0   0:00.00 tcpdump
17869 root      20   0  985400 118532   8912 S   1,0  0,7   0:00.32 ovs-vswitc+
17793 root      10 -10   20924   5052   4304 S   0,0  0,0   0:00.00 ovsdb-serv+
17832 root      10 -10   26456   9860   8912 S   0,0  0,1   0:00.00 ovs-vswitc+
17865 root      20   0   20912   5004   4224 S   0,0  0,0   0:00.02 ovsdb-serv+
17936 root      20   0   20912   5096   4312 S   0,0  0,0   0:00.01 ovsdb-serv+
17940 root      20   0  985420 118544   8912 S   0,0  0,7   0:00.30 ovs-vswitc+
18017 root      20   0   22564   6036   5284 S   0,0  0,0   0:00.00 tcpdump
18018 root      20   0   22564   6096   5348 S   0,0  0,0   0:00.00 tcpdump
18019 root      20   0   22564   6048   5300 S   0,0  0,0   0:00.00 tcpdump
18020 root      20   0   22564   6160   5408 S   0,0  0,0   0:00.00 tcpdump
18021 root      20   0   22564   6092   5340 S   0,0  0,0   0:00.00 tcpdump
18022 root      20   0   22564   6208   5320 S   0,0  0,0   0:00.00 tcpdump
18023 root      20   0   22564   6108   5224 S   0,0  0,0   0:00.00 tcpdump
17869 root      20   0  985400 118792   8912 S   4,9  0,7   0:00.37 ovs-vswitc+
17940 root      20   0  985420 118804   8912 S   4,9  0,7   0:00.35 ovs-vswitc+
17793 root      10 -10   20924   5052   4304 S   0,0  0,0   0:00.00 ovsdb-serv+
17832 root      10 -10   26456   9860   8912 S   0,0  0,1   0:00.00 ovs-vswitc+
17865 root      20   0   20912   5004   4224 S   0,0  0,0   0:00.02 ovsdb-serv+
17936 root      20   0   20912   5096   4312 S   0,0  0,0   0:00.01 ovsdb-serv+
18017 root      20   0   22564   6036   5284 S   0,0  0,0   0:00.00 tcpdump
18018 root      20   0   22564   6096   5348 S   0,0  0,0   0:00.00 tcpdump
18019 root      20   0   22564   6048   5300 S   0,0  0,0   0:00.00 tcpdump
18020 root      20   0   22564   6160   5408 S   0,0  0,0   0:00.00 tcpdump
18021 root      20   0   22564   6092   5340 S   0,0  0,0   0:00.00 tcpdump
18022 root      20   0   22564   6208   5320 S   0,0  0,0   0:00.00 tcpdump
18023 root      20   0   22564   6108   5224 S   0,0  0,0   0:00.00 tcpdump
17940 root      20   0  985420 123816   8912 R  49,5  0,8   0:00.85 ovs-vswitc+
17869 root      20   0  985400 123804   8912 S  46,5  0,8   0:00.84 ovs-vswitc+
17793 root      10 -10   20924   5052   4304 S   0,0  0,0   0:00.00 ovsdb-serv+
17832 root      10 -10   26456   9860   8912 S   0,0  0,1   0:00.00 ovs-vswitc+
17865 root      20   0   20912   5004   4224 S   0,0  0,0   0:00.02 ovsdb-serv+
17936 root      20   0   20912   5096   4312 S   0,0  0,0   0:00.01 ovsdb-serv+
18017 root      20   0   22564   6036   5284 S   0,0  0,0   0:00.00 tcpdump
18018 root      20   0   22564   6096   5348 S   0,0  0,0   0:00.00 tcpdump
18019 root      20   0   22564   6048   5300 S   0,0  0,0   0:00.00 tcpdump
18020 root      20   0   22564   6160   5408 S   0,0  0,0   0:00.00 tcpdump
18021 root      20   0   22564   6092   5340 S   0,0  0,0   0:00.00 tcpdump
18022 root      20   0   22564   6208   5320 S   0,0  0,0   0:00.00 tcpdump
18023 root      20   0   22564   6108   5224 S   0,0  0,0   0:00.00 tcpdump
17869 root      20   0  985400 128820   8912 S  50,5  0,8   0:01.35 ovs-vswitc+
17940 root      20   0  985420 125136   8912 S  12,9  0,8   0:00.98 ovs-vswitc+
17793 root      10 -10   20924   5052   4304 S   0,0  0,0   0:00.00 ovsdb-serv+
17832 root      10 -10   26456   9860   8912 S   0,0  0,1   0:00.00 ovs-vswitc+
17865 root      20   0   20912   5004   4224 S   0,0  0,0   0:00.02 ovsdb-serv+
17936 root      20   0   20912   5096   4312 S   0,0  0,0   0:00.01 ovsdb-serv+
18017 root      20   0   22564   6036   5284 S   0,0  0,0   0:00.00 tcpdump
18018 root      20   0   22564   6096   5348 S   0,0  0,0   0:00.00 tcpdump
18019 root      20   0   22564   6048   5300 S   0,0  0,0   0:00.00 tcpdump
18020 root      20   0   22564   6160   5408 S   0,0  0,0   0:00.00 tcpdump
18021 root      20   0   22564   6092   5340 S   0,0  0,0   0:00.00 tcpdump
18022 root      20   0   22564   6208   5320 S   0,0  0,0   0:00.00 tcpdump
18023 root      20   0   22564   6108   5224 S   0,0  0,0   0:00.00 tcpdump
17869 root      20   0  985400 133836   8912 S  44,0  0,8   0:01.79 ovs-vswitc+
17940 root      20   0  985420 125136   8912 S   2,0  0,8   0:01.00 ovs-vswitc+
18021 root      20   0   22564   6092   5340 S   1,0  0,0   0:00.01 tcpdump
17793 root      10 -10   20924   5052   4304 S   0,0  0,0   0:00.00 ovsdb-serv+
17832 root      10 -10   26456   9860   8912 S   0,0  0,1   0:00.00 ovs-vswitc+
17865 root      20   0   20912   5004   4224 S   0,0  0,0   0:00.02 ovsdb-serv+
17936 root      20   0   20912   5096   4312 S   0,0  0,0   0:00.01 ovsdb-serv+
18017 root      20   0   22564   6036   5284 S   0,0  0,0   0:00.00 tcpdump
18018 root      20   0   22564   6096   5348 S   0,0  0,0   0:00.00 tcpdump
18019 root      20   0   22564   6048   5300 S   0,0  0,0   0:00.00 tcpdump
18020 root      20   0   22564   6160   5408 S   0,0  0,0   0:00.00 tcpdump
18022 root      20   0   22564   6208   5320 S   0,0  0,0   0:00.00 tcpdump
18023 root      20   0   22564   6108   5224 S   0,0  0,0   0:00.00 tcpdump
17869 root      20   0  985400 138588   8912 R  49,5  0,9   0:02.29 ovs-vswitc+
17793 root      10 -10   20924   5052   4304 S   0,0  0,0   0:00.00 ovsdb-serv+
17832 root      10 -10   26456   9860   8912 S   0,0  0,1   0:00.00 ovs-vswitc+
17865 root      20   0   20912   5004   4224 S   0,0  0,0   0:00.02 ovsdb-serv+
17936 root      20   0   20912   5096   4312 S   0,0  0,0   0:00.01 ovsdb-serv+
17940 root      20   0  985420 125136   8912 S   0,0  0,8   0:01.00 ovs-vswitc+
18017 root      20   0   22564   6036   5284 S   0,0  0,0   0:00.00 tcpdump
18018 root      20   0   22564   6096   5348 S   0,0  0,0   0:00.00 tcpdump
18019 root      20   0   22564   6048   5300 S   0,0  0,0   0:00.00 tcpdump
18020 root      20   0   22564   6160   5408 S   0,0  0,0   0:00.00 tcpdump
18021 root      20   0   22564   6092   5340 S   0,0  0,0   0:00.01 tcpdump
18022 root      20   0   22564   6208   5320 S   0,0  0,0   0:00.00 tcpdump
18023 root      20   0   22564   6108   5224 S   0,0  0,0   0:00.00 tcpdump
17869 root      20   0  985400 143604   8912 S  51,5  0,9   0:02.81 ovs-vswitc+
17940 root      20   0  985420 125136   8912 S   1,0  0,8   0:01.01 ovs-vswitc+
17793 root      10 -10   20924   5052   4304 S   0,0  0,0   0:00.00 ovsdb-serv+
17832 root      10 -10   26456   9860   8912 S   0,0  0,1   0:00.00 ovs-vswitc+
17865 root      20   0   20912   5004   4224 S   0,0  0,0   0:00.02 ovsdb-serv+
17936 root      20   0   20912   5096   4312 S   0,0  0,0   0:00.01 ovsdb-serv+
18017 root      20   0   22564   6036   5284 S   0,0  0,0   0:00.00 tcpdump
18018 root      20   0   22564   6096   5348 S   0,0  0,0   0:00.00 tcpdump
18019 root      20   0   22564   6048   5300 S   0,0  0,0   0:00.00 tcpdump
18020 root      20   0   22564   6160   5408 S   0,0  0,0   0:00.00 tcpdump
18021 root      20   0   22564   6092   5340 S   0,0  0,0   0:00.01 tcpdump
18022 root      20   0   22564   6208   5320 S   0,0  0,0   0:00.00 tcpdump
18023 root      20   0   22564   6108   5224 S   0,0  0,0   0:00.00 tcpdump
17869 root      20   0  985400 148620   8912 S  48,5  0,9   0:03.30 ovs-vswitc+
17940 root      20   0  985420 125136   8912 S   1,0  0,8   0:01.02 ovs-vswitc+
18018 root      20   0   22564   6096   5348 S   1,0  0,0   0:00.01 tcpdump
18019 root      20   0   22564   6048   5300 S   1,0  0,0   0:00.01 tcpdump
17793 root      10 -10   20924   5052   4304 S   0,0  0,0   0:00.00 ovsdb-serv+
17832 root      10 -10   26456   9860   8912 S   0,0  0,1   0:00.00 ovs-vswitc+
17865 root      20   0   20912   5004   4224 S   0,0  0,0   0:00.02 ovsdb-serv+
17936 root      20   0   20912   5096   4312 S   0,0  0,0   0:00.01 ovsdb-serv+
18017 root      20   0   22564   6036   5284 S   0,0  0,0   0:00.00 tcpdump
18020 root      20   0   22564   6160   5408 S   0,0  0,0   0:00.00 tcpdump
18021 root      20   0   22564   6092   5340 S   0,0  0,0   0:00.01 tcpdump
18022 root      20   0   22564   6208   5320 S   0,0  0,0   0:00.00 tcpdump
18023 root      20   0   22564   6108   5224 S   0,0  0,0   0:00.00 tcpdump
17869 root      20   0  985432 153668   8912 S  48,5  0,9   0:03.79 ovs-vswitc+
17793 root      10 -10   20924   5052   4304 S   0,0  0,0   0:00.00 ovsdb-serv+
17832 root      10 -10   26456   9860   8912 S   0,0  0,1   0:00.00 ovs-vswitc+
17865 root      20   0   20912   5004   4224 S   0,0  0,0   0:00.02 ovsdb-serv+
17936 root      20   0   20912   5096   4312 S   0,0  0,0   0:00.01 ovsdb-serv+
17940 root      20   0  985420 125136   8912 S   0,0  0,8   0:01.02 ovs-vswitc+
18017 root      20   0   22564   6036   5284 S   0,0  0,0   0:00.00 tcpdump
18018 root      20   0   22564   6096   5348 S   0,0  0,0   0:00.01 tcpdump
18019 root      20   0   22564   6048   5300 S   0,0  0,0   0:00.01 tcpdump
18020 root      20   0   22564   6160   5408 S   0,0  0,0   0:00.00 tcpdump
18021 root      20   0   22564   6092   5340 S   0,0  0,0   0:00.01 tcpdump
18022 root      20   0   22564   6208   5320 S   0,0  0,0   0:00.00 tcpdump
18023 root      20   0   22564   6108   5224 S   0,0  0,0   0:00.00 tcpdump
17869 root      20   0  985432 158684   8912 S  51,5  1,0   0:04.31 ovs-vswitc+
17940 root      20   0  985420 125136   8912 S   1,0  0,8   0:01.03 ovs-vswitc+
17793 root      10 -10   20924   5052   4304 S   0,0  0,0   0:00.00 ovsdb-serv+
17832 root      10 -10   26456   9860   8912 S   0,0  0,1   0:00.00 ovs-vswitc+
17865 root      20   0   20912   5004   4224 S   0,0  0,0   0:00.02 ovsdb-serv+
17936 root      20   0   20912   5096   4312 S   0,0  0,0   0:00.01 ovsdb-serv+
18017 root      20   0   22564   6036   5284 S   0,0  0,0   0:00.00 tcpdump
18018 root      20   0   22564   6096   5348 S   0,0  0,0   0:00.01 tcpdump
18019 root      20   0   22564   6048   5300 S   0,0  0,0   0:00.01 tcpdump
18020 root      20   0   22564   6160   5408 S   0,0  0,0   0:00.00 tcpdump
18021 root      20   0   22564   6092   5340 S   0,0  0,0   0:00.01 tcpdump
18022 root      20   0   22564   6208   5320 S   0,0  0,0   0:00.00 tcpdump
18023 root      20   0   22564   6108   5224 S   0,0  0,0   0:00.00 tcpdump
17869 root      20   0  985432 161852   8912 S  58,4  1,0   0:04.90 ovs-vswitc+
17940 root      20   0  985420 125136   8912 S   1,0  0,8   0:01.04 ovs-vswitc+
17793 root      10 -10   20924   5052   4304 S   0,0  0,0   0:00.00 ovsdb-serv+
17832 root      10 -10   26456   9860   8912 S   0,0  0,1   0:00.00 ovs-vswitc+
17865 root      20   0   20912   5004   4224 S   0,0  0,0   0:00.02 ovsdb-serv+
17936 root      20   0   20912   5096   4312 S   0,0  0,0   0:00.01 ovsdb-serv+
18017 root      20   0   22564   6036   5284 S   0,0  0,0   0:00.00 tcpdump
18018 root      20   0   22564   6096   5348 S   0,0  0,0   0:00.01 tcpdump
18019 root      20   0   22564   6048   5300 S   0,0  0,0   0:00.01 tcpdump
18020 root      20   0   22564   6160   5408 S   0,0  0,0   0:00.00 tcpdump
18021 root      20   0   22564   6092   5340 S   0,0  0,0   0:00.01 tcpdump
18022 root      20   0   22564   6208   5320 S   0,0  0,0   0:00.00 tcpdump
18023 root      20   0   22564   6108   5224 S   0,0  0,0   0:00.00 tcpdump
17869 root      20   0  985432 162892   8912 S  48,5  1,0   0:05.39 ovs-vswitc+
17793 root      10 -10   20924   5052   4304 S   0,0  0,0   0:00.00 ovsdb-serv+
17832 root      10 -10   26456   9860   8912 S   0,0  0,1   0:00.00 ovs-vswitc+
17865 root      20   0   20912   5004   4224 S   0,0  0,0   0:00.02 ovsdb-serv+
17936 root      20   0   20912   5096   4312 S   0,0  0,0   0:00.01 ovsdb-serv+
17940 root      20   0  985420 125136   8912 S   0,0  0,8   0:01.04 ovs-vswitc+
18017 root      20   0   22564   6036   5284 S   0,0  0,0   0:00.00 tcpdump
18018 root      20   0   22564   6096   5348 S   0,0  0,0   0:00.01 tcpdump
18019 root      20   0   22564   6048   5300 S   0,0  0,0   0:00.01 tcpdump
18020 root      20   0   22564   6160   5408 S   0,0  0,0   0:00.00 tcpdump
18021 root      20   0   22564   6092   5340 S   0,0  0,0   0:00.01 tcpdump
18022 root      20   0   22564   6208   5320 S   0,0  0,0   0:00.00 tcpdump
18023 root      20   0   22564   6108   5224 S   0,0  0,0   0:00.00 tcpdump
17869 root      20   0  985432 162892   8912 S  41,6  1,0   0:05.81 ovs-vswitc+
17940 root      20   0  985456 125176   8912 S   1,0  0,8   0:01.05 ovs-vswitc+
17793 root      10 -10   20924   5052   4304 S   0,0  0,0   0:00.00 ovsdb-serv+
17832 root      10 -10   26456   9860   8912 S   0,0  0,1   0:00.00 ovs-vswitc+
17865 root      20   0   20912   5004   4224 S   0,0  0,0   0:00.02 ovsdb-serv+
17936 root      20   0   20912   5096   4312 S   0,0  0,0   0:00.01 ovsdb-serv+
18017 root      20   0   22564   6036   5284 S   0,0  0,0   0:00.00 tcpdump
18018 root      20   0   22564   6096   5348 S   0,0  0,0   0:00.01 tcpdump
18019 root      20   0   22564   6048   5300 S   0,0  0,0   0:00.01 tcpdump
18020 root      20   0   22564   6160   5408 S   0,0  0,0   0:00.00 tcpdump
18021 root      20   0   22564   6092   5340 S   0,0  0,0   0:00.01 tcpdump
18022 root      20   0   22564   6208   5320 S   0,0  0,0   0:00.00 tcpdump
18023 root      20   0   22564   6108   5224 S   0,0  0,0   0:00.00 tcpdump
17869 root      20   0  985432 162892   8912 S  46,5  1,0   0:06.28 ovs-vswitc+
17940 root      20   0  985456 125176   8912 S   2,0  0,8   0:01.07 ovs-vswitc+
17793 root      10 -10   20924   5052   4304 S   0,0  0,0   0:00.00 ovsdb-serv+
17832 root      10 -10   26456   9860   8912 S   0,0  0,1   0:00.00 ovs-vswitc+
17865 root      20   0   20912   5004   4224 S   0,0  0,0   0:00.02 ovsdb-serv+
17936 root      20   0   20912   5096   4312 S   0,0  0,0   0:00.01 ovsdb-serv+
18017 root      20   0   22564   6036   5284 S   0,0  0,0   0:00.00 tcpdump
18018 root      20   0   22564   6096   5348 S   0,0  0,0   0:00.01 tcpdump
18019 root      20   0   22564   6048   5300 S   0,0  0,0   0:00.01 tcpdump
18020 root      20   0   22564   6160   5408 S   0,0  0,0   0:00.00 tcpdump
18021 root      20   0   22564   6092   5340 S   0,0  0,0   0:00.01 tcpdump
18022 root      20   0   22564   6208   5320 S   0,0  0,0   0:00.00 tcpdump
18023 root      20   0   22564   6108   5224 S   0,0  0,0   0:00.00 tcpdump
17869 root      20   0  985432 162892   8912 S  46,0  1,0   0:06.74 ovs-vswitc+
17793 root      10 -10   20924   5052   4304 S   0,0  0,0   0:00.00 ovsdb-serv+
17832 root      10 -10   26456   9860   8912 S   0,0  0,1   0:00.00 ovs-vswitc+
17865 root      20   0   20912   5004   4224 S   0,0  0,0   0:00.02 ovsdb-serv+
17936 root      20   0   20912   5096   4312 S   0,0  0,0   0:00.01 ovsdb-serv+
17940 root      20   0  985456 125176   8912 S   0,0  0,8   0:01.07 ovs-vswitc+
18017 root      20   0   22564   6036   5284 S   0,0  0,0   0:00.00 tcpdump
18018 root      20   0   22564   6096   5348 S   0,0  0,0   0:00.01 tcpdump
18019 root      20   0   22564   6048   5300 S   0,0  0,0   0:00.01 tcpdump
18020 root      20   0   22564   6160   5408 S   0,0  0,0   0:00.00 tcpdump
18021 root      20   0   22564   6092   5340 S   0,0  0,0   0:00.01 tcpdump
18022 root      20   0   22564   6208   5320 S   0,0  0,0   0:00.00 tcpdump
18023 root      20   0   22564   6108   5224 S   0,0  0,0   0:00.00 tcpdump
17869 root      20   0  985432 162892   8912 R  45,5  1,0   0:07.20 ovs-vswitc+
17793 root      10 -10   20924   5052   4304 S   0,0  0,0   0:00.00 ovsdb-serv+
17832 root      10 -10   26456   9860   8912 S   0,0  0,1   0:00.00 ovs-vswitc+
17865 root      20   0   20912   5004   4224 S   0,0  0,0   0:00.02 ovsdb-serv+
17936 root      20   0   20912   5096   4312 S   0,0  0,0   0:00.01 ovsdb-serv+
17940 root      20   0  985456 125176   8912 S   0,0  0,8   0:01.07 ovs-vswitc+
18017 root      20   0   22564   6036   5284 S   0,0  0,0   0:00.00 tcpdump
18018 root      20   0   22564   6096   5348 S   0,0  0,0   0:00.01 tcpdump
18019 root      20   0   22564   6048   5300 S   0,0  0,0   0:00.01 tcpdump
18020 root      20   0   22564   6160   5408 S   0,0  0,0   0:00.00 tcpdump
18021 root      20   0   22564   6092   5340 S   0,0  0,0   0:00.01 tcpdump
18022 root      20   0   22564   6208   5320 S   0,0  0,0   0:00.00 tcpdump
18023 root      20   0   22564   6108   5224 S   0,0  0,0   0:00.00 tcpdump
17869 root      20   0  985432 162892   8912 S  49,5  1,0   0:07.70 ovs-vswitc+
17793 root      10 -10   20924   5052   4304 S   0,0  0,0   0:00.00 ovsdb-serv+
17832 root      10 -10   26456   9860   8912 S   0,0  0,1   0:00.00 ovs-vswitc+
17865 root      20   0   20912   5004   4224 S   0,0  0,0   0:00.02 ovsdb-serv+
17936 root      20   0   20912   5096   4312 S   0,0  0,0   0:00.01 ovsdb-serv+
17940 root      20   0  985456 125176   8912 S   0,0  0,8   0:01.07 ovs-vswitc+
18017 root      20   0   22564   6036   5284 S   0,0  0,0   0:00.00 tcpdump
18018 root      20   0   22564   6096   5348 S   0,0  0,0   0:00.01 tcpdump
18019 root      20   0   22564   6048   5300 S   0,0  0,0   0:00.01 tcpdump
18020 root      20   0   22564   6160   5408 S   0,0  0,0   0:00.00 tcpdump
18021 root      20   0   22564   6092   5340 S   0,0  0,0   0:00.01 tcpdump
18022 root      20   0   22564   6208   5320 S   0,0  0,0   0:00.00 tcpdump
18023 root      20   0   22564   6108   5224 S   0,0  0,0   0:00.00 tcpdump
17869 root      20   0  985432 162892   8912 S  51,5  1,0   0:08.22 ovs-vswitc+
17793 root      10 -10   20924   5052   4304 S   0,0  0,0   0:00.00 ovsdb-serv+
17832 root      10 -10   26456   9860   8912 S   0,0  0,1   0:00.00 ovs-vswitc+
17865 root      20   0   20912   5004   4224 S   0,0  0,0   0:00.02 ovsdb-serv+
17936 root      20   0   20912   5096   4312 S   0,0  0,0   0:00.01 ovsdb-serv+
17940 root      20   0  985456 125176   8912 S   0,0  0,8   0:01.07 ovs-vswitc+
18017 root      20   0   22564   6036   5284 S   0,0  0,0   0:00.00 tcpdump
18018 root      20   0   22564   6096   5348 S   0,0  0,0   0:00.01 tcpdump
18019 root      20   0   22564   6048   5300 S   0,0  0,0   0:00.01 tcpdump
18020 root      20   0   22564   6160   5408 S   0,0  0,0   0:00.00 tcpdump
18021 root      20   0   22564   6092   5340 S   0,0  0,0   0:00.01 tcpdump
18022 root      20   0   22564   6208   5320 S   0,0  0,0   0:00.00 tcpdump
18023 root      20   0   22564   6108   5224 S   0,0  0,0   0:00.00 tcpdump
17869 root      20   0  985432 162892   8912 S  31,7  1,0   0:08.54 ovs-vswitc+
17940 root      20   0  985456 125176   8912 S   1,0  0,8   0:01.08 ovs-vswitc+
17793 root      10 -10   20924   5052   4304 S   0,0  0,0   0:00.00 ovsdb-serv+
17832 root      10 -10   26456   9860   8912 S   0,0  0,1   0:00.00 ovs-vswitc+
17865 root      20   0   20912   5004   4224 S   0,0  0,0   0:00.02 ovsdb-serv+
17936 root      20   0   20912   5096   4312 S   0,0  0,0   0:00.01 ovsdb-serv+
18017 root      20   0   22564   6036   5284 S   0,0  0,0   0:00.00 tcpdump
18018 root      20   0   22564   6096   5348 S   0,0  0,0   0:00.01 tcpdump
18019 root      20   0   22564   6048   5300 S   0,0  0,0   0:00.01 tcpdump
18020 root      20   0   22564   6160   5408 S   0,0  0,0   0:00.00 tcpdump
18021 root      20   0   22564   6092   5340 S   0,0  0,0   0:00.01 tcpdump
18022 root      20   0   22564   6208   5320 S   0,0  0,0   0:00.00 tcpdump
18023 root      20   0   22564   6108   5224 S   0,0  0,0   0:00.00 tcpdump
17869 root      20   0  985432 162892   8912 S   8,6  1,0   0:08.63 ovs-vswitc+
17940 root      20   0  985456 125176   8912 S   1,0  0,8   0:01.09 ovs-vswitc+
18021 root      20   0   22564   6092   5340 S   1,0  0,0   0:00.02 tcpdump
17793 root      10 -10   20924   5052   4304 S   0,0  0,0   0:00.00 ovsdb-serv+
17832 root      10 -10   26456   9860   8912 S   0,0  0,1   0:00.00 ovs-vswitc+
17865 root      20   0   20912   5004   4224 S   0,0  0,0   0:00.02 ovsdb-serv+
17936 root      20   0   20912   5096   4312 S   0,0  0,0   0:00.01 ovsdb-serv+
18017 root      20   0   22564   6036   5284 S   0,0  0,0   0:00.00 tcpdump
18018 root      20   0   22564   6096   5348 S   0,0  0,0   0:00.01 tcpdump
18019 root      20   0   22564   6048   5300 S   0,0  0,0   0:00.01 tcpdump
18020 root      20   0   22564   6160   5408 S   0,0  0,0   0:00.00 tcpdump
18022 root      20   0   22564   6208   5320 S   0,0  0,0   0:00.00 tcpdump
18023 root      20   0   22564   6108   5224 S   0,0  0,0   0:00.00 tcpdump
17869 root      20   0  985432 162892   8912 S   7,9  1,0   0:08.71 ovs-vswitc+
17940 root      20   0  985456 125176   8912 S   1,0  0,8   0:01.10 ovs-vswitc+
17793 root      10 -10   20924   5052   4304 S   0,0  0,0   0:00.00 ovsdb-serv+
17832 root      10 -10   26456   9860   8912 S   0,0  0,1   0:00.00 ovs-vswitc+
17865 root      20   0   20912   5004   4224 S   0,0  0,0   0:00.02 ovsdb-serv+
17936 root      20   0   20912   5096   4312 S   0,0  0,0   0:00.01 ovsdb-serv+
18017 root      20   0   22564   6036   5284 S   0,0  0,0   0:00.00 tcpdump
18018 root      20   0   22564   6096   5348 S   0,0  0,0   0:00.01 tcpdump
18019 root      20   0   22564   6048   5300 S   0,0  0,0   0:00.01 tcpdump
18020 root      20   0   22564   6160   5408 S   0,0  0,0   0:00.00 tcpdump
18021 root      20   0   22564   6092   5340 S   0,0  0,0   0:00.02 tcpdump
18022 root      20   0   22564   6208   5320 S   0,0  0,0   0:00.00 tcpdump
18023 root      20   0   22564   6108   5224 S   0,0  0,0   0:00.00 tcpdump
17869 root      20   0  985432 162892   8912 S   9,8  1,0   0:08.81 ovs-vswitc+
17793 root      10 -10   20924   5052   4304 S   0,0  0,0   0:00.00 ovsdb-serv+
17832 root      10 -10   26456   9860   8912 S   0,0  0,1   0:00.00 ovs-vswitc+
17865 root      20   0   20912   5004   4224 S   0,0  0,0   0:00.02 ovsdb-serv+
17936 root      20   0   20912   5096   4312 S   0,0  0,0   0:00.01 ovsdb-serv+
17940 root      20   0  985456 125176   8912 S   0,0  0,8   0:01.10 ovs-vswitc+
18017 root      20   0   22564   6036   5284 S   0,0  0,0   0:00.00 tcpdump
18018 root      20   0   22564   6096   5348 S   0,0  0,0   0:00.01 tcpdump
18019 root      20   0   22564   6048   5300 S   0,0  0,0   0:00.01 tcpdump
18020 root      20   0   22564   6160   5408 S   0,0  0,0   0:00.00 tcpdump
18021 root      20   0   22564   6092   5340 S   0,0  0,0   0:00.02 tcpdump
18022 root      20   0   22564   6208   5320 S   0,0  0,0   0:00.00 tcpdump
18023 root      20   0   22564   6108   5224 S   0,0  0,0   0:00.00 tcpdump
17869 root      20   0  985432 162892   8912 S   7,9  1,0   0:08.89 ovs-vswitc+
17793 root      10 -10   20924   5052   4304 S   0,0  0,0   0:00.00 ovsdb-serv+
17832 root      10 -10   26456   9860   8912 S   0,0  0,1   0:00.00 ovs-vswitc+
17865 root      20   0   20912   5004   4224 S   0,0  0,0   0:00.02 ovsdb-serv+
17936 root      20   0   20912   5096   4312 S   0,0  0,0   0:00.01 ovsdb-serv+
17940 root      20   0  985456 125176   8912 S   0,0  0,8   0:01.10 ovs-vswitc+
18017 root      20   0   22564   6036   5284 S   0,0  0,0   0:00.00 tcpdump
18018 root      20   0   22564   6096   5348 S   0,0  0,0   0:00.01 tcpdump
18019 root      20   0   22564   6048   5300 S   0,0  0,0   0:00.01 tcpdump
18020 root      20   0   22564   6160   5408 S   0,0  0,0   0:00.00 tcpdump
18021 root      20   0   22564   6092   5340 S   0,0  0,0   0:00.02 tcpdump
18022 root      20   0   22564   6208   5320 S   0,0  0,0   0:00.00 tcpdump
18023 root      20   0   22564   6108   5224 S   0,0  0,0   0:00.00 tcpdump
17869 root      20   0  985432 162892   8912 S   9,9  1,0   0:08.99 ovs-vswitc+
17940 root      20   0  985456 125176   8912 S   2,0  0,8   0:01.12 ovs-vswitc+
17793 root      10 -10   20924   5052   4304 S   0,0  0,0   0:00.00 ovsdb-serv+
17832 root      10 -10   26456   9860   8912 S   0,0  0,1   0:00.00 ovs-vswitc+
17865 root      20   0   20912   5004   4224 S   0,0  0,0   0:00.02 ovsdb-serv+
17936 root      20   0   20912   5096   4312 S   0,0  0,0   0:00.01 ovsdb-serv+
18017 root      20   0   22564   6036   5284 S   0,0  0,0   0:00.00 tcpdump
18018 root      20   0   22564   6096   5348 S   0,0  0,0   0:00.01 tcpdump
18019 root      20   0   22564   6048   5300 S   0,0  0,0   0:00.01 tcpdump
18020 root      20   0   22564   6160   5408 S   0,0  0,0   0:00.00 tcpdump
18021 root      20   0   22564   6092   5340 S   0,0  0,0   0:00.02 tcpdump
18022 root      20   0   22564   6208   5320 S   0,0  0,0   0:00.00 tcpdump
18023 root      20   0   22564   6108   5224 S   0,0  0,0   0:00.00 tcpdump
17869 root      20   0  985432 162892   8912 S   4,9  1,0   0:09.04 ovs-vswitc+
17793 root      10 -10   20924   5052   4304 S   0,0  0,0   0:00.00 ovsdb-serv+
17832 root      10 -10   26456   9860   8912 S   0,0  0,1   0:00.00 ovs-vswitc+
17865 root      20   0   20912   5004   4224 S   0,0  0,0   0:00.02 ovsdb-serv+
17936 root      20   0   20912   5096   4312 S   0,0  0,0   0:00.01 ovsdb-serv+
17940 root      20   0  985456 125176   8912 S   0,0  0,8   0:01.12 ovs-vswitc+
18017 root      20   0   22564   6036   5284 S   0,0  0,0   0:00.00 tcpdump
18018 root      20   0   22564   6096   5348 S   0,0  0,0   0:00.01 tcpdump
18019 root      20   0   22564   6048   5300 S   0,0  0,0   0:00.01 tcpdump
18020 root      20   0   22564   6160   5408 S   0,0  0,0   0:00.00 tcpdump
18021 root      20   0   22564   6092   5340 S   0,0  0,0   0:00.02 tcpdump
18022 root      20   0   22564   6208   5320 S   0,0  0,0   0:00.00 tcpdump
18023 root      20   0   22564   6108   5224 S   0,0  0,0   0:00.00 tcpdump
17869 root      20   0  985432 162892   8912 S   3,0  1,0   0:09.07 ovs-vswitc+
17793 root      10 -10   20924   5052   4304 S   0,0  0,0   0:00.00 ovsdb-serv+
17832 root      10 -10   26456   9860   8912 S   0,0  0,1   0:00.00 ovs-vswitc+
17865 root      20   0   20912   5004   4224 S   0,0  0,0   0:00.02 ovsdb-serv+
17936 root      20   0   20912   5096   4312 S   0,0  0,0   0:00.01 ovsdb-serv+
17940 root      20   0  985456 125176   8912 S   0,0  0,8   0:01.12 ovs-vswitc+
18017 root      20   0   22564   6036   5284 S   0,0  0,0   0:00.00 tcpdump
18018 root      20   0   22564   6096   5348 S   0,0  0,0   0:00.01 tcpdump
18019 root      20   0   22564   6048   5300 S   0,0  0,0   0:00.01 tcpdump
18020 root      20   0   22564   6160   5408 S   0,0  0,0   0:00.00 tcpdump
18021 root      20   0   22564   6092   5340 S   0,0  0,0   0:00.02 tcpdump
18022 root      20   0   22564   6208   5320 S   0,0  0,0   0:00.00 tcpdump
18023 root      20   0   22564   6108   5224 S   0,0  0,0   0:00.00 tcpdump
17869 root      20   0  985432 162892   8912 S   5,9  1,0   0:09.13 ovs-vswitc+
17940 root      20   0  985456 125176   8912 S   1,0  0,8   0:01.13 ovs-vswitc+
17793 root      10 -10   20924   5052   4304 S   0,0  0,0   0:00.00 ovsdb-serv+
17832 root      10 -10   26456   9860   8912 S   0,0  0,1   0:00.00 ovs-vswitc+
17865 root      20   0   20912   5004   4224 S   0,0  0,0   0:00.02 ovsdb-serv+
17936 root      20   0   20912   5096   4312 S   0,0  0,0   0:00.01 ovsdb-serv+
18017 root      20   0   22564   6036   5284 S   0,0  0,0   0:00.00 tcpdump
18018 root      20   0   22564   6096   5348 S   0,0  0,0   0:00.01 tcpdump
18019 root      20   0   22564   6048   5300 S   0,0  0,0   0:00.01 tcpdump
18020 root      20   0   22564   6160   5408 S   0,0  0,0   0:00.00 tcpdump
18021 root      20   0   22564   6092   5340 S   0,0  0,0   0:00.02 tcpdump
18022 root      20   0   22564   6208   5320 S   0,0  0,0   0:00.00 tcpdump
18023 root      20   0   22564   6108   5224 S   0,0  0,0   0:00.00 tcpdump
17869 root      20   0  985432 162892   8912 S   3,0  1,0   0:09.16 ovs-vswitc+
17793 root      10 -10   20924   5052   4304 S   0,0  0,0   0:00.00 ovsdb-serv+
17832 root      10 -10   26456   9860   8912 S   0,0  0,1   0:00.00 ovs-vswitc+
17865 root      20   0   20912   5004   4224 S   0,0  0,0   0:00.02 ovsdb-serv+
17936 root      20   0   20912   5096   4312 S   0,0  0,0   0:00.01 ovsdb-serv+
17940 root      20   0  985456 125176   8912 S   0,0  0,8   0:01.13 ovs-vswitc+
18017 root      20   0   22564   6036   5284 S   0,0  0,0   0:00.00 tcpdump
18018 root      20   0   22564   6096   5348 S   0,0  0,0   0:00.01 tcpdump
18019 root      20   0   22564   6048   5300 S   0,0  0,0   0:00.01 tcpdump
18020 root      20   0   22564   6160   5408 S   0,0  0,0   0:00.00 tcpdump
18021 root      20   0   22564   6092   5340 S   0,0  0,0   0:00.02 tcpdump
18022 root      20   0   22564   6208   5320 S   0,0  0,0   0:00.00 tcpdump
18023 root      20   0   22564   6108   5224 S   0,0  0,0   0:00.00 tcpdump
17869 root      20   0  985432 162892   8912 S   2,0  1,0   0:09.18 ovs-vswitc+
17940 root      20   0  985456 125176   8912 S   2,0  0,8   0:01.15 ovs-vswitc+
17793 root      10 -10   20924   5052   4304 S   0,0  0,0   0:00.00 ovsdb-serv+
17832 root      10 -10   26456   9860   8912 S   0,0  0,1   0:00.00 ovs-vswitc+
17865 root      20   0   20912   5004   4224 S   0,0  0,0   0:00.02 ovsdb-serv+
17936 root      20   0   20912   5096   4312 S   0,0  0,0   0:00.01 ovsdb-serv+
18017 root      20   0   22564   6036   5284 S   0,0  0,0   0:00.00 tcpdump
18018 root      20   0   22564   6096   5348 S   0,0  0,0   0:00.01 tcpdump
18019 root      20   0   22564   6048   5300 S   0,0  0,0   0:00.01 tcpdump
18020 root      20   0   22564   6160   5408 S   0,0  0,0   0:00.00 tcpdump
18021 root      20   0   22564   6092   5340 S   0,0  0,0   0:00.02 tcpdump
18022 root      20   0   22564   6208   5320 S   0,0  0,0   0:00.00 tcpdump
18023 root      20   0   22564   6108   5224 S   0,0  0,0   0:00.00 tcpdump
17869 root      20   0  985432 162892   8912 S   1,0  1,0   0:09.19 ovs-vswitc+
17793 root      10 -10   20924   5052   4304 S   0,0  0,0   0:00.00 ovsdb-serv+
17832 root      10 -10   26456   9860   8912 S   0,0  0,1   0:00.00 ovs-vswitc+
17865 root      20   0   20912   5004   4224 S   0,0  0,0   0:00.02 ovsdb-serv+
17936 root      20   0   20912   5096   4312 S   0,0  0,0   0:00.01 ovsdb-serv+
17940 root      20   0  985456 125176   8912 S   0,0  0,8   0:01.15 ovs-vswitc+
18017 root      20   0   22564   6036   5284 S   0,0  0,0   0:00.00 tcpdump
18018 root      20   0   22564   6096   5348 S   0,0  0,0   0:00.01 tcpdump
18019 root      20   0   22564   6048   5300 S   0,0  0,0   0:00.01 tcpdump
18020 root      20   0   22564   6160   5408 S   0,0  0,0   0:00.00 tcpdump
18021 root      20   0   22564   6092   5340 S   0,0  0,0   0:00.02 tcpdump
18022 root      20   0   22564   6208   5320 S   0,0  0,0   0:00.00 tcpdump
18023 root      20   0   22564   6108   5224 S   0,0  0,0   0:00.00 tcpdump
17869 root      20   0  985432 162892   8912 S   1,0  1,0   0:09.20 ovs-vswitc+
17940 root      20   0  985456 125176   8912 S   1,0  0,8   0:01.16 ovs-vswitc+
17793 root      10 -10   20924   5052   4304 S   0,0  0,0   0:00.00 ovsdb-serv+
17832 root      10 -10   26456   9860   8912 S   0,0  0,1   0:00.00 ovs-vswitc+
17865 root      20   0   20912   5004   4224 S   0,0  0,0   0:00.02 ovsdb-serv+
17936 root      20   0   20912   5096   4312 S   0,0  0,0   0:00.01 ovsdb-serv+
18017 root      20   0   22564   6036   5284 S   0,0  0,0   0:00.00 tcpdump
18018 root      20   0   22564   6096   5348 S   0,0  0,0   0:00.01 tcpdump
18019 root      20   0   22564   6048   5300 S   0,0  0,0   0:00.01 tcpdump
18020 root      20   0   22564   6160   5408 S   0,0  0,0   0:00.00 tcpdump
18021 root      20   0   22564   6092   5340 S   0,0  0,0   0:00.02 tcpdump
18022 root      20   0   22564   6208   5320 S   0,0  0,0   0:00.00 tcpdump
18023 root      20   0   22564   6108   5224 S   0,0  0,0   0:00.00 tcpdump
17869 root      20   0  985432 162892   8912 S   1,0  1,0   0:09.21 ovs-vswitc+
17940 root      20   0  985456 125176   8912 S   1,0  0,8   0:01.17 ovs-vswitc+
17793 root      10 -10   20924   5052   4304 S   0,0  0,0   0:00.00 ovsdb-serv+
17832 root      10 -10   26456   9860   8912 S   0,0  0,1   0:00.00 ovs-vswitc+
17865 root      20   0   20912   5004   4224 S   0,0  0,0   0:00.02 ovsdb-serv+
17936 root      20   0   20912   5096   4312 S   0,0  0,0   0:00.01 ovsdb-serv+
18017 root      20   0   22564   6036   5284 S   0,0  0,0   0:00.00 tcpdump
18018 root      20   0   22564   6096   5348 S   0,0  0,0   0:00.01 tcpdump
18019 root      20   0   22564   6048   5300 S   0,0  0,0   0:00.01 tcpdump
18020 root      20   0   22564   6160   5408 S   0,0  0,0   0:00.00 tcpdump
18021 root      20   0   22564   6092   5340 S   0,0  0,0   0:00.02 tcpdump
18022 root      20   0   22564   6208   5320 S   0,0  0,0   0:00.00 tcpdump
18023 root      20   0   22564   6108   5224 S   0,0  0,0   0:00.00 tcpdump
17869 root      20   0  985432 162892   8912 S   1,0  1,0   0:09.22 ovs-vswitc+
17936 root      20   0   20912   5096   4312 S   1,0  0,0   0:00.02 ovsdb-serv+
17940 root      20   0  985456 125176   8912 S   1,0  0,8   0:01.18 ovs-vswitc+
17793 root      10 -10   20924   5052   4304 S   0,0  0,0   0:00.00 ovsdb-serv+
17832 root      10 -10   26456   9860   8912 S   0,0  0,1   0:00.00 ovs-vswitc+
17865 root      20   0   20912   5004   4224 S   0,0  0,0   0:00.02 ovsdb-serv+
18017 root      20   0   22564   6036   5284 S   0,0  0,0   0:00.00 tcpdump
18018 root      20   0   22564   6096   5348 S   0,0  0,0   0:00.01 tcpdump
18019 root      20   0   22564   6048   5300 S   0,0  0,0   0:00.01 tcpdump
18020 root      20   0   22564   6160   5408 S   0,0  0,0   0:00.00 tcpdump
18021 root      20   0   22564   6092   5340 S   0,0  0,0   0:00.02 tcpdump
18022 root      20   0   22564   6208   5320 S   0,0  0,0   0:00.00 tcpdump
18023 root      20   0   22564   6108   5224 S   0,0  0,0   0:00.00 tcpdump
17869 root      20   0  985432 162892   8912 S   1,0  1,0   0:09.23 ovs-vswitc+
17940 root      20   0  985456 125176   8912 S   1,0  0,8   0:01.19 ovs-vswitc+
17793 root      10 -10   20924   5052   4304 S   0,0  0,0   0:00.00 ovsdb-serv+
17832 root      10 -10   26456   9860   8912 S   0,0  0,1   0:00.00 ovs-vswitc+
17865 root      20   0   20912   5004   4224 S   0,0  0,0   0:00.02 ovsdb-serv+
17936 root      20   0   20912   5096   4312 S   0,0  0,0   0:00.02 ovsdb-serv+
18017 root      20   0   22564   6036   5284 S   0,0  0,0   0:00.00 tcpdump
18018 root      20   0   22564   6096   5348 S   0,0  0,0   0:00.01 tcpdump
18019 root      20   0   22564   6048   5300 S   0,0  0,0   0:00.01 tcpdump
18020 root      20   0   22564   6160   5408 S   0,0  0,0   0:00.00 tcpdump
18021 root      20   0   22564   6092   5340 S   0,0  0,0   0:00.02 tcpdump
18022 root      20   0   22564   6208   5320 S   0,0  0,0   0:00.00 tcpdump
18023 root      20   0   22564   6108   5224 S   0,0  0,0   0:00.00 tcpdump
17869 root      20   0  985432 162892   8912 S   1,0  1,0   0:09.24 ovs-vswitc+
17940 root      20   0  985456 125176   8912 S   1,0  0,8   0:01.20 ovs-vswitc+
17793 root      10 -10   20924   5052   4304 S   0,0  0,0   0:00.00 ovsdb-serv+
17832 root      10 -10   26456   9860   8912 S   0,0  0,1   0:00.00 ovs-vswitc+
17865 root      20   0   20912   5004   4224 S   0,0  0,0   0:00.02 ovsdb-serv+
17936 root      20   0   20912   5096   4312 S   0,0  0,0   0:00.02 ovsdb-serv+
18017 root      20   0   22564   6036   5284 S   0,0  0,0   0:00.00 tcpdump
18018 root      20   0   22564   6096   5348 S   0,0  0,0   0:00.01 tcpdump
18019 root      20   0   22564   6048   5300 S   0,0  0,0   0:00.01 tcpdump
18020 root      20   0   22564   6160   5408 S   0,0  0,0   0:00.00 tcpdump
18021 root      20   0   22564   6092   5340 S   0,0  0,0   0:00.02 tcpdump
18022 root      20   0   22564   6208   5320 S   0,0  0,0   0:00.00 tcpdump
18023 root      20   0   22564   6108   5224 S   0,0  0,0   0:00.00 tcpdump
17869 root      20   0  985432 162892   8912 S   1,0  1,0   0:09.25 ovs-vswitc+
17940 root      20   0  985456 125176   8912 S   1,0  0,8   0:01.21 ovs-vswitc+
17793 root      10 -10   20924   5052   4304 S   0,0  0,0   0:00.00 ovsdb-serv+
17832 root      10 -10   26456   9860   8912 S   0,0  0,1   0:00.00 ovs-vswitc+
17865 root      20   0   20912   5004   4224 S   0,0  0,0   0:00.02 ovsdb-serv+
17936 root      20   0   20912   5096   4312 S   0,0  0,0   0:00.02 ovsdb-serv+
18017 root      20   0   22564   6036   5284 S   0,0  0,0   0:00.00 tcpdump
18018 root      20   0   22564   6096   5348 S   0,0  0,0   0:00.01 tcpdump
18019 root      20   0   22564   6048   5300 S   0,0  0,0   0:00.01 tcpdump
18020 root      20   0   22564   6160   5408 S   0,0  0,0   0:00.00 tcpdump
18021 root      20   0   22564   6092   5340 S   0,0  0,0   0:00.02 tcpdump
18022 root      20   0   22564   6208   5320 S   0,0  0,0   0:00.00 tcpdump
18023 root      20   0   22564   6108   5224 S   0,0  0,0   0:00.00 tcpdump
17869 root      20   0  985432 162892   8912 S   2,0  1,0   0:09.27 ovs-vswitc+
17940 root      20   0  985456 125176   8912 S   1,0  0,8   0:01.22 ovs-vswitc+
17793 root      10 -10   20924   5052   4304 S   0,0  0,0   0:00.00 ovsdb-serv+
17832 root      10 -10   26456   9860   8912 S   0,0  0,1   0:00.00 ovs-vswitc+
17865 root      20   0   20912   5004   4224 S   0,0  0,0   0:00.02 ovsdb-serv+
17936 root      20   0   20912   5096   4312 S   0,0  0,0   0:00.02 ovsdb-serv+
18017 root      20   0   22564   6036   5284 S   0,0  0,0   0:00.00 tcpdump
18018 root      20   0   22564   6096   5348 S   0,0  0,0   0:00.01 tcpdump
18019 root      20   0   22564   6048   5300 S   0,0  0,0   0:00.01 tcpdump
18020 root      20   0   22564   6160   5408 S   0,0  0,0   0:00.00 tcpdump
18021 root      20   0   22564   6092   5340 S   0,0  0,0   0:00.02 tcpdump
18022 root      20   0   22564   6208   5320 S   0,0  0,0   0:00.00 tcpdump
18023 root      20   0   22564   6108   5224 S   0,0  0,0   0:00.00 tcpdump
17940 root      20   0  985456 125176   8912 S   2,0  0,8   0:01.24 ovs-vswitc+
17865 root      20   0   20912   5004   4224 S   1,0  0,0   0:00.03 ovsdb-serv+
17869 root      20   0  985432 162892   8912 S   1,0  1,0   0:09.28 ovs-vswitc+
17793 root      10 -10   20924   5052   4304 S   0,0  0,0   0:00.00 ovsdb-serv+
17832 root      10 -10   26456   9860   8912 S   0,0  0,1   0:00.00 ovs-vswitc+
17936 root      20   0   20912   5096   4312 S   0,0  0,0   0:00.02 ovsdb-serv+
18017 root      20   0   22564   6036   5284 S   0,0  0,0   0:00.00 tcpdump
18018 root      20   0   22564   6096   5348 S   0,0  0,0   0:00.01 tcpdump
18019 root      20   0   22564   6048   5300 S   0,0  0,0   0:00.01 tcpdump
18020 root      20   0   22564   6160   5408 S   0,0  0,0   0:00.00 tcpdump
18021 root      20   0   22564   6092   5340 S   0,0  0,0   0:00.02 tcpdump
18022 root      20   0   22564   6208   5320 S   0,0  0,0   0:00.00 tcpdump
18023 root      20   0   22564   6108   5224 S   0,0  0,0   0:00.00 tcpdump
17869 root      20   0  985432 162892   8912 S   1,0  1,0   0:09.29 ovs-vswitc+
17793 root      10 -10   20924   5052   4304 S   0,0  0,0   0:00.00 ovsdb-serv+
17832 root      10 -10   26456   9860   8912 S   0,0  0,1   0:00.00 ovs-vswitc+
17865 root      20   0   20912   5004   4224 S   0,0  0,0   0:00.03 ovsdb-serv+
17936 root      20   0   20912   5096   4312 S   0,0  0,0   0:00.02 ovsdb-serv+
17940 root      20   0  985456 125176   8912 S   0,0  0,8   0:01.24 ovs-vswitc+
18017 root      20   0   22564   6036   5284 S   0,0  0,0   0:00.00 tcpdump
18018 root      20   0   22564   6096   5348 S   0,0  0,0   0:00.01 tcpdump
18019 root      20   0   22564   6048   5300 S   0,0  0,0   0:00.01 tcpdump
18020 root      20   0   22564   6160   5408 S   0,0  0,0   0:00.00 tcpdump
18021 root      20   0   22564   6092   5340 S   0,0  0,0   0:00.02 tcpdump
18022 root      20   0   22564   6208   5320 S   0,0  0,0   0:00.00 tcpdump
18023 root      20   0   22564   6108   5224 S   0,0  0,0   0:00.00 tcpdump
17869 root      20   0  985432 162892   8912 S   1,0  1,0   0:09.30 ovs-vswitc+
17940 root      20   0  985456 125176   8912 S   1,0  0,8   0:01.25 ovs-vswitc+
17793 root      10 -10   20924   5052   4304 S   0,0  0,0   0:00.00 ovsdb-serv+
17832 root      10 -10   26456   9860   8912 S   0,0  0,1   0:00.00 ovs-vswitc+
17865 root      20   0   20912   5004   4224 S   0,0  0,0   0:00.03 ovsdb-serv+
17936 root      20   0   20912   5096   4312 S   0,0  0,0   0:00.02 ovsdb-serv+
18017 root      20   0   22564   6036   5284 S   0,0  0,0   0:00.00 tcpdump
18018 root      20   0   22564   6096   5348 S   0,0  0,0   0:00.01 tcpdump
18019 root      20   0   22564   6048   5300 S   0,0  0,0   0:00.01 tcpdump
18020 root      20   0   22564   6160   5408 S   0,0  0,0   0:00.00 tcpdump
18021 root      20   0   22564   6092   5340 S   0,0  0,0   0:00.02 tcpdump
18022 root      20   0   22564   6208   5320 S   0,0  0,0   0:00.00 tcpdump
18023 root      20   0   22564   6108   5224 S   0,0  0,0   0:00.00 tcpdump
17869 root      20   0  985432 162892   8912 S   1,0  1,0   0:09.31 ovs-vswitc+
17940 root      20   0  985456 125176   8912 S   1,0  0,8   0:01.26 ovs-vswitc+
17793 root      10 -10   20924   5052   4304 S   0,0  0,0   0:00.00 ovsdb-serv+
17832 root      10 -10   26456   9860   8912 S   0,0  0,1   0:00.00 ovs-vswitc+
17865 root      20   0   20912   5004   4224 S   0,0  0,0   0:00.03 ovsdb-serv+
17936 root      20   0   20912   5096   4312 S   0,0  0,0   0:00.02 ovsdb-serv+
18017 root      20   0   22564   6036   5284 S   0,0  0,0   0:00.00 tcpdump
18018 root      20   0   22564   6096   5348 S   0,0  0,0   0:00.01 tcpdump
18019 root      20   0   22564   6048   5300 S   0,0  0,0   0:00.01 tcpdump
18020 root      20   0   22564   6160   5408 S   0,0  0,0   0:00.00 tcpdump
18021 root      20   0   22564   6092   5340 S   0,0  0,0   0:00.02 tcpdump
18022 root      20   0   22564   6208   5320 S   0,0  0,0   0:00.00 tcpdump
18023 root      20   0   22564   6108   5224 S   0,0  0,0   0:00.00 tcpdump
17940 root      20   0  985488 125208   8912 S   2,0  0,8   0:01.28 ovs-vswitc+
17869 root      20   0  985432 162892   8912 S   1,0  1,0   0:09.32 ovs-vswitc+
17793 root      10 -10   20924   5052   4304 S   0,0  0,0   0:00.00 ovsdb-serv+
17832 root      10 -10   26456   9860   8912 S   0,0  0,1   0:00.00 ovs-vswitc+
17865 root      20   0   20912   5004   4224 S   0,0  0,0   0:00.03 ovsdb-serv+
17936 root      20   0   20912   5096   4312 S   0,0  0,0   0:00.02 ovsdb-serv+
18017 root      20   0   22564   6036   5284 S   0,0  0,0   0:00.00 tcpdump
18018 root      20   0   22564   6096   5348 S   0,0  0,0   0:00.01 tcpdump
18019 root      20   0   22564   6048   5300 S   0,0  0,0   0:00.01 tcpdump
18020 root      20   0   22564   6160   5408 S   0,0  0,0   0:00.00 tcpdump
18021 root      20   0   22564   6092   5340 S   0,0  0,0   0:00.02 tcpdump
18022 root      20   0   22564   6208   5320 S   0,0  0,0   0:00.00 tcpdump
18023 root      20   0   22564   6108   5224 S   0,0  0,0   0:00.00 tcpdump
17869 root      20   0  985432 162892   8912 S   1,0  1,0   0:09.33 ovs-vswitc+
17793 root      10 -10   20924   5052   4304 S   0,0  0,0   0:00.00 ovsdb-serv+
17832 root      10 -10   26456   9860   8912 S   0,0  0,1   0:00.00 ovs-vswitc+
17865 root      20   0   20912   5004   4224 S   0,0  0,0   0:00.03 ovsdb-serv+
17936 root      20   0   20912   5096   4312 S   0,0  0,0   0:00.02 ovsdb-serv+
17940 root      20   0  985488 125208   8912 S   0,0  0,8   0:01.28 ovs-vswitc+
18017 root      20   0   22564   6036   5284 S   0,0  0,0   0:00.00 tcpdump
18018 root      20   0   22564   6096   5348 S   0,0  0,0   0:00.01 tcpdump
18019 root      20   0   22564   6048   5300 S   0,0  0,0   0:00.01 tcpdump
18020 root      20   0   22564   6160   5408 S   0,0  0,0   0:00.00 tcpdump
18021 root      20   0   22564   6092   5340 S   0,0  0,0   0:00.02 tcpdump
18022 root      20   0   22564   6208   5320 S   0,0  0,0   0:00.00 tcpdump
18023 root      20   0   22564   6108   5224 S   0,0  0,0   0:00.00 tcpdump
17869 root      20   0  985432 162892   8912 S   1,0  1,0   0:09.34 ovs-vswitc+
17940 root      20   0  985488 125208   8912 S   1,0  0,8   0:01.29 ovs-vswitc+
17793 root      10 -10   20924   5052   4304 S   0,0  0,0   0:00.00 ovsdb-serv+
17832 root      10 -10   26456   9860   8912 S   0,0  0,1   0:00.00 ovs-vswitc+
17865 root      20   0   20912   5004   4224 S   0,0  0,0   0:00.03 ovsdb-serv+
17936 root      20   0   20912   5096   4312 S   0,0  0,0   0:00.02 ovsdb-serv+
18017 root      20   0   22564   6036   5284 S   0,0  0,0   0:00.00 tcpdump
18018 root      20   0   22564   6096   5348 S   0,0  0,0   0:00.01 tcpdump
18019 root      20   0   22564   6048   5300 S   0,0  0,0   0:00.01 tcpdump
18020 root      20   0   22564   6160   5408 S   0,0  0,0   0:00.00 tcpdump
18021 root      20   0   22564   6092   5340 S   0,0  0,0   0:00.02 tcpdump
18022 root      20   0   22564   6208   5320 S   0,0  0,0   0:00.00 tcpdump
18023 root      20   0   22564   6108   5224 S   0,0  0,0   0:00.00 tcpdump
17869 root      20   0  985432 162892   8912 S   1,0  1,0   0:09.35 ovs-vswitc+
17940 root      20   0  985488 125208   8912 S   1,0  0,8   0:01.30 ovs-vswitc+
17793 root      10 -10   20924   5052   4304 S   0,0  0,0   0:00.00 ovsdb-serv+
17832 root      10 -10   26456   9860   8912 S   0,0  0,1   0:00.00 ovs-vswitc+
17865 root      20   0   20912   5004   4224 S   0,0  0,0   0:00.03 ovsdb-serv+
17936 root      20   0   20912   5096   4312 S   0,0  0,0   0:00.02 ovsdb-serv+
18017 root      20   0   22564   6036   5284 S   0,0  0,0   0:00.00 tcpdump
18018 root      20   0   22564   6096   5348 S   0,0  0,0   0:00.01 tcpdump
18019 root      20   0   22564   6048   5300 S   0,0  0,0   0:00.01 tcpdump
18020 root      20   0   22564   6160   5408 S   0,0  0,0   0:00.00 tcpdump
18021 root      20   0   22564   6092   5340 S   0,0  0,0   0:00.02 tcpdump
18022 root      20   0   22564   6208   5320 S   0,0  0,0   0:00.00 tcpdump
18023 root      20   0   22564   6108   5224 S   0,0  0,0   0:00.00 tcpdump
17869 root      20   0  985432 162892   8912 S   1,0  1,0   0:09.36 ovs-vswitc+
17940 root      20   0  985488 125208   8912 S   1,0  0,8   0:01.31 ovs-vswitc+
17793 root      10 -10   20924   5052   4304 S   0,0  0,0   0:00.00 ovsdb-serv+
17832 root      10 -10   26456   9860   8912 S   0,0  0,1   0:00.00 ovs-vswitc+
17865 root      20   0   20912   5004   4224 S   0,0  0,0   0:00.03 ovsdb-serv+
17936 root      20   0   20912   5096   4312 S   0,0  0,0   0:00.02 ovsdb-serv+
18017 root      20   0   22564   6036   5284 S   0,0  0,0   0:00.00 tcpdump
18018 root      20   0   22564   6096   5348 S   0,0  0,0   0:00.01 tcpdump
18019 root      20   0   22564   6048   5300 S   0,0  0,0   0:00.01 tcpdump
18020 root      20   0   22564   6160   5408 S   0,0  0,0   0:00.00 tcpdump
18021 root      20   0   22564   6092   5340 S   0,0  0,0   0:00.02 tcpdump
18022 root      20   0   22564   6208   5320 S   0,0  0,0   0:00.00 tcpdump
18023 root      20   0   22564   6108   5224 S   0,0  0,0   0:00.00 tcpdump
17793 root      10 -10   20924   5052   4304 S   0,0  0,0   0:00.00 ovsdb-serv+
17832 root      10 -10   26456   9860   8912 S   0,0  0,1   0:00.00 ovs-vswitc+
17865 root      20   0   20912   5004   4224 S   0,0  0,0   0:00.03 ovsdb-serv+
17869 root      20   0  985432 162892   8912 S   0,0  1,0   0:09.36 ovs-vswitc+
17936 root      20   0   20912   5096   4312 S   0,0  0,0   0:00.02 ovsdb-serv+
17940 root      20   0  985488 125208   8912 S   0,0  0,8   0:01.31 ovs-vswitc+
18017 root      20   0   22564   6036   5284 S   0,0  0,0   0:00.00 tcpdump
18018 root      20   0   22564   6096   5348 S   0,0  0,0   0:00.01 tcpdump
18019 root      20   0   22564   6048   5300 S   0,0  0,0   0:00.01 tcpdump
18020 root      20   0   22564   6160   5408 S   0,0  0,0   0:00.00 tcpdump
18021 root      20   0   22564   6092   5340 S   0,0  0,0   0:00.02 tcpdump
18022 root      20   0   22564   6208   5320 S   0,0  0,0   0:00.00 tcpdump
18023 root      20   0   22564   6108   5224 S   0,0  0,0   0:00.00 tcpdump
17940 root      20   0  985488 125208   8912 S   2,0  0,8   0:01.33 ovs-vswitc+
17869 root      20   0  985432 162892   8912 S   1,0  1,0   0:09.37 ovs-vswitc+
17793 root      10 -10   20924   5052   4304 S   0,0  0,0   0:00.00 ovsdb-serv+
17832 root      10 -10   26456   9860   8912 S   0,0  0,1   0:00.00 ovs-vswitc+
17865 root      20   0   20912   5004   4224 S   0,0  0,0   0:00.03 ovsdb-serv+
17936 root      20   0   20912   5096   4312 S   0,0  0,0   0:00.02 ovsdb-serv+
18017 root      20   0   22564   6036   5284 S   0,0  0,0   0:00.00 tcpdump
18018 root      20   0   22564   6096   5348 S   0,0  0,0   0:00.01 tcpdump
18019 root      20   0   22564   6048   5300 S   0,0  0,0   0:00.01 tcpdump
18020 root      20   0   22564   6160   5408 S   0,0  0,0   0:00.00 tcpdump
18021 root      20   0   22564   6092   5340 S   0,0  0,0   0:00.02 tcpdump
18022 root      20   0   22564   6208   5320 S   0,0  0,0   0:00.00 tcpdump
18023 root      20   0   22564   6108   5224 S   0,0  0,0   0:00.00 tcpdump
17793 root      10 -10   20924   5052   4304 S   0,0  0,0   0:00.00 ovsdb-serv+
17832 root      10 -10   26456   9860   8912 S   0,0  0,1   0:00.00 ovs-vswitc+
17865 root      20   0   20912   5004   4224 S   0,0  0,0   0:00.03 ovsdb-serv+
17869 root      20   0  985432 162892   8912 S   0,0  1,0   0:09.37 ovs-vswitc+
17936 root      20   0   20912   5096   4312 S   0,0  0,0   0:00.02 ovsdb-serv+
17940 root      20   0  985488 125208   8912 S   0,0  0,8   0:01.33 ovs-vswitc+
18017 root      20   0   22564   6036   5284 S   0,0  0,0   0:00.00 tcpdump
18018 root      20   0   22564   6096   5348 S   0,0  0,0   0:00.01 tcpdump
18019 root      20   0   22564   6048   5300 S   0,0  0,0   0:00.01 tcpdump
18020 root      20   0   22564   6160   5408 S   0,0  0,0   0:00.00 tcpdump
18021 root      20   0   22564   6092   5340 S   0,0  0,0   0:00.02 tcpdump
18022 root      20   0   22564   6208   5320 S   0,0  0,0   0:00.00 tcpdump
18023 root      20   0   22564   6108   5224 S   0,0  0,0   0:00.00 tcpdump
17869 root      20   0  985432 162892   8912 S   2,0  1,0   0:09.39 ovs-vswitc+
17793 root      10 -10   20924   5052   4304 S   0,0  0,0   0:00.00 ovsdb-serv+
17832 root      10 -10   26456   9860   8912 S   0,0  0,1   0:00.00 ovs-vswitc+
17865 root      20   0   20912   5004   4224 S   0,0  0,0   0:00.03 ovsdb-serv+
17936 root      20   0   20912   5096   4312 S   0,0  0,0   0:00.02 ovsdb-serv+
17940 root      20   0  985488 125208   8912 S   0,0  0,8   0:01.33 ovs-vswitc+
18017 root      20   0   22564   6036   5284 S   0,0  0,0   0:00.00 tcpdump
18018 root      20   0   22564   6096   5348 S   0,0  0,0   0:00.01 tcpdump
18019 root      20   0   22564   6048   5300 S   0,0  0,0   0:00.01 tcpdump
18020 root      20   0   22564   6160   5408 S   0,0  0,0   0:00.00 tcpdump
18021 root      20   0   22564   6092   5340 S   0,0  0,0   0:00.02 tcpdump
18022 root      20   0   22564   6208   5320 S   0,0  0,0   0:00.00 tcpdump
18023 root      20   0   22564   6108   5224 S   0,0  0,0   0:00.00 tcpdump
17869 root      20   0  985432 162892   8912 S   2,0  1,0   0:09.41 ovs-vswitc+
17940 root      20   0  985488 125208   8912 S   2,0  0,8   0:01.35 ovs-vswitc+
17793 root      10 -10   20924   5052   4304 S   0,0  0,0   0:00.00 ovsdb-serv+
17832 root      10 -10   26456   9860   8912 S   0,0  0,1   0:00.00 ovs-vswitc+
17865 root      20   0   20912   5004   4224 S   0,0  0,0   0:00.03 ovsdb-serv+
17936 root      20   0   20912   5096   4312 S   0,0  0,0   0:00.02 ovsdb-serv+
18017 root      20   0   22564   6036   5284 S   0,0  0,0   0:00.00 tcpdump
18018 root      20   0   22564   6096   5348 S   0,0  0,0   0:00.01 tcpdump
18019 root      20   0   22564   6048   5300 S   0,0  0,0   0:00.01 tcpdump
18020 root      20   0   22564   6160   5408 S   0,0  0,0   0:00.00 tcpdump
18021 root      20   0   22564   6092   5340 S   0,0  0,0   0:00.02 tcpdump
18022 root      20   0   22564   6208   5320 S   0,0  0,0   0:00.00 tcpdump
18023 root      20   0   22564   6108   5224 S   0,0  0,0   0:00.00 tcpdump
17869 root      20   0  985432 162892   8912 S   1,0  1,0   0:09.42 ovs-vswitc+
17793 root      10 -10   20924   5052   4304 S   0,0  0,0   0:00.00 ovsdb-serv+
17832 root      10 -10   26456   9860   8912 S   0,0  0,1   0:00.00 ovs-vswitc+
17865 root      20   0   20912   5004   4224 S   0,0  0,0   0:00.03 ovsdb-serv+
17936 root      20   0   20912   5096   4312 S   0,0  0,0   0:00.02 ovsdb-serv+
17940 root      20   0  985488 125208   8912 S   0,0  0,8   0:01.35 ovs-vswitc+
18017 root      20   0   22564   6036   5284 S   0,0  0,0   0:00.00 tcpdump
18018 root      20   0   22564   6096   5348 S   0,0  0,0   0:00.01 tcpdump
18019 root      20   0   22564   6048   5300 S   0,0  0,0   0:00.01 tcpdump
18020 root      20   0   22564   6160   5408 S   0,0  0,0   0:00.00 tcpdump
18021 root      20   0   22564   6092   5340 S   0,0  0,0   0:00.02 tcpdump
18022 root      20   0   22564   6208   5320 S   0,0  0,0   0:00.00 tcpdump
18023 root      20   0   22564   6108   5224 S   0,0  0,0   0:00.00 tcpdump
17940 root      20   0  985488 125208   8912 S   2,0  0,8   0:01.37 ovs-vswitc+
17869 root      20   0  985432 162892   8912 S   1,0  1,0   0:09.43 ovs-vswitc+
17793 root      10 -10   20924   5052   4304 S   0,0  0,0   0:00.00 ovsdb-serv+
17832 root      10 -10   26456   9860   8912 S   0,0  0,1   0:00.00 ovs-vswitc+
17865 root      20   0   20912   5004   4224 S   0,0  0,0   0:00.03 ovsdb-serv+
17936 root      20   0   20912   5096   4312 S   0,0  0,0   0:00.02 ovsdb-serv+
18017 root      20   0   22564   6036   5284 S   0,0  0,0   0:00.00 tcpdump
18018 root      20   0   22564   6096   5348 S   0,0  0,0   0:00.01 tcpdump
18019 root      20   0   22564   6048   5300 S   0,0  0,0   0:00.01 tcpdump
18020 root      20   0   22564   6160   5408 S   0,0  0,0   0:00.00 tcpdump
18021 root      20   0   22564   6092   5340 S   0,0  0,0   0:00.02 tcpdump
18022 root      20   0   22564   6208   5320 S   0,0  0,0   0:00.00 tcpdump
18023 root      20   0   22564   6108   5224 S   0,0  0,0   0:00.00 tcpdump
17869 root      20   0  985432 162892   8912 S   1,0  1,0   0:09.44 ovs-vswitc+
17793 root      10 -10   20924   5052   4304 S   0,0  0,0   0:00.00 ovsdb-serv+
17832 root      10 -10   26456   9860   8912 S   0,0  0,1   0:00.00 ovs-vswitc+
17865 root      20   0   20912   5004   4224 S   0,0  0,0   0:00.03 ovsdb-serv+
17936 root      20   0   20912   5096   4312 S   0,0  0,0   0:00.02 ovsdb-serv+
17940 root      20   0  985488 125208   8912 S   0,0  0,8   0:01.37 ovs-vswitc+
18017 root      20   0   22564   6036   5284 S   0,0  0,0   0:00.00 tcpdump
18018 root      20   0   22564   6096   5348 S   0,0  0,0   0:00.01 tcpdump
18019 root      20   0   22564   6048   5300 S   0,0  0,0   0:00.01 tcpdump
18020 root      20   0   22564   6160   5408 S   0,0  0,0   0:00.00 tcpdump
18021 root      20   0   22564   6092   5340 S   0,0  0,0   0:00.02 tcpdump
18022 root      20   0   22564   6208   5320 S   0,0  0,0   0:00.00 tcpdump
18023 root      20   0   22564   6108   5224 S   0,0  0,0   0:00.00 tcpdump
17869 root      20   0  985432 162892   8912 S   1,0  1,0   0:09.45 ovs-vswitc+
17940 root      20   0  985488 125208   8912 S   1,0  0,8   0:01.38 ovs-vswitc+
17793 root      10 -10   20924   5052   4304 S   0,0  0,0   0:00.00 ovsdb-serv+
17832 root      10 -10   26456   9860   8912 S   0,0  0,1   0:00.00 ovs-vswitc+
17865 root      20   0   20912   5004   4224 S   0,0  0,0   0:00.03 ovsdb-serv+
17936 root      20   0   20912   5096   4312 S   0,0  0,0   0:00.02 ovsdb-serv+
18017 root      20   0   22564   6036   5284 S   0,0  0,0   0:00.00 tcpdump
18018 root      20   0   22564   6096   5348 S   0,0  0,0   0:00.01 tcpdump
18019 root      20   0   22564   6048   5300 S   0,0  0,0   0:00.01 tcpdump
18020 root      20   0   22564   6160   5408 S   0,0  0,0   0:00.00 tcpdump
18021 root      20   0   22564   6092   5340 S   0,0  0,0   0:00.02 tcpdump
18022 root      20   0   22564   6208   5320 S   0,0  0,0   0:00.00 tcpdump
18023 root      20   0   22564   6108   5224 S   0,0  0,0   0:00.00 tcpdump
17869 root      20   0  985432 162892   8912 S   1,0  1,0   0:09.46 ovs-vswitc+
17940 root      20   0  985488 125208   8912 S   1,0  0,8   0:01.39 ovs-vswitc+
17793 root      10 -10   20924   5052   4304 S   0,0  0,0   0:00.00 ovsdb-serv+
17832 root      10 -10   26456   9860   8912 S   0,0  0,1   0:00.00 ovs-vswitc+
17865 root      20   0   20912   5004   4224 S   0,0  0,0   0:00.03 ovsdb-serv+
17936 root      20   0   20912   5096   4312 S   0,0  0,0   0:00.02 ovsdb-serv+
18017 root      20   0   22564   6036   5284 S   0,0  0,0   0:00.00 tcpdump
18018 root      20   0   22564   6096   5348 S   0,0  0,0   0:00.01 tcpdump
18019 root      20   0   22564   6048   5300 S   0,0  0,0   0:00.01 tcpdump
18020 root      20   0   22564   6160   5408 S   0,0  0,0   0:00.00 tcpdump
18021 root      20   0   22564   6092   5340 S   0,0  0,0   0:00.02 tcpdump
18022 root      20   0   22564   6208   5320 S   0,0  0,0   0:00.00 tcpdump
18023 root      20   0   22564   6108   5224 S   0,0  0,0   0:00.00 tcpdump
17869 root      20   0  985432 162892   8912 S   1,0  1,0   0:09.47 ovs-vswitc+
17940 root      20   0  985488 125208   8912 S   1,0  0,8   0:01.40 ovs-vswitc+
17793 root      10 -10   20924   5052   4304 S   0,0  0,0   0:00.00 ovsdb-serv+
17832 root      10 -10   26456   9860   8912 S   0,0  0,1   0:00.00 ovs-vswitc+
17865 root      20   0   20912   5004   4224 S   0,0  0,0   0:00.03 ovsdb-serv+
17936 root      20   0   20912   5096   4312 S   0,0  0,0   0:00.02 ovsdb-serv+
18017 root      20   0   22564   6036   5284 S   0,0  0,0   0:00.00 tcpdump
18018 root      20   0   22564   6096   5348 S   0,0  0,0   0:00.01 tcpdump
18019 root      20   0   22564   6048   5300 S   0,0  0,0   0:00.01 tcpdump
18020 root      20   0   22564   6160   5408 S   0,0  0,0   0:00.00 tcpdump
18021 root      20   0   22564   6092   5340 S   0,0  0,0   0:00.02 tcpdump
18022 root      20   0   22564   6208   5320 S   0,0  0,0   0:00.00 tcpdump
18023 root      20   0   22564   6108   5224 S   0,0  0,0   0:00.00 tcpdump
17869 root      20   0  985468 162928   8912 S   2,0  1,0   0:09.49 ovs-vswitc+
17940 root      20   0  985488 125208   8912 S   2,0  0,8   0:01.42 ovs-vswitc+
17793 root      10 -10   20924   5052   4304 S   0,0  0,0   0:00.00 ovsdb-serv+
17832 root      10 -10   26456   9860   8912 S   0,0  0,1   0:00.00 ovs-vswitc+
17865 root      20   0   20912   5004   4224 S   0,0  0,0   0:00.03 ovsdb-serv+
17936 root      20   0   20912   5096   4312 S   0,0  0,0   0:00.02 ovsdb-serv+
18017 root      20   0   22564   6036   5284 S   0,0  0,0   0:00.00 tcpdump
18018 root      20   0   22564   6096   5348 S   0,0  0,0   0:00.01 tcpdump
18019 root      20   0   22564   6048   5300 S   0,0  0,0   0:00.01 tcpdump
18020 root      20   0   22564   6160   5408 S   0,0  0,0   0:00.00 tcpdump
18021 root      20   0   22564   6092   5340 S   0,0  0,0   0:00.02 tcpdump
18022 root      20   0   22564   6208   5320 S   0,0  0,0   0:00.00 tcpdump
18023 root      20   0   22564   6108   5224 S   0,0  0,0   0:00.00 tcpdump
17869 root      20   0  985468 162928   8912 S   1,0  1,0   0:09.50 ovs-vswitc+
17793 root      10 -10   20924   5052   4304 S   0,0  0,0   0:00.00 ovsdb-serv+
17832 root      10 -10   26456   9860   8912 S   0,0  0,1   0:00.00 ovs-vswitc+
17865 root      20   0   20912   5004   4224 S   0,0  0,0   0:00.03 ovsdb-serv+
17936 root      20   0   20912   5096   4312 S   0,0  0,0   0:00.02 ovsdb-serv+
17940 root      20   0  985488 125208   8912 S   0,0  0,8   0:01.42 ovs-vswitc+
18017 root      20   0   22564   6036   5284 S   0,0  0,0   0:00.00 tcpdump
18018 root      20   0   22564   6096   5348 S   0,0  0,0   0:00.01 tcpdump
18019 root      20   0   22564   6048   5300 S   0,0  0,0   0:00.01 tcpdump
18020 root      20   0   22564   6160   5408 S   0,0  0,0   0:00.00 tcpdump
18021 root      20   0   22564   6092   5340 S   0,0  0,0   0:00.02 tcpdump
18022 root      20   0   22564   6208   5320 S   0,0  0,0   0:00.00 tcpdump
18023 root      20   0   22564   6108   5224 S   0,0  0,0   0:00.00 tcpdump
17940 root      20   0  985488 125208   8912 S   2,0  0,8   0:01.44 ovs-vswitc+
17869 root      20   0  985468 162928   8912 S   1,0  1,0   0:09.51 ovs-vswitc+
17793 root      10 -10   20924   5052   4304 S   0,0  0,0   0:00.00 ovsdb-serv+
17832 root      10 -10   26456   9860   8912 S   0,0  0,1   0:00.00 ovs-vswitc+
17865 root      20   0   20912   5004   4224 S   0,0  0,0   0:00.03 ovsdb-serv+
17936 root      20   0   20912   5096   4312 S   0,0  0,0   0:00.02 ovsdb-serv+
18017 root      20   0   22564   6036   5284 S   0,0  0,0   0:00.00 tcpdump
18018 root      20   0   22564   6096   5348 S   0,0  0,0   0:00.01 tcpdump
18019 root      20   0   22564   6048   5300 S   0,0  0,0   0:00.01 tcpdump
18020 root      20   0   22564   6160   5408 S   0,0  0,0   0:00.00 tcpdump
18021 root      20   0   22564   6092   5340 S   0,0  0,0   0:00.02 tcpdump
18022 root      20   0   22564   6208   5320 S   0,0  0,0   0:00.00 tcpdump
18023 root      20   0   22564   6108   5224 S   0,0  0,0   0:00.00 tcpdump
17793 root      10 -10   20924   5052   4304 S   0,0  0,0   0:00.00 ovsdb-serv+
17832 root      10 -10   26456   9860   8912 S   0,0  0,1   0:00.00 ovs-vswitc+
17865 root      20   0   20912   5004   4224 S   0,0  0,0   0:00.03 ovsdb-serv+
17869 root      20   0  985468 162928   8912 S   0,0  1,0   0:09.51 ovs-vswitc+
17936 root      20   0   20912   5096   4312 S   0,0  0,0   0:00.02 ovsdb-serv+
17940 root      20   0  985488 125208   8912 S   0,0  0,8   0:01.44 ovs-vswitc+
18017 root      20   0   22564   6036   5284 S   0,0  0,0   0:00.00 tcpdump
18018 root      20   0   22564   6096   5348 S   0,0  0,0   0:00.01 tcpdump
18019 root      20   0   22564   6048   5300 S   0,0  0,0   0:00.01 tcpdump
18020 root      20   0   22564   6160   5408 S   0,0  0,0   0:00.00 tcpdump
18021 root      20   0   22564   6092   5340 S   0,0  0,0   0:00.02 tcpdump
18022 root      20   0   22564   6208   5320 S   0,0  0,0   0:00.00 tcpdump
18023 root      20   0   22564   6108   5224 S   0,0  0,0   0:00.00 tcpdump
17869 root      20   0  985468 162928   8912 S   1,0  1,0   0:09.52 ovs-vswitc+
17940 root      20   0  985488 125208   8912 S   1,0  0,8   0:01.45 ovs-vswitc+
17793 root      10 -10   20924   5052   4304 S   0,0  0,0   0:00.00 ovsdb-serv+
17832 root      10 -10   26456   9860   8912 S   0,0  0,1   0:00.00 ovs-vswitc+
17865 root      20   0   20912   5004   4224 S   0,0  0,0   0:00.03 ovsdb-serv+
17936 root      20   0   20912   5096   4312 S   0,0  0,0   0:00.02 ovsdb-serv+
18017 root      20   0   22564   6036   5284 S   0,0  0,0   0:00.00 tcpdump
18018 root      20   0   22564   6096   5348 S   0,0  0,0   0:00.01 tcpdump
18019 root      20   0   22564   6048   5300 S   0,0  0,0   0:00.01 tcpdump
18020 root      20   0   22564   6160   5408 S   0,0  0,0   0:00.00 tcpdump
18021 root      20   0   22564   6092   5340 S   0,0  0,0   0:00.02 tcpdump
18022 root      20   0   22564   6208   5320 S   0,0  0,0   0:00.00 tcpdump
18023 root      20   0   22564   6108   5224 S   0,0  0,0   0:00.00 tcpdump
17869 root      20   0  985468 162928   8912 S   1,0  1,0   0:09.53 ovs-vswitc+
17940 root      20   0  985488 125208   8912 S   1,0  0,8   0:01.46 ovs-vswitc+
17793 root      10 -10   20924   5052   4304 S   0,0  0,0   0:00.00 ovsdb-serv+
17832 root      10 -10   26456   9860   8912 S   0,0  0,1   0:00.00 ovs-vswitc+
17865 root      20   0   20912   5004   4224 S   0,0  0,0   0:00.03 ovsdb-serv+
17936 root      20   0   20912   5096   4312 S   0,0  0,0   0:00.02 ovsdb-serv+
18017 root      20   0   22564   6036   5284 S   0,0  0,0   0:00.00 tcpdump
18018 root      20   0   22564   6096   5348 S   0,0  0,0   0:00.01 tcpdump
18019 root      20   0   22564   6048   5300 S   0,0  0,0   0:00.01 tcpdump
18020 root      20   0   22564   6160   5408 S   0,0  0,0   0:00.00 tcpdump
18021 root      20   0   22564   6092   5340 S   0,0  0,0   0:00.02 tcpdump
18022 root      20   0   22564   6208   5320 S   0,0  0,0   0:00.00 tcpdump
18023 root      20   0   22564   6108   5224 S   0,0  0,0   0:00.00 tcpdump
17869 root      20   0  985468 162928   8912 S   1,0  1,0   0:09.54 ovs-vswitc+
17940 root      20   0  985488 125208   8912 S   1,0  0,8   0:01.47 ovs-vswitc+
17793 root      10 -10   20924   5052   4304 S   0,0  0,0   0:00.00 ovsdb-serv+
17832 root      10 -10   26456   9860   8912 S   0,0  0,1   0:00.00 ovs-vswitc+
17865 root      20   0   20912   5004   4224 S   0,0  0,0   0:00.03 ovsdb-serv+
17936 root      20   0   20912   5096   4312 S   0,0  0,0   0:00.02 ovsdb-serv+
18017 root      20   0   22564   6036   5284 S   0,0  0,0   0:00.00 tcpdump
18018 root      20   0   22564   6096   5348 S   0,0  0,0   0:00.01 tcpdump
18019 root      20   0   22564   6048   5300 S   0,0  0,0   0:00.01 tcpdump
18020 root      20   0   22564   6160   5408 S   0,0  0,0   0:00.00 tcpdump
18021 root      20   0   22564   6092   5340 S   0,0  0,0   0:00.02 tcpdump
18022 root      20   0   22564   6208   5320 S   0,0  0,0   0:00.00 tcpdump
18023 root      20   0   22564   6108   5224 S   0,0  0,0   0:00.00 tcpdump
17869 root      20   0  985468 162928   8912 S   1,0  1,0   0:09.55 ovs-vswitc+
17940 root      20   0  985488 125208   8912 S   1,0  0,8   0:01.48 ovs-vswitc+
17793 root      10 -10   20924   5052   4304 S   0,0  0,0   0:00.00 ovsdb-serv+
17832 root      10 -10   26456   9860   8912 S   0,0  0,1   0:00.00 ovs-vswitc+
17865 root      20   0   20912   5004   4224 S   0,0  0,0   0:00.03 ovsdb-serv+
17936 root      20   0   20912   5096   4312 S   0,0  0,0   0:00.02 ovsdb-serv+
18017 root      20   0   22564   6036   5284 S   0,0  0,0   0:00.00 tcpdump
18018 root      20   0   22564   6096   5348 S   0,0  0,0   0:00.01 tcpdump
18019 root      20   0   22564   6048   5300 S   0,0  0,0   0:00.01 tcpdump
18020 root      20   0   22564   6160   5408 S   0,0  0,0   0:00.00 tcpdump
18021 root      20   0   22564   6092   5340 S   0,0  0,0   0:00.02 tcpdump
18022 root      20   0   22564   6208   5320 S   0,0  0,0   0:00.00 tcpdump
18023 root      20   0   22564   6108   5224 S   0,0  0,0   0:00.00 tcpdump
17940 root      20   0  985488 125208   8912 S   2,0  0,8   0:01.50 ovs-vswitc+
17793 root      10 -10   20924   5052   4304 S   0,0  0,0   0:00.00 ovsdb-serv+
17832 root      10 -10   26456   9860   8912 S   0,0  0,1   0:00.00 ovs-vswitc+
17865 root      20   0   20912   5004   4224 S   0,0  0,0   0:00.03 ovsdb-serv+
17869 root      20   0  985468 162928   8912 S   0,0  1,0   0:09.55 ovs-vswitc+
17936 root      20   0   20912   5096   4312 S   0,0  0,0   0:00.02 ovsdb-serv+
18017 root      20   0   22564   6036   5284 S   0,0  0,0   0:00.00 tcpdump
18018 root      20   0   22564   6096   5348 S   0,0  0,0   0:00.01 tcpdump
18019 root      20   0   22564   6048   5300 S   0,0  0,0   0:00.01 tcpdump
18020 root      20   0   22564   6160   5408 S   0,0  0,0   0:00.00 tcpdump
18021 root      20   0   22564   6092   5340 S   0,0  0,0   0:00.02 tcpdump
18022 root      20   0   22564   6208   5320 S   0,0  0,0   0:00.00 tcpdump
18023 root      20   0   22564   6108   5224 S   0,0  0,0   0:00.00 tcpdump
17869 root      20   0  985468 162928   8912 S   1,0  1,0   0:09.56 ovs-vswitc+
17793 root      10 -10   20924   5052   4304 S   0,0  0,0   0:00.00 ovsdb-serv+
17832 root      10 -10   26456   9860   8912 S   0,0  0,1   0:00.00 ovs-vswitc+
17865 root      20   0   20912   5004   4224 S   0,0  0,0   0:00.03 ovsdb-serv+
17936 root      20   0   20912   5096   4312 S   0,0  0,0   0:00.02 ovsdb-serv+
17940 root      20   0  985488 125208   8912 S   0,0  0,8   0:01.50 ovs-vswitc+
18017 root      20   0   22564   6036   5284 S   0,0  0,0   0:00.00 tcpdump
18018 root      20   0   22564   6096   5348 S   0,0  0,0   0:00.01 tcpdump
18019 root      20   0   22564   6048   5300 S   0,0  0,0   0:00.01 tcpdump
18020 root      20   0   22564   6160   5408 S   0,0  0,0   0:00.00 tcpdump
18021 root      20   0   22564   6092   5340 S   0,0  0,0   0:00.02 tcpdump
18022 root      20   0   22564   6208   5320 S   0,0  0,0   0:00.00 tcpdump
18023 root      20   0   22564   6108   5224 S   0,0  0,0   0:00.00 tcpdump
17869 root      20   0  985468 162928   8912