 3457 root      20   0  985296 118364   8912 S  13,3  0,7   0:00.13 ovs-vswitc+
 3527 root      20   0  985300 118364   8912 S  13,3  0,7   0:00.11 ovs-vswitc+
 3353 root      10 -10   20924   4904   4148 S   0,0  0,0   0:00.00 ovsdb-serv+
 3392 root      10 -10   26456   9856   8912 S   0,0  0,1   0:00.00 ovs-vswitc+
 3453 root      20   0   20912   4912   4128 S   0,0  0,0   0:00.00 ovsdb-serv+
 3523 root      20   0   20912   4892   4112 S   0,0  0,0   0:00.00 ovsdb-serv+
 3602 root      20   0   22564   6020   5272 S   0,0  0,0   0:00.00 tcpdump
 3603 root      20   0   22564   6152   5400 S   0,0  0,0   0:00.00 tcpdump
 3604 root      20   0   22564   6032   5284 S   0,0  0,0   0:00.00 tcpdump
 3605 root      20   0   22564   5992   5244 S   0,0  0,0   0:00.00 tcpdump
 3606 root      20   0   22564   6164   5416 S   0,0  0,0   0:00.00 tcpdump
 3607 root      20   0   22564   5992   5252 S   0,0  0,0   0:00.00 tcpdump
 3608 root      20   0   22564   6192   5300 S   0,0  0,0   0:00.00 tcpdump
 3457 root      20   0  985296 118364   8912 S   1,0  0,7   0:00.14 ovs-vswitc+
 3353 root      10 -10   20924   4904   4148 S   0,0  0,0   0:00.00 ovsdb-serv+
 3392 root      10 -10   26456   9856   8912 S   0,0  0,1   0:00.00 ovs-vswitc+
 3453 root      20   0   20912   4912   4128 S   0,0  0,0   0:00.00 ovsdb-serv+
 3523 root      20   0   20912   4892   4112 S   0,0  0,0   0:00.00 ovsdb-serv+
 3527 root      20   0  985300 118364   8912 S   0,0  0,7   0:00.11 ovs-vswitc+
 3602 root      20   0   22564   6020   5272 S   0,0  0,0   0:00.00 tcpdump
 3603 root      20   0   22564   6152   5400 S   0,0  0,0   0:00.00 tcpdump
 3604 root      20   0   22564   6032   5284 S   0,0  0,0   0:00.00 tcpdump
 3605 root      20   0   22564   5992   5244 S   0,0  0,0   0:00.00 tcpdump
 3606 root      20   0   22564   6164   5416 S   0,0  0,0   0:00.00 tcpdump
 3607 root      20   0   22564   5992   5252 S   0,0  0,0   0:00.00 tcpdump
 3608 root      20   0   22564   6192   5300 S   0,0  0,0   0:00.00 tcpdump
 3527 root      20   0  985300 118364   8912 S   1,0  0,7   0:00.12 ovs-vswitc+
 3353 root      10 -10   20924   4904   4148 S   0,0  0,0   0:00.00 ovsdb-serv+
 3392 root      10 -10   26456   9856   8912 S   0,0  0,1   0:00.00 ovs-vswitc+
 3453 root      20   0   20912   4912   4128 S   0,0  0,0   0:00.00 ovsdb-serv+
 3457 root      20   0  985296 118364   8912 S   0,0  0,7   0:00.14 ovs-vswitc+
 3523 root      20   0   20912   4892   4112 S   0,0  0,0   0:00.00 ovsdb-serv+
 3602 root      20   0   22564   6020   5272 S   0,0  0,0   0:00.00 tcpdump
 3603 root      20   0   22564   6152   5400 S   0,0  0,0   0:00.00 tcpdump
 3604 root      20   0   22564   6032   5284 S   0,0  0,0   0:00.00 tcpdump
 3605 root      20   0   22564   5992   5244 S   0,0  0,0   0:00.00 tcpdump
 3606 root      20   0   22564   6164   5416 S   0,0  0,0   0:00.00 tcpdump
 3607 root      20   0   22564   5992   5252 S   0,0  0,0   0:00.00 tcpdump
 3608 root      20   0   22564   6192   5300 S   0,0  0,0   0:00.00 tcpdump
 3457 root      20   0  985296 118364   8912 S   1,0  0,7   0:00.15 ovs-vswitc+
 3527 root      20   0  985300 118364   8912 S   1,0  0,7   0:00.13 ovs-vswitc+
 3353 root      10 -10   20924   4904   4148 S   0,0  0,0   0:00.00 ovsdb-serv+
 3392 root      10 -10   26456   9856   8912 S   0,0  0,1   0:00.00 ovs-vswitc+
 3453 root      20   0   20912   4912   4128 S   0,0  0,0   0:00.00 ovsdb-serv+
 3523 root      20   0   20912   4892   4112 S   0,0  0,0   0:00.00 ovsdb-serv+
 3602 root      20   0   22564   6020   5272 S   0,0  0,0   0:00.00 tcpdump
 3603 root      20   0   22564   6152   5400 S   0,0  0,0   0:00.00 tcpdump
 3604 root      20   0   22564   6032   5284 S   0,0  0,0   0:00.00 tcpdump
 3605 root      20   0   22564   5992   5244 S   0,0  0,0   0:00.00 tcpdump
 3606 root      20   0   22564   6164   5416 S   0,0  0,0   0:00.00 tcpdump
 3607 root      20   0   22564   5992   5252 S   0,0  0,0   0:00.00 tcpdump
 3608 root      20   0   22564   6192   5300 S   0,0  0,0   0:00.00 tcpdump
 3527 root      20   0  985300 118364   8912 S   2,0  0,7   0:00.15 ovs-vswitc+
 3457 root      20   0  985296 118364   8912 S   1,0  0,7   0:00.16 ovs-vswitc+
 3353 root      10 -10   20924   4904   4148 S   0,0  0,0   0:00.00 ovsdb-serv+
 3392 root      10 -10   26456   9856   8912 S   0,0  0,1   0:00.00 ovs-vswitc+
 3453 root      20   0   20912   4912   4128 S   0,0  0,0   0:00.00 ovsdb-serv+
 3523 root      20   0   20912   4892   4112 S   0,0  0,0   0:00.00 ovsdb-serv+
 3602 root      20   0   22564   6020   5272 S   0,0  0,0   0:00.00 tcpdump
 3603 root      20   0   22564   6152   5400 S   0,0  0,0   0:00.00 tcpdump
 3604 root      20   0   22564   6032   5284 S   0,0  0,0   0:00.00 tcpdump
 3605 root      20   0   22564   5992   5244 S   0,0  0,0   0:00.00 tcpdump
 3606 root      20   0   22564   6164   5416 S   0,0  0,0   0:00.00 tcpdump
 3607 root      20   0   22564   5992   5252 S   0,0  0,0   0:00.00 tcpdump
 3608 root      20   0   22564   6192   5300 S   0,0  0,0   0:00.00 tcpdump
 3457 root      20   0  985296 118364   8912 S   1,0  0,7   0:00.17 ovs-vswitc+
 3527 root      20   0  985300 118364   8912 S   1,0  0,7   0:00.16 ovs-vswitc+
 3353 root      10 -10   20924   4904   4148 S   0,0  0,0   0:00.00 ovsdb-serv+
 3392 root      10 -10   26456   9856   8912 S   0,0  0,1   0:00.00 ovs-vswitc+
 3453 root      20   0   20912   4912   4128 S   0,0  0,0   0:00.00 ovsdb-serv+
 3523 root      20   0   20912   4892   4112 S   0,0  0,0   0:00.00 ovsdb-serv+
 3602 root      20   0   22564   6020   5272 S   0,0  0,0   0:00.00 tcpdump
 3603 root      20   0   22564   6152   5400 S   0,0  0,0   0:00.00 tcpdump
 3604 root      20   0   22564   6032   5284 S   0,0  0,0   0:00.00 tcpdump
 3605 root      20   0   22564   5992   5244 S   0,0  0,0   0:00.00 tcpdump
 3606 root      20   0   22564   6164   5416 S   0,0  0,0   0:00.00 tcpdump
 3607 root      20   0   22564   5992   5252 S   0,0  0,0   0:00.00 tcpdump
 3608 root      20   0   22564   6192   5300 S   0,0  0,0   0:00.00 tcpdump
 3527 root      20   0  985300 118364   8912 S   1,0  0,7   0:00.17 ovs-vswitc+
 3353 root      10 -10   20924   4904   4148 S   0,0  0,0   0:00.00 ovsdb-serv+
 3392 root      10 -10   26456   9856   8912 S   0,0  0,1   0:00.00 ovs-vswitc+
 3453 root      20   0   20912   4912   4128 S   0,0  0,0   0:00.00 ovsdb-serv+
 3457 root      20   0  985296 118364   8912 S   0,0  0,7   0:00.17 ovs-vswitc+
 3523 root      20   0   20912   4892   4112 S   0,0  0,0   0:00.00 ovsdb-serv+
 3602 root      20   0   22564   6020   5272 S   0,0  0,0   0:00.00 tcpdump
 3603 root      20   0   22564   6152   5400 S   0,0  0,0   0:00.00 tcpdump
 3604 root      20   0   22564   6032   5284 S   0,0  0,0   0:00.00 tcpdump
 3605 root      20   0   22564   5992   5244 S   0,0  0,0   0:00.00 tcpdump
 3606 root      20   0   22564   6164   5416 S   0,0  0,0   0:00.00 tcpdump
 3607 root      20   0   22564   5992   5252 S   0,0  0,0   0:00.00 tcpdump
 3608 root      20   0   22564   6192   5300 S   0,0  0,0   0:00.00 tcpdump
 3457 root      20   0  985296 118364   8912 S   1,0  0,7   0:00.18 ovs-vswitc+
 3527 root      20   0  985412 118544   8912 S   1,0  0,7   0:00.18 ovs-vswitc+
 3353 root      10 -10   20924   4904   4148 S   0,0  0,0   0:00.00 ovsdb-serv+
 3392 root      10 -10   26456   9856   8912 S   0,0  0,1   0:00.00 ovs-vswitc+
 3453 root      20   0   20912   4912   4128 S   0,0  0,0   0:00.00 ovsdb-serv+
 3523 root      20   0   20912   4892   4112 S   0,0  0,0   0:00.00 ovsdb-serv+
 3602 root      20   0   22564   6020   5272 S   0,0  0,0   0:00.00 tcpdump
 3603 root      20   0   22564   6152   5400 S   0,0  0,0   0:00.00 tcpdump
 3604 root      20   0   22564   6032   5284 S   0,0  0,0   0:00.00 tcpdump
 3605 root      20   0   22564   5992   5244 S   0,0  0,0   0:00.00 tcpdump
 3606 root      20   0   22564   6164   5416 S   0,0  0,0   0:00.00 tcpdump
 3607 root      20   0   22564   5992   5252 S   0,0  0,0   0:00.00 tcpdump
 3608 root      20   0   22564   6192   5300 S   0,0  0,0   0:00.00 tcpdump
 3457 root      20   0  985396 118532   8912 S   2,0  0,7   0:00.20 ovs-vswitc+
 3527 root      20   0  985412 118544   8912 S   2,0  0,7   0:00.20 ovs-vswitc+
 3353 root      10 -10   20924   4904   4148 S   0,0  0,0   0:00.00 ovsdb-serv+
 3392 root      10 -10   26456   9856   8912 S   0,0  0,1   0:00.00 ovs-vswitc+
 3453 root      20   0   20912   4912   4128 S   0,0  0,0   0:00.00 ovsdb-serv+
 3523 root      20   0   20912   4892   4112 S   0,0  0,0   0:00.00 ovsdb-serv+
 3602 root      20   0   22564   6020   5272 S   0,0  0,0   0:00.00 tcpdump
 3603 root      20   0   22564   6152   5400 S   0,0  0,0   0:00.00 tcpdump
 3604 root      20   0   22564   6032   5284 S   0,0  0,0   0:00.00 tcpdump
 3605 root      20   0   22564   5992   5244 S   0,0  0,0   0:00.00 tcpdump
 3606 root      20   0   22564   6164   5416 S   0,0  0,0   0:00.00 tcpdump
 3607 root      20   0   22564   5992   5252 S   0,0  0,0   0:00.00 tcpdump
 3608 root      20   0   22564   6192   5300 S   0,0  0,0   0:00.00 tcpdump
 3527 root      20   0  985412 118544   8912 S   2,0  0,7   0:00.22 ovs-vswitc+
 3457 root      20   0  985396 118532   8912 S   1,0  0,7   0:00.21 ovs-vswitc+
 3353 root      10 -10   20924   4904   4148 S   0,0  0,0   0:00.00 ovsdb-serv+
 3392 root      10 -10   26456   9856   8912 S   0,0  0,1   0:00.00 ovs-vswitc+
 3453 root      20   0   20912   4912   4128 S   0,0  0,0   0:00.00 ovsdb-serv+
 3523 root      20   0   20912   4892   4112 S   0,0  0,0   0:00.00 ovsdb-serv+
 3602 root      20   0   22564   6020   5272 S   0,0  0,0   0:00.00 tcpdump
 3603 root      20   0   22564   6152   5400 S   0,0  0,0   0:00.00 tcpdump
 3604 root      20   0   22564   6032   5284 S   0,0  0,0   0:00.00 tcpdump
 3605 root      20   0   22564   5992   5244 S   0,0  0,0   0:00.00 tcpdump
 3606 root      20   0   22564   6164   5416 S   0,0  0,0   0:00.00 tcpdump
 3607 root      20   0   22564   5992   5252 S   0,0  0,0   0:00.00 tcpdump
 3608 root      20   0   22564   6192   5300 S   0,0  0,0   0:00.00 tcpdump
 3453 root      20   0   20912   4912   4128 S   1,0  0,0   0:00.01 ovsdb-serv+
 3457 root      20   0  985396 118532   8912 S   1,0  0,7   0:00.22 ovs-vswitc+
 3523 root      20   0   20912   4892   4112 S   1,0  0,0   0:00.01 ovsdb-serv+
 3527 root      20   0  985412 118544   8912 S   1,0  0,7   0:00.23 ovs-vswitc+
 3353 root      10 -10   20924   4904   4148 S   0,0  0,0   0:00.00 ovsdb-serv+
 3392 root      10 -10   26456   9856   8912 S   0,0  0,1   0:00.00 ovs-vswitc+
 3602 root      20   0   22564   6020   5272 S   0,0  0,0   0:00.00 tcpdump
 3603 root      20   0   22564   6152   5400 S   0,0  0,0   0:00.00 tcpdump
 3604 root      20   0   22564   6032   5284 S   0,0  0,0   0:00.00 tcpdump
 3605 root      20   0   22564   5992   5244 S   0,0  0,0   0:00.00 tcpdump
 3606 root      20   0   22564   6164   5416 S   0,0  0,0   0:00.00 tcpdump
 3607 root      20   0   22564   5992   5252 S   0,0  0,0   0:00.00 tcpdump
 3608 root      20   0   22564   6192   5300 S   0,0  0,0   0:00.00 tcpdump
 3457 root      20   0  985396 118532   8912 S   1,0  0,7   0:00.23 ovs-vswitc+
 3353 root      10 -10   20924   4904   4148 S   0,0  0,0   0:00.00 ovsdb-serv+
 3392 root      10 -10   26456   9856   8912 S   0,0  0,1   0:00.00 ovs-vswitc+
 3453 root      20   0   20912   4912   4128 S   0,0  0,0   0:00.01 ovsdb-serv+
 3523 root      20   0   20912   4892   4112 S   0,0  0,0   0:00.01 ovsdb-serv+
 3527 root      20   0  985412 118544   8912 S   0,0  0,7   0:00.23 ovs-vswitc+
 3602 root      20   0   22564   6020   5272 S   0,0  0,0   0:00.00 tcpdump
 3603 root      20   0   22564   6152   5400 S   0,0  0,0   0:00.00 tcpdump
 3604 root      20   0   22564   6032   5284 S   0,0  0,0   0:00.00 tcpdump
 3605 root      20   0   22564   5992   5244 S   0,0  0,0   0:00.00 tcpdump
 3606 root      20   0   22564   6164   5416 S   0,0  0,0   0:00.00 tcpdump
 3607 root      20   0   22564   5992   5252 S   0,0  0,0   0:00.00 tcpdump
 3608 root      20   0   22564   6192   5300 S   0,0  0,0   0:00.00 tcpdump
 3457 root      20   0  985396 118532   8912 S   1,0  0,7   0:00.24 ovs-vswitc+
 3527 root      20   0  985412 118544   8912 S   1,0  0,7   0:00.24 ovs-vswitc+
 3353 root      10 -10   20924   4904   4148 S   0,0  0,0   0:00.00 ovsdb-serv+
 3392 root      10 -10   26456   9856   8912 S   0,0  0,1   0:00.00 ovs-vswitc+
 3453 root      20   0   20912   4912   4128 S   0,0  0,0   0:00.01 ovsdb-serv+
 3523 root      20   0   20912   4892   4112 S   0,0  0,0   0:00.01 ovsdb-serv+
 3602 root      20   0   22564   6020   5272 S   0,0  0,0   0:00.00 tcpdump
 3603 root      20   0   22564   6152   5400 S   0,0  0,0   0:00.00 tcpdump
 3604 root      20   0   22564   6032   5284 S   0,0  0,0   0:00.00 tcpdump
 3605 root      20   0   22564   5992   5244 S   0,0  0,0   0:00.00 tcpdump
 3606 root      20   0   22564   6164   5416 S   0,0  0,0   0:00.00 tcpdump
 3607 root      20   0   22564   5992   5252 S   0,0  0,0   0:00.00 tcpdump
 3608 root      20   0   22564   6192   5300 S   0,0  0,0   0:00.00 tcpdump
 3527 root      20   0  985412 118544   8912 S   1,0  0,7   0:00.25 ovs-vswitc+
 3353 root      10 -10   20924   4904   4148 S   0,0  0,0   0:00.00 ovsdb-serv+
 3392 root      10 -10   26456   9856   8912 S   0,0  0,1   0:00.00 ovs-vswitc+
 3453 root      20   0   20912   4912   4128 S   0,0  0,0   0:00.01 ovsdb-serv+
 3457 root      20   0  985396 118532   8912 S   0,0  0,7   0:00.24 ovs-vswitc+
 3523 root      20   0   20912   4892   4112 S   0,0  0,0   0:00.01 ovsdb-serv+
 3602 root      20   0   22564   6020   5272 S   0,0  0,0   0:00.00 tcpdump
 3603 root      20   0   22564   6152   5400 S   0,0  0,0   0:00.00 tcpdump
 3604 root      20   0   22564   6032   5284 S   0,0  0,0   0:00.00 tcpdump
 3605 root      20   0   22564   5992   5244 S   0,0  0,0   0:00.00 tcpdump
 3606 root      20   0   22564   6164   5416 S   0,0  0,0   0:00.00 tcpdump
 3607 root      20   0   22564   5992   5252 S   0,0  0,0   0:00.00 tcpdump
 3608 root      20   0   22564   6192   5300 S   0,0  0,0   0:00.00 tcpdump
 3457 root      20   0  985396 118532   8912 S   1,0  0,7   0:00.25 ovs-vswitc+
 3527 root      20   0  985412 118544   8912 S   1,0  0,7   0:00.26 ovs-vswitc+
 3353 root      10 -10   20924   4904   4148 S   0,0  0,0   0:00.00 ovsdb-serv+
 3392 root      10 -10   26456   9856   8912 S   0,0  0,1   0:00.00 ovs-vswitc+
 3453 root      20   0   20912   4912   4128 S   0,0  0,0   0:00.01 ovsdb-serv+
 3523 root      20   0   20912   4892   4112 S   0,0  0,0   0:00.01 ovsdb-serv+
 3602 root      20   0   22564   6020   5272 S   0,0  0,0   0:00.00 tcpdump
 3603 root      20   0   22564   6152   5400 S   0,0  0,0   0:00.00 tcpdump
 3604 root      20   0   22564   6032   5284 S   0,0  0,0   0:00.00 tcpdump
 3605 root      20   0   22564   5992   5244 S   0,0  0,0   0:00.00 tcpdump
 3606 root      20   0   22564   6164   5416 S   0,0  0,0   0:00.00 tcpdump
 3607 root      20   0   22564   5992   5252 S   0,0  0,0   0:00.00 tcpdump
 3608 root      20   0   22564   6192   5300 S   0,0  0,0   0:00.00 tcpdump
 3457 root      20   0  985396 118532   8912 S   1,0  0,7   0:00.26 ovs-vswitc+
 3527 root      20   0  985412 118544   8912 S   1,0  0,7   0:00.27 ovs-vswitc+
 3353 root      10 -10   20924   4904   4148 S   0,0  0,0   0:00.00 ovsdb-serv+
 3392 root      10 -10   26456   9856   8912 S   0,0  0,1   0:00.00 ovs-vswitc+
 3453 root      20   0   20912   4912   4128 S   0,0  0,0   0:00.01 ovsdb-serv+
 3523 root      20   0   20912   4892   4112 S   0,0  0,0   0:00.01 ovsdb-serv+
 3602 root      20   0   22564   6020   5272 S   0,0  0,0   0:00.00 tcpdump
 3603 root      20   0   22564   6152   5400 S   0,0  0,0   0:00.00 tcpdump
 3604 root      20   0   22564   6032   5284 S   0,0  0,0   0:00.00 tcpdump
 3605 root      20   0   22564   5992   5244 S   0,0  0,0   0:00.00 tcpdump
 3606 root      20   0   22564   6164   5416 S   0,0  0,0   0:00.00 tcpdump
 3607 root      20   0   22564   5992   5252 S   0,0  0,0   0:00.00 tcpdump
 3608 root      20   0   22564   6192   5300 S   0,0  0,0   0:00.00 tcpdump
 3457 root      20   0  985396 118532   8912 S   1,0  0,7   0:00.27 ovs-vswitc+
 3527 root      20   0  985412 118544   8912 S   1,0  0,7   0:00.28 ovs-vswitc+
 3353 root      10 -10   20924   4904   4148 S   0,0  0,0   0:00.00 ovsdb-serv+
 3392 root      10 -10   26456   9856   8912 S   0,0  0,1   0:00.00 ovs-vswitc+
 3453 root      20   0   20912   4912   4128 S   0,0  0,0   0:00.01 ovsdb-serv+
 3523 root      20   0   20912   4892   4112 S   0,0  0,0   0:00.01 ovsdb-serv+
 3602 root      20   0   22564   6020   5272 S   0,0  0,0   0:00.00 tcpdump
 3603 root      20   0   22564   6152   5400 S   0,0  0,0   0:00.00 tcpdump
 3604 root      20   0   22564   6032   5284 S   0,0  0,0   0:00.00 tcpdump
 3605 root      20   0   22564   5992   5244 S   0,0  0,0   0:00.00 tcpdump
 3606 root      20   0   22564   6164   5416 S   0,0  0,0   0:00.00 tcpdump
 3607 root      20   0   22564   5992   5252 S   0,0  0,0   0:00.00 tcpdump
 3608 root      20   0   22564   6192   5300 S   0,0  0,0   0:00.00 tcpdump
 3457 root      20   0  985396 118532   8912 S   1,0  0,7   0:00.28 ovs-vswitc+
 3527 root      20   0  985412 118544   8912 S   1,0  0,7   0:00.29 ovs-vswitc+
 3353 root      10 -10   20924   4904   4148 S   0,0  0,0   0:00.00 ovsdb-serv+
 3392 root      10 -10   26456   9856   8912 S   0,0  0,1   0:00.00 ovs-vswitc+
 3453 root      20   0   20912   4912   4128 S   0,0  0,0   0:00.01 ovsdb-serv+
 3523 root      20   0   20912   4892   4112 S   0,0  0,0   0:00.01 ovsdb-serv+
 3602 root      20   0   22564   6020   5272 S   0,0  0,0   0:00.00 tcpdump
 3603 root      20   0   22564   6152   5400 S   0,0  0,0   0:00.00 tcpdump
 3604 root      20   0   22564   6032   5284 S   0,0  0,0   0:00.00 tcpdump
 3605 root      20   0   22564   5992   5244 S   0,0  0,0   0:00.00 tcpdump
 3606 root      20   0   22564   6164   5416 S   0,0  0,0   0:00.00 tcpdump
 3607 root      20   0   22564   5992   5252 S   0,0  0,0   0:00.00 tcpdump
 3608 root      20   0   22564   6192   5300 S   0,0  0,0   0:00.00 tcpdump
 3457 root      20   0  985396 118532   8912 S   1,0  0,7   0:00.29 ovs-vswitc+
 3353 root      10 -10   20924   4904   4148 S   0,0  0,0   0:00.00 ovsdb-serv+
 3392 root      10 -10   26456   9856   8912 S   0,0  0,1   0:00.00 ovs-vswitc+
 3453 root      20   0   20912   4912   4128 S   0,0  0,0   0:00.01 ovsdb-serv+
 3523 root      20   0   20912   4892   4112 S   0,0  0,0   0:00.01 ovsdb-serv+
 3527 root      20   0  985412 118544   8912 R   0,0  0,7   0:00.29 ovs-vswitc+
 3602 root      20   0   22564   6020   5272 S   0,0  0,0   0:00.00 tcpdump
 3603 root      20   0   22564   6152   5400 S   0,0  0,0   0:00.00 tcpdump
 3604 root      20   0   22564   6032   5284 S   0,0  0,0   0:00.00 tcpdump
 3605 root      20   0   22564   5992   5244 S   0,0  0,0   0:00.00 tcpdump
 3606 root      20   0   22564   6164   5416 S   0,0  0,0   0:00.00 tcpdump
 3607 root      20   0   22564   5992   5252 S   0,0  0,0   0:00.00 tcpdump
 3608 root      20   0   22564   6192   5300 S   0,0  0,0   0:00.00 tcpdump
 3527 root      20   0  985412 118544   8912 S   2,0  0,7   0:00.31 ovs-vswitc+
 3353 root      10 -10   20924   4904   4148 S   0,0  0,0   0:00.00 ovsdb-serv+
 3392 root      10 -10   26456   9856   8912 S   0,0  0,1   0:00.00 ovs-vswitc+
 3453 root      20   0   20912   4912   4128 S   0,0  0,0   0:00.01 ovsdb-serv+
 3457 root      20   0  985396 118532   8912 S   0,0  0,7   0:00.29 ovs-vswitc+
 3523 root      20   0   20912   4892   4112 S   0,0  0,0   0:00.01 ovsdb-serv+
 3602 root      20   0   22564   6020   5272 S   0,0  0,0   0:00.00 tcpdump
 3603 root      20   0   22564   6152   5400 S   0,0  0,0   0:00.00 tcpdump
 3604 root      20   0   22564   6032   5284 S   0,0  0,0   0:00.00 tcpdump
 3605 root      20   0   22564   5992   5244 S   0,0  0,0   0:00.00 tcpdump
 3606 root      20   0   22564   6164   5416 S   0,0  0,0   0:00.00 tcpdump
 3607 root      20   0   22564   5992   5252 S   0,0  0,0   0:00.00 tcpdump
 3608 root      20   0   22564   6192   5300 S   0,0  0,0   0:00.00 tcpdump
 3457 root      20   0  985396 118532   8912 S   1,0  0,7   0:00.30 ovs-vswitc+
 3527 root      20   0  985412 118544   8912 S   1,0  0,7   0:00.32 ovs-vswitc+
 3353 root      10 -10   20924   4904   4148 S   0,0  0,0   0:00.00 ovsdb-serv+
 3392 root      10 -10   26456   9856   8912 S   0,0  0,1   0:00.00 ovs-vswitc+
 3453 root      20   0   20912   4912   4128 S   0,0  0,0   0:00.01 ovsdb-serv+
 3523 root      20   0   20912   4892   4112 S   0,0  0,0   0:00.01 ovsdb-serv+
 3602 root      20   0   22564   6020   5272 S   0,0  0,0   0:00.00 tcpdump
 3603 root      20   0   22564   6152   5400 S   0,0  0,0   0:00.00 tcpdump
 3604 root      20   0   22564   6032   5284 S   0,0  0,0   0:00.00 tcpdump
 3605 root      20   0   22564   5992   5244 S   0,0  0,0   0:00.00 tcpdump
 3606 root      20   0   22564   6164   5416 S   0,0  0,0   0:00.00 tcpdump
 3607 root      20   0   22564   5992   5252 S   0,0  0,0   0:00.00 tcpdump
 3608 root      20   0   22564   6192   5300 S   0,0  0,0   0:00.00 tcpdump
 3457 root      20   0  985396 118532   8912 S   1,0  0,7   0:00.31 ovs-vswitc+
 3527 root      20   0  985412 118544   8912 S   1,0  0,7   0:00.33 ovs-vswitc+
 3353 root      10 -10   20924   4904   4148 S   0,0  0,0   0:00.00 ovsdb-serv+
 3392 root      10 -10   26456   9856   8912 S   0,0  0,1   0:00.00 ovs-vswitc+
 3453 root      20   0   20912   4912   4128 S   0,0  0,0   0:00.01 ovsdb-serv+
 3523 root      20   0   20912   4892   4112 S   0,0  0,0   0:00.01 ovsdb-serv+
 3602 root      20   0   22564   6020   5272 S   0,0  0,0   0:00.00 tcpdump
 3603 root      20   0   22564   6152   5400 S   0,0  0,0   0:00.00 tcpdump
 3604 root      20   0   22564   6032   5284 S   0,0  0,0   0:00.00 tcpdump
 3605 root      20   0   22564   5992   5244 S   0,0  0,0   0:00.00 tcpdump
 3606 root      20   0   22564   6164   5416 S   0,0  0,0   0:00.00 tcpdump
 3607 root      20   0   22564   5992   5252 S   0,0  0,0   0:00.00 tcpdump
 3608 root      20   0   22564   6192   5300 S   0,0  0,0   0:00.00 tcpdump
 3457 root      20   0  985396 118532   8912 S   1,0  0,7   0:00.32 ovs-vswitc+
 3353 root      10 -10   20924   4904   4148 S   0,0  0,0   0:00.00 ovsdb-serv+
 3392 root      10 -10   26456   9856   8912 S   0,0  0,1   0:00.00 ovs-vswitc+
 3453 root      20   0   20912   4912   4128 S   0,0  0,0   0:00.01 ovsdb-serv+
 3523 root      20   0   20912   4892   4112 S   0,0  0,0   0:00.01 ovsdb-serv+
 3527 root      20   0  985412 118544   8912 S   0,0  0,7   0:00.33 ovs-vswitc+
 3602 root      20   0   22564   6020   5272 S   0,0  0,0   0:00.00 tcpdump
 3603 root      20   0   22564   6152   5400 S   0,0  0,0   0:00.00 tcpdump
 3604 root      20   0   22564   6032   5284 S   0,0  0,0   0:00.00 tcpdump
 3605 root      20   0   22564   5992   5244 S   0,0  0,0   0:00.00 tcpdump
 3606 root      20   0   22564   6164   5416 S   0,0  0,0   0:00.00 tcpdump
 3607 root      20   0   22564   5992   5252 S   0,0  0,0   0:00.00 tcpdump
 3608 root      20   0   22564   6192   5300 S   0,0  0,0   0:00.00 tcpdump
 3457 root      20   0  985396 118532   8912 S   5,0  0,7   0:00.37 ovs-vswitc+
 3527 root      20   0  985412 118544   8912 S   2,0  0,7   0:00.35 ovs-vswitc+
 3353 root      10 -10   20924   4904   4148 S   0,0  0,0   0:00.00 ovsdb-serv+
 3392 root      10 -10   26456   9856   8912 S   0,0  0,1   0:00.00 ovs-vswitc+
 3453 root      20   0   20912   4912   4128 S   0,0  0,0   0:00.01 ovsdb-serv+
 3523 root      20   0   20912   4892   4112 S   0,0  0,0   0:00.01 ovsdb-serv+
 3602 root      20   0   22564   6020   5272 S   0,0  0,0   0:00.00 tcpdump
 3603 root      20   0   22564   6152   5400 S   0,0  0,0   0:00.00 tcpdump
 3604 root      20   0   22564   6032   5284 S   0,0  0,0   0:00.00 tcpdump
 3605 root      20   0   22564   5992   5244 S   0,0  0,0   0:00.00 tcpdump
 3606 root      20   0   22564   6164   5416 S   0,0  0,0   0:00.00 tcpdump
 3607 root      20   0   22564   5992   5252 S   0,0  0,0   0:00.00 tcpdump
 3608 root      20   0   22564   6192   5300 S   0,0  0,0   0:00.00 tcpdump
 3457 root      20   0  985528 123540   8912 S  73,3  0,8   0:01.11 ovs-vswitc+
 3527 root      20   0  985412 121972   8912 S  10,9  0,7   0:00.46 ovs-vswitc+
 3353 root      10 -10   20924   4904   4148 S   0,0  0,0   0:00.00 ovsdb-serv+
 3392 root      10 -10   26456   9856   8912 S   0,0  0,1   0:00.00 ovs-vswitc+
 3453 root      20   0   20912   4912   4128 S   0,0  0,0   0:00.01 ovsdb-serv+
 3523 root      20   0   20912   4892   4112 S   0,0  0,0   0:00.01 ovsdb-serv+
 3602 root      20   0   22564   6020   5272 S   0,0  0,0   0:00.00 tcpdump
 3603 root      20   0   22564   6152   5400 S   0,0  0,0   0:00.00 tcpdump
 3604 root      20   0   22564   6032   5284 S   0,0  0,0   0:00.00 tcpdump
 3605 root      20   0   22564   5992   5244 S   0,0  0,0   0:00.00 tcpdump
 3606 root      20   0   22564   6164   5416 S   0,0  0,0   0:00.00 tcpdump
 3607 root      20   0   22564   5992   5252 S   0,0  0,0   0:00.00 tcpdump
 3608 root      20   0   22564   6192   5300 S   0,0  0,0   0:00.00 tcpdump
 3457 root      20   0  987112 130916   8912 S 258,4  0,8   0:03.72 ovs-vswitc+
 3527 root      20   0  985412 121972   8912 S   1,0  0,7   0:00.47 ovs-vswitc+
 3353 root      10 -10   20924   4904   4148 S   0,0  0,0   0:00.00 ovsdb-serv+
 3392 root      10 -10   26456   9856   8912 S   0,0  0,1   0:00.00 ovs-vswitc+
 3453 root      20   0   20912   4912   4128 S   0,0  0,0   0:00.01 ovsdb-serv+
 3523 root      20   0   20912   4892   4112 S   0,0  0,0   0:00.01 ovsdb-serv+
 3602 root      20   0   22564   6020   5272 S   0,0  0,0   0:00.00 tcpdump
 3603 root      20   0   22564   6152   5400 S   0,0  0,0   0:00.00 tcpdump
 3604 root      20   0   22564   6032   5284 S   0,0  0,0   0:00.00 tcpdump
 3605 root      20   0   22564   5992   5244 S   0,0  0,0   0:00.00 tcpdump
 3606 root      20   0   22564   6164   5416 S   0,0  0,0   0:00.00 tcpdump
 3607 root      20   0   22564   5992   5252 S   0,0  0,0   0:00.00 tcpdump
 3608 root      20   0   22564   6192   5300 S   0,0  0,0   0:00.00 tcpdump
 3457 root      20   0  988696 137776   8912 S 363,4  0,8   0:07.39 ovs-vswitc+
 3353 root      10 -10   20924   4904   4148 S   0,0  0,0   0:00.00 ovsdb-serv+
 3392 root      10 -10   26456   9856   8912 S   0,0  0,1   0:00.00 ovs-vswitc+
 3453 root      20   0   20912   4912   4128 S   0,0  0,0   0:00.01 ovsdb-serv+
 3523 root      20   0   20912   4892   4112 S   0,0  0,0   0:00.01 ovsdb-serv+
 3527 root      20   0  985412 121972   8912 S   0,0  0,7   0:00.47 ovs-vswitc+
 3602 root      20   0   22564   6020   5272 S   0,0  0,0   0:00.00 tcpdump
 3603 root      20   0   22564   6152   5400 S   0,0  0,0   0:00.00 tcpdump
 3604 root      20   0   22564   6032   5284 S   0,0  0,0   0:00.00 tcpdump
 3605 root      20   0   22564   5992   5244 S   0,0  0,0   0:00.00 tcpdump
 3606 root      20   0   22564   6164   5416 S   0,0  0,0   0:00.00 tcpdump
 3607 root      20   0   22564   5992   5252 S   0,0  0,0   0:00.00 tcpdump
 3608 root      20   0   22564   6192   5300 S   0,0  0,0   0:00.00 tcpdump
 3457 root      20   0  990280 144904   8912 R 395,1  0,9   0:11.42 ovs-vswitc+
 3353 root      10 -10   20924   4904   4148 S   0,0  0,0   0:00.00 ovsdb-serv+
 3392 root      10 -10   26456   9856   8912 S   0,0  0,1   0:00.00 ovs-vswitc+
 3453 root      20   0   20912   4912   4128 S   0,0  0,0   0:00.01 ovsdb-serv+
 3523 root      20   0   20912   4892   4112 S   0,0  0,0   0:00.01 ovsdb-serv+
 3527 root      20   0  985412 121972   8912 S   0,0  0,7   0:00.47 ovs-vswitc+
 3602 root      20   0   22564   6020   5272 S   0,0  0,0   0:00.00 tcpdump
 3603 root      20   0   22564   6152   5400 S   0,0  0,0   0:00.00 tcpdump
 3604 root      20   0   22564   6032   5284 S   0,0  0,0   0:00.00 tcpdump
 3605 root      20   0   22564   5992   5244 S   0,0  0,0   0:00.00 tcpdump
 3606 root      20   0   22564   6164   5416 S   0,0  0,0   0:00.00 tcpdump
 3607 root      20   0   22564   5992   5252 S   0,0  0,0   0:00.00 tcpdump
 3608 root      20   0   22564   6192   5300 S   0,0  0,0   0:00.00 tcpdump
 3457 root      20   0  991860 151748   8912 S 408,9  0,9   0:15.55 ovs-vswitc+
 3527 root      20   0  985412 121972   8912 S   2,0  0,7   0:00.49 ovs-vswitc+
 3603 root      20   0   22564   6152   5400 S   1,0  0,0   0:00.01 tcpdump
 3353 root      10 -10   20924   4904   4148 S   0,0  0,0   0:00.00 ovsdb-serv+
 3392 root      10 -10   26456   9856   8912 S   0,0  0,1   0:00.00 ovs-vswitc+
 3453 root      20   0   20912   4912   4128 S   0,0  0,0   0:00.01 ovsdb-serv+
 3523 root      20   0   20912   4892   4112 S   0,0  0,0   0:00.01 ovsdb-serv+
 3602 root      20   0   22564   6020   5272 S   0,0  0,0   0:00.00 tcpdump
 3604 root      20   0   22564   6032   5284 S   0,0  0,0   0:00.00 tcpdump
 3605 root      20   0   22564   5992   5244 S   0,0  0,0   0:00.00 tcpdump
 3606 root      20   0   22564   6164   5416 S   0,0  0,0   0:00.00 tcpdump
 3607 root      20   0   22564   5992   5252 S   0,0  0,0   0:00.00 tcpdump
 3608 root      20   0   22564   6192   5300 S   0,0  0,0   0:00.00 tcpdump
 3457 root      20   0  993444 158872   8912 S 411,9  1,0   0:19.71 ovs-vswitc+
 3604 root      20   0   22564   6032   5284 S   1,0  0,0   0:00.01 tcpdump
 3353 root      10 -10   20924   4904   4148 S   0,0  0,0   0:00.00 ovsdb-serv+
 3392 root      10 -10   26456   9856   8912 S   0,0  0,1   0:00.00 ovs-vswitc+
 3453 root      20   0   20912   4912   4128 S   0,0  0,0   0:00.01 ovsdb-serv+
 3523 root      20   0   20912   4892   4112 S   0,0  0,0   0:00.01 ovsdb-serv+
 3527 root      20   0  985412 121972   8912 S   0,0  0,7   0:00.49 ovs-vswitc+
 3602 root      20   0   22564   6020   5272 S   0,0  0,0   0:00.00 tcpdump
 3603 root      20   0   22564   6152   5400 S   0,0  0,0   0:00.01 tcpdump
 3605 root      20   0   22564   5992   5244 S   0,0  0,0   0:00.00 tcpdump
 3606 root      20   0   22564   6164   5416 S   0,0  0,0   0:00.00 tcpdump
 3607 root      20   0   22564   5992   5252 S   0,0  0,0   0:00.00 tcpdump
 3608 root      20   0   22564   6192   5300 S   0,0  0,0   0:00.00 tcpdump
 3457 root      20   0  995028 163888   8912 S 406,9  1,0   0:23.82 ovs-vswitc+
 3353 root      10 -10   20924   4904   4148 S   0,0  0,0   0:00.00 ovsdb-serv+
 3392 root      10 -10   26456   9856   8912 S   0,0  0,1   0:00.00 ovs-vswitc+
 3453 root      20   0   20912   4912   4128 S   0,0  0,0   0:00.01 ovsdb-serv+
 3523 root      20   0   20912   4892   4112 S   0,0  0,0   0:00.01 ovsdb-serv+
 3527 root      20   0  985412 121972   8912 S   0,0  0,7   0:00.49 ovs-vswitc+
 3602 root      20   0   22564   6020   5272 S   0,0  0,0   0:00.00 tcpdump
 3603 root      20   0   22564   6152   5400 S   0,0  0,0   0:00.01 tcpdump
 3604 root      20   0   22564   6032   5284 S   0,0  0,0   0:00.01 tcpdump
 3605 root      20   0   22564   5992   5244 S   0,0  0,0   0:00.00 tcpdump
 3606 root      20   0   22564   6164   5416 S   0,0  0,0   0:00.00 tcpdump
 3607 root      20   0   22564   5992   5252 S   0,0  0,0   0:00.00 tcpdump
 3608 root      20   0   22564   6192   5300 S   0,0  0,0   0:00.00 tcpdump
 3457 root      20   0  996480 165472   8912 S 382,2  1,0   0:27.68 ovs-vswitc+
 3527 root      20   0  985412 121972   8912 S   1,0  0,7   0:00.50 ovs-vswitc+
 3353 root      10 -10   20924   4904   4148 S   0,0  0,0   0:00.00 ovsdb-serv+
 3392 root      10 -10   26456   9856   8912 S   0,0  0,1   0:00.00 ovs-vswitc+
 3453 root      20   0   20912   4912   4128 S   0,0  0,0   0:00.01 ovsdb-serv+
 3523 root      20   0   20912   4892   4112 S   0,0  0,0   0:00.01 ovsdb-serv+
 3602 root      20   0   22564   6020   5272 S   0,0  0,0   0:00.00 tcpdump
 3603 root      20   0   22564   6152   5400 S   0,0  0,0   0:00.01 tcpdump
 3604 root      20   0   22564   6032   5284 S   0,0  0,0   0:00.01 tcpdump
 3605 root      20   0   22564   5992   5244 S   0,0  0,0   0:00.00 tcpdump
 3606 root      20   0   22564   6164   5416 S   0,0  0,0   0:00.00 tcpdump
 3607 root      20   0   22564   5992   5252 S   0,0  0,0   0:00.00 tcpdump
 3608 root      20   0   22564   6192   5300 S   0,0  0,0   0:00.00 tcpdump
 3457 root      20   0  997528 166660   8912 S 201,0  1,0   0:29.71 ovs-vswitc+
 3527 root      20   0  985412 121972   8912 S   2,0  0,7   0:00.52 ovs-vswitc+
 3353 root      10 -10   20924   4904   4148 S   0,0  0,0   0:00.00 ovsdb-serv+
 3392 root      10 -10   26456   9856   8912 S   0,0  0,1   0:00.00 ovs-vswitc+
 3453 root      20   0   20912   4912   4128 S   0,0  0,0   0:00.01 ovsdb-serv+
 3523 root      20   0   20912   4892   4112 S   0,0  0,0   0:00.01 ovsdb-serv+
 3602 root      20   0   22564   6020   5272 S   0,0  0,0   0:00.00 tcpdump
 3603 root      20   0   22564   6152   5400 S   0,0  0,0   0:00.01 tcpdump
 3604 root      20   0   22564   6032   5284 S   0,0  0,0   0:00.01 tcpdump
 3605 root      20   0   22564   5992   5244 S   0,0  0,0   0:00.00 tcpdump
 3606 root      20   0   22564   6164   5416 S   0,0  0,0   0:00.00 tcpdump
 3607 root      20   0   22564   5992   5252 S   0,0  0,0   0:00.00 tcpdump
 3608 root      20   0   22564   6192   5300 S   0,0  0,0   0:00.00 tcpdump
 3457 root      20   0  997528 166660   8912 S   5,9  1,0   0:29.77 ovs-vswitc+
 3527 root      20   0  985412 121972   8912 S   1,0  0,7   0:00.53 ovs-vswitc+
 3353 root      10 -10   20924   4904   4148 S   0,0  0,0   0:00.00 ovsdb-serv+
 3392 root      10 -10   26456   9856   8912 S   0,0  0,1   0:00.00 ovs-vswitc+
 3453 root      20   0   20912   4912   4128 S   0,0  0,0   0:00.01 ovsdb-serv+
 3523 root      20   0   20912   4892   4112 S   0,0  0,0   0:00.01 ovsdb-serv+
 3602 root      20   0   22564   6020   5272 S   0,0  0,0   0:00.00 tcpdump
 3603 root      20   0   22564   6152   5400 S   0,0  0,0   0:00.01 tcpdump
 3604 root      20   0   22564   6032   5284 S   0,0  0,0   0:00.01 tcpdump
 3605 root      20   0   22564   5992   5244 S   0,0  0,0   0:00.00 tcpdump
 3606 root      20   0   22564   6164   5416 S   0,0  0,0   0:00.00 tcpdump
 3607 root      20   0   22564   5992   5252 S   0,0  0,0   0:00.00 tcpdump
 3608 root      20   0   22564   6192   5300 S   0,0  0,0   0:00.00 tcpdump
 3457 root      20   0  997528 166660   8912 S  11,9  1,0   0:29.89 ovs-vswitc+
 3527 root      20   0  985412 121972   8912 S   3,0  0,7   0:00.56 ovs-vswitc+
 3353 root      10 -10   20924   4904   4148 S   0,0  0,0   0:00.00 ovsdb-serv+
 3392 root      10 -10   26456   9856   8912 S   0,0  0,1   0:00.00 ovs-vswitc+
 3453 root      20   0   20912   4912   4128 S   0,0  0,0   0:00.01 ovsdb-serv+
 3523 root      20   0   20912   4892   4112 S   0,0  0,0   0:00.01 ovsdb-serv+
 3602 root      20   0   22564   6020   5272 S   0,0  0,0   0:00.00 tcpdump
 3603 root      20   0   22564   6152   5400 S   0,0  0,0   0:00.01 tcpdump
 3604 root      20   0   22564   6032   5284 S   0,0  0,0   0:00.01 tcpdump
 3605 root      20   0   22564   5992   5244 S   0,0  0,0   0:00.00 tcpdump
 3606 root      20   0   22564   6164   5416 S   0,0  0,0   0:00.00 tcpdump
 3607 root      20   0   22564   5992   5252 S   0,0  0,0   0:00.00 tcpdump
 3608 root      20   0   22564   6192   5300 S   0,0  0,0   0:00.00 tcpdump
 3457 root      20   0  997528 166660   8912 S  12,7  1,0   0:30.02 ovs-vswitc+
 3527 root      20   0  985412 121972   8912 S   2,9  0,7   0:00.59 ovs-vswitc+
 3353 root      10 -10   20924   4904   4148 S   0,0  0,0   0:00.00 ovsdb-serv+
 3392 root      10 -10   26456   9856   8912 S   0,0  0,1   0:00.00 ovs-vswitc+
 3453 root      20   0   20912   4912   4128 S   0,0  0,0   0:00.01 ovsdb-serv+
 3523 root      20   0   20912   4892   4112 S   0,0  0,0   0:00.01 ovsdb-serv+
 3602 root      20   0   22564   6020   5272 S   0,0  0,0   0:00.00 tcpdump
 3603 root      20   0   22564   6152   5400 S   0,0  0,0   0:00.01 tcpdump
 3604 root      20   0   22564   6032   5284 S   0,0  0,0   0:00.01 tcpdump
 3605 root      20   0   22564   5992   5244 S   0,0  0,0   0:00.00 tcpdump
 3606 root      20   0   22564   6164   5416 S   0,0  0,0   0:00.00 tcpdump
 3607 root      20   0   22564   5992   5252 S   0,0  0,0   0:00.00 tcpdump
 3608 root      20   0   22564   6192   5300 S   0,0  0,0   0:00.00 tcpdump
 3457 root      20   0  997528 166660   8912 S  10,7  1,0   0:30.13 ovs-vswitc+
 3527 root      20   0  985412 121972   8912 S   1,0  0,7   0:00.60 ovs-vswitc+
 3353 root      10 -10   20924   4904   4148 S   0,0  0,0   0:00.00 ovsdb-serv+
 3392 root      10 -10   26456   9856   8912 S   0,0  0,1   0:00.00 ovs-vswitc+
 3453 root      20   0   20912   4912   4128 S   0,0  0,0   0:00.01 ovsdb-serv+
 3523 root      20   0   20912   4892   4112 S   0,0  0,0   0:00.01 ovsdb-serv+
 3602 root      20   0   22564   6020   5272 S   0,0  0,0   0:00.00 tcpdump
 3603 root      20   0   22564   6152   5400 S   0,0  0,0   0:00.01 tcpdump
 3604 root      20   0   22564   6032   5284 S   0,0  0,0   0:00.01 tcpdump
 3605 root      20   0   22564   5992   5244 S   0,0  0,0   0:00.00 tcpdump
 3606 root      20   0   22564   6164   5416 S   0,0  0,0   0:00.00 tcpdump
 3607 root      20   0   22564   5992   5252 S   0,0  0,0   0:00.00 tcpdump
 3608 root      20   0   22564   6192   5300 S   0,0  0,0   0:00.00 tcpdump
 3457 root      20   0  997528 166660   8912 S   5,9  1,0   0:30.19 ovs-vswitc+
 3527 root      20   0  985412 121972   8912 S   1,0  0,7   0:00.61 ovs-vswitc+
 3353 root      10 -10   20924   4904   4148 S   0,0  0,0   0:00.00 ovsdb-serv+
 3392 root      10 -10   26456   9856   8912 S   0,0  0,1   0:00.00 ovs-vswitc+
 3453 root      20   0   20912   4912   4128 S   0,0  0,0   0:00.01 ovsdb-serv+
 3523 root      20   0   20912   4892   4112 S   0,0  0,0   0:00.01 ovsdb-serv+
 3602 root      20   0   22564   6020   5272 S   0,0  0,0   0:00.00 tcpdump
 3603 root      20   0   22564   6152   5400 S   0,0  0,0   0:00.01 tcpdump
 3604 root      20   0   22564   6032   5284 S   0,0  0,0   0:00.01 tcpdump
 3605 root      20   0   22564   5992   5244 S   0,0  0,0   0:00.00 tcpdump
 3606 root      20   0   22564   6164   5416 S   0,0  0,0   0:00.00 tcpdump
 3607 root      20   0   22564   5992   5252 S   0,0  0,0   0:00.00 tcpdump
 3608 root      20   0   22564   6192   5300 S   0,0  0,0   0:00.00 tcpdump
 3457 root      20   0  997528 166660   8912 S   7,9  1,0   0:30.27 ovs-vswitc+
 3353 root      10 -10   20924   4904   4148 S   0,0  0,0   0:00.00 ovsdb-serv+
 3392 root      10 -10   26456   9856   8912 S   0,0  0,1   0:00.00 ovs-vswitc+
 3453 root      20   0   20912   4912   4128 S   0,0  0,0   0:00.01 ovsdb-serv+
 3523 root      20   0   20912   4892   4112 S   0,0  0,0   0:00.01 ovsdb-serv+
 3527 root      20   0  985412 121972   8912 S   0,0  0,7   0:00.61 ovs-vswitc+
 3602 root      20   0   22564   6020   5272 S   0,0  0,0   0:00.00 tcpdump
 3603 root      20   0   22564   6152   5400 S   0,0  0,0   0:00.01 tcpdump
 3604 root      20   0   22564   6032   5284 S   0,0  0,0   0:00.01 tcpdump
 3605 root      20   0   22564   5992   5244 S   0,0  0,0   0:00.00 tcpdump
 3606 root      20   0   22564   6164   5416 S   0,0  0,0   0:00.00 tcpdump
 3607 root      20   0   22564   5992   5252 S   0,0  0,0   0:00.00 tcpdump
 3608 root      20   0   22564   6192   5300 S   0,0  0,0   0:00.00 tcpdump
 3457 root      20   0  997528 166660   8912 S   3,9  1,0   0:30.31 ovs-vswitc+
 3527 root      20   0  985412 121972   8912 S   2,0  0,7   0:00.63 ovs-vswitc+
 3353 root      10 -10   20924   4904   4148 S   0,0  0,0   0:00.00 ovsdb-serv+
 3392 root      10 -10   26456   9856   8912 S   0,0  0,1   0:00.00 ovs-vswitc+
 3453 root      20   0   20912   4912   4128 S   0,0  0,0   0:00.01 ovsdb-serv+
 3523 root      20   0   20912   4892   4112 S   0,0  0,0   0:00.01 ovsdb-serv+
 3602 root      20   0   22564   6020   5272 S   0,0  0,0   0:00.00 tcpdump
 3603 root      20   0   22564   6152   5400 S   0,0  0,0   0:00.01 tcpdump
 3604 root      20   0   22564   6032   5284 S   0,0  0,0   0:00.01 tcpdump
 3605 root      20   0   22564   5992   5244 S   0,0  0,0   0:00.00 tcpdump
 3606 root      20   0   22564   6164   5416 S   0,0  0,0   0:00.00 tcpdump
 3607 root      20   0   22564   5992   5252 S   0,0  0,0   0:00.00 tcpdump
 3608 root      20   0   22564   6192   5300 S   0,0  0,0   0:00.00 tcpdump
 3457 root      20   0  997528 166660   8912 S   1,9  1,0   0:30.33 ovs-vswitc+
 3527 root      20   0  985412 121972   8912 S   1,0  0,7   0:00.64 ovs-vswitc+
 3353 root      10 -10   20924   4904   4148 S   0,0  0,0   0:00.00 ovsdb-serv+
 3392 root      10 -10   26456   9856   8912 S   0,0  0,1   0:00.00 ovs-vswitc+
 3453 root      20   0   20912   4912   4128 S   0,0  0,0   0:00.01 ovsdb-serv+
 3523 root      20   0   20912   4892   4112 S   0,0  0,0   0:00.01 ovsdb-serv+
 3602 root      20   0   22564   6020   5272 S   0,0  0,0   0:00.00 tcpdump
 3603 root      20   0   22564   6152   5400 S   0,0  0,0   0:00.01 tcpdump
 3604 root      20   0   22564   6032   5284 S   0,0  0,0   0:00.01 tcpdump
 3605 root      20   0   22564   5992   5244 S   0,0  0,0   0:00.00 tcpdump
 3606 root      20   0   22564   6164   5416 S   0,0  0,0   0:00.00 tcpdump
 3607 root      20   0   22564   5992   5252 S   0,0  0,0   0:00.00 tcpdump
 3608 root      20   0   22564   6192   5300 S   0,0  0,0   0:00.00 tcpdump
 3457 root      20   0  997528 166660   8912 S   2,0  1,0   0:30.35 ovs-vswitc+
 3527 root      20   0  985412 121972   8912 S   1,0  0,7   0:00.65 ovs-vswitc+
 3353 root      10 -10   20924   4904   4148 S   0,0  0,0   0:00.00 ovsdb-serv+
 3392 root      10 -10   26456   9856   8912 S   0,0  0,1   0:00.00 ovs-vswitc+
 3453 root      20   0   20912   4912   4128 S   0,0  0,0   0:00.01 ovsdb-serv+
 3523 root      20   0   20912   4892   4112 S   0,0  0,0   0:00.01 ovsdb-serv+
 3602 root      20   0   22564   6020   5272 S   0,0  0,0   0:00.00 tcpdump
 3603 root      20   0   22564   6152   5400 S   0,0  0,0   0:00.01 tcpdump
 3604 root      20   0   22564   6032   5284 S   0,0  0,0   0:00.01 tcpdump
 3605 root      20   0   22564   5992   5244 S   0,0  0,0   0:00.00 tcpdump
 3606 root      20   0   22564   6164   5416 S   0,0  0,0   0:00.00 tcpdump
 3607 root      20   0   22564   5992   5252 S   0,0  0,0   0:00.00 tcpdump
 3608 root      20   0   22564   6192   5300 S   0,0  0,0   0:00.00 tcpdump
 3527 root      20   0  985412 121972   8912 S   1,0  0,7   0:00.66 ovs-vswitc+
 3353 root      10 -10   20924   4904   4148 S   0,0  0,0   0:00.00 ovsdb-serv+
 3392 root      10 -10   26456   9856   8912 S   0,0  0,1   0:00.00 ovs-vswitc+
 3453 root      20   0   20912   4912   4128 S   0,0  0,0   0:00.01 ovsdb-serv+
 3457 root      20   0  997528 166660   8912 S   0,0  1,0   0:30.35 ovs-vswitc+
 3523 root      20   0   20912   4892   4112 S   0,0  0,0   0:00.01 ovsdb-serv+
 3602 root      20   0   22564   6020   5272 S   0,0  0,0   0:00.00 tcpdump
 3603 root      20   0   22564   6152   5400 S   0,0  0,0   0:00.01 tcpdump
 3604 root      20   0   22564   6032   5284 S   0,0  0,0   0:00.01 tcpdump
 3605 root      20   0   22564   5992   5244 S   0,0  0,0   0:00.00 tcpdump
 3606 root      20   0   22564   6164   5416 S   0,0  0,0   0:00.00 tcpdump
 3607 root      20   0   22564   5992   5252 S   0,0  0,0   0:00.00 tcpdump
 3608 root      20   0   22564   6192   5300 S   0,0  0,0   0:00.00 tcpdump
 3457 root      20   0  997528 166660   8912 S   1,0  1,0   0:30.36 ovs-vswitc+
 3353 root      10 -10   20924   4904   4148 S   0,0  0,0   0:00.00 ovsdb-serv+
 3392 root      10 -10   26456   9856   8912 S   0,0  0,1   0:00.00 ovs-vswitc+
 3453 root      20   0   20912   4912   4128 S   0,0  0,0   0:00.01 ovsdb-serv+
 3523 root      20   0   20912   4892   4112 S   0,0  0,0   0:00.01 ovsdb-serv+
 3527 root      20   0  985412 121972   8912 S   0,0  0,7   0:00.66 ovs-vswitc+
 3602 root      20   0   22564   6020   5272 S   0,0  0,0   0:00.00 tcpdump
 3603 root      20   0   22564   6152   5400 S   0,0  0,0   0:00.01 tcpdump
 3604 root      20   0   22564   6032   5284 S   0,0  0,0   0:00.01 tcpdump
 3605 root      20   0   22564   5992   5244 S   0,0  0,0   0:00.00 tcpdump
 3606 root      20   0   22564   6164   5416 S   0,0  0,0   0:00.00 tcpdump
 3607 root      20   0   22564   5992   5252 S   0,0  0,0   0:00.00 tcpdump
 3608 root      20   0   22564   6192   5300 S   0,0  0,0   0:00.00 tcpdump
 3457 root      20   0  997528 166660   8912 S   1,0  1,0   0:30.37 ovs-vswitc+
 3527 root      20   0  985412 121972   8912 S   1,0  0,7   0:00.67 ovs-vswitc+
 3353 root      10 -10   20924   4904   4148 S   0,0  0,0   0:00.00 ovsdb-serv+
 3392 root      10 -10   26456   9856   8912 S   0,0  0,1   0:00.00 ovs-vswitc+
 3453 root      20   0   20912   4912   4128 S   0,0  0,0   0:00.01 ovsdb-serv+
 3523 root      20   0   20912   4892   4112 S   0,0  0,0   0:00.01 ovsdb-serv+
 3602 root      20   0   22564   6020   5272 S   0,0  0,0   0:00.00 tcpdump
 3603 root      20   0   22564   6152   5400 S   0,0  0,0   0:00.01 tcpdump
 3604 root      20   0   22564   6032   5284 S   0,0  0,0   0:00.01 tcpdump
 3605 root      20   0   22564   5992   5244 S   0,0  0,0   0:00.00 tcpdump
 3606 root      20   0   22564   6164   5416 S   0,0  0,0   0:00.00 tcpdump
 3607 root      20   0   22564   5992   5252 S   0,0  0,0   0:00.00 tcpdump
 3608 root      20   0   22564   6192   5300 S   0,0  0,0   0:00.00 tcpdump
 3457 root      20   0  997528 166660   8912 S   2,0  1,0   0:30.39 ovs-vswitc+
 3527 root      20   0  985412 121972   8912 S   2,0  0,7   0:00.69 ovs-vswitc+
 3353 root      10 -10   20924   4904   4148 S   0,0  0,0   0:00.00 ovsdb-serv+
 3392 root      10 -10   26456   9856   8912 S   0,0  0,1   0:00.00 ovs-vswitc+
 3453 root      20   0   20912   4912   4128 S   0,0  0,0   0:00.01 ovsdb-serv+
 3523 root      20   0   20912   4892   4112 S   0,0  0,0   0:00.01 ovsdb-serv+
 3602 root      20   0   22564   6020   5272 S   0,0  0,0   0:00.00 tcpdump
 3603 root      20   0   22564   6152   5400 S   0,0  0,0   0:00.01 tcpdump
 3604 root      20   0   22564   6032   5284 S   0,0  0,0   0:00.01 tcpdump
 3605 root      20   0   22564   5992   5244 S   0,0  0,0   0:00.00 tcpdump
 3606 root      20   0   22564   6164   5416 S   0,0  0,0   0:00.00 tcpdump
 3607 root      20   0   22564   5992   5252 S   0,0  0,0   0:00.00 tcpdump
 3608 root      20   0   22564   6192   5300 S   0,0  0,0   0:00.00 tcpdump
 3457 root      20   0  997528 166660   8912 S   1,0  1,0   0:30.40 ovs-vswitc+
 3527 root      20   0  985412 121972   8912 S   1,0  0,7   0:00.70 ovs-vswitc+
 3353 root      10 -10   20924   4904   4148 S   0,0  0,0   0:00.00 ovsdb-serv+
 3392 root      10 -10   26456   9856   8912 S   0,0  0,1   0:00.00 ovs-vswitc+
 3453 root      20   0   20912   4912   4128 S   0,0  0,0   0:00.01 ovsdb-serv+
 3523 root      20   0   20912   4892   4112 S   0,0  0,0   0:00.01 ovsdb-serv+
 3602 root      20   0   22564   6020   5272 S   0,0  0,0   0:00.00 tcpdump
 3603 root      20   0   22564   6152   5400 S   0,0  0,0   0:00.01 tcpdump
 3604 root      20   0   22564   6032   5284 S   0,0  0,0   0:00.01 tcpdump
 3605 root      20   0   22564   5992   5244 S   0,0  0,0   0:00.00 tcpdump
 3606 root      20   0   22564   6164   5416 S   0,0  0,0   0:00.00 tcpdump
 3607 root      20   0   22564   5992   5252 S   0,0  0,0   0:00.00 tcpdump
 3608 root      20   0   22564   6192   5300 S   0,0  0,0   0:00.00 tcpdump
 3527 root      20   0  985412 121972   8912 S   1,0  0,7   0:00.71 ovs-vswitc+
 3353 root      10 -10   20924   4904   4148 S   0,0  0,0   0:00.00 ovsdb-serv+
 3392 root      10 -10   26456   9856   8912 S   0,0  0,1   0:00.00 ovs-vswitc+
 3453 root      20   0   20912   4912   4128 S   0,0  0,0   0:00.01 ovsdb-serv+
 3457 root      20   0  997528 166660   8912 S   0,0  1,0   0:30.40 ovs-vswitc+
 3523 root      20   0   20912   4892   4112 S   0,0  0,0   0:00.01 ovsdb-serv+
 3602 root      20   0   22564   6020   5272 S   0,0  0,0   0:00.00 tcpdump
 3603 root      20   0   22564   6152   5400 S   0,0  0,0   0:00.01 tcpdump
 3604 root      20   0   22564   6032   5284 S   0,0  0,0   0:00.01 tcpdump
 3605 root      20   0   22564   5992   5244 S   0,0  0,0   0:00.00 tcpdump
 3606 root      20   0   22564   6164   5416 S   0,0  0,0   0:00.00 tcpdump
 3607 root      20   0   22564   5992   5252 S   0,0  0,0   0:00.00 tcpdump
 3608 root      20   0   22564   6192   5300 S   0,0  0,0   0:00.00 tcpdump
 3457 root      20   0  997528 166660   8912 S   2,0  1,0   0:30.42 ovs-vswitc+
 3527 root      20   0  985412 121972   8912 S   1,0  0,7   0:00.72 ovs-vswitc+
 3353 root      10 -10   20924   4904   4148 S   0,0  0,0   0:00.00 ovsdb-serv+
 3392 root      10 -10   26456   9856   8912 S   0,0  0,1   0:00.00 ovs-vswitc+
 3453 root      20   0   20912   4912   4128 S   0,0  0,0   0:00.01 ovsdb-serv+
 3523 root      20   0   20912   4892   4112 S   0,0  0,0   0:00.01 ovsdb-serv+
 3602 root      20   0   22564   6020   5272 S   0,0  0,0   0:00.00 tcpdump
 3603 root      20   0   22564   6152   5400 S   0,0  0,0   0:00.01 tcpdump
 3604 root      20   0   22564   6032   5284 S   0,0  0,0   0:00.01 tcpdump
 3605 root      20   0   22564   5992   5244 S   0,0  0,0   0:00.00 tcpdump
 3606 root      20   0   22564   6164   5416 S   0,0  0,0   0:00.00 tcpdump
 3607 root      20   0   22564   5992   5252 S   0,0  0,0   0:00.00 tcpdump
 3608 root      20   0   22564   6192   5300 S   0,0  0,0   0:00.00 tcpdump
 3527 root      20   0  985412 121972   8912 S   1,0  0,7   0:00.73 ovs-vswitc+
 3353 root      10 -10   20924   4904   4148 S   0,0  0,0   0:00.00 ovsdb-serv+
 3392 root      10 -10   26456   9856   8912 S   0,0  0,1   0:00.00 ovs-vswitc+
 3453 root      20   0   20912   4912   4128 S   0,0  0,0   0:00.01 ovsdb-serv+
 3457 root      20   0  997528 166660   8912 S   0,0  1,0   0:30.42 ovs-vswitc+
 3523 root      20   0   20912   4892   4112 S   0,0  0,0   0:00.01 ovsdb-serv+
 3602 root      20   0   22564   6020   5272 S   0,0  0,0   0:00.00 tcpdump
 3603 root      20   0   22564   6152   5400 S   0,0  0,0   0:00.01 tcpdump
 3604 root      20   0   22564   6032   5284 S   0,0  0,0   0:00.01 tcpdump
 3605 root      20   0   22564   5992   5244 S   0,0  0,0   0:00.00 tcpdump
 3606 root      20   0   22564   6164   5416 S   0,0  0,0   0:00.00 tcpdump
 3607 root      20   0   22564   5992   5252 S   0,0  0,0   0:00.00 tcpdump
 3608 root      20   0   22564   6192   5300 S   0,0  0,0   0:00.00 tcpdump
 3457 root      20   0  997528 166660   8912 S   1,0  1,0   0:30.43 ovs-vswitc+
 3353 root      10 -10   20924   4904   4148 S   0,0  0,0   0:00.00 ovsdb-serv+
 3392 root      10 -10   26456   9856   8912 S   0,0  0,1   0:00.00 ovs-vswitc+
 3453 root      20   0   20912   4912   4128 S   0,0  0,0   0:00.01 ovsdb-serv+
 3523 root      20   0   20912   4892   4112 S   0,0  0,0   0:00.01 ovsdb-serv+
 3527 root      20   0  985412 121972   8912 S   0,0  0,7   0:00.73 ovs-vswitc+
 3602 root      20   0   22564   6020   5272 S   0,0  0,0   0:00.00 tcpdump
 3603 root      20   0   22564   6152   5400 S   0,0  0,0   0:00.01 tcpdump
 3604 root      20   0   22564   6032   5284 S   0,0  0,0   0:00.01 tcpdump
 3605 root      20   0   22564   5992   5244 S   0,0  0,0   0:00.00 tcpdump
 3606 root      20   0   22564   6164   5416 S   0,0  0,0   0:00.00 tcpdump
 3607 root      20   0   22564   5992   5252 S   0,0  0,0   0:00.00 tcpdump
 3608 root      20   0   22564   6192   5300 S   0,0  0,0   0:00.00 tcpdump
 3457 root      20   0  997528 166660   8912 S   1,0  1,0   0:30.44 ovs-vswitc+
 3527 root      20   0  985412 121972   8912 S   1,0  0,7   0:00.74 ovs-vswitc+
 3353 root      10 -10   20924   4904   4148 S   0,0  0,0   0:00.00 ovsdb-serv+
 3392 root      10 -10   26456   9856   8912 S   0,0  0,1   0:00.00 ovs-vswitc+
 3453 root      20   0   20912   4912   4128 S   0,0  0,0   0:00.01 ovsdb-serv+
 3523 root      20   0   20912   4892   4112 S   0,0  0,0   0:00.01 ovsdb-serv+
 3602 root      20   0   22564   6020   5272 S   0,0  0,0   0:00.00 tcpdump
 3603 root      20   0   22564   6152   5400 S   0,0  0,0   0:00.01 tcpdump
 3604 root      20   0   22564   6032   5284 S   0,0  0,0   0:00.01 tcpdump
 3605 root      20   0   22564   5992   5244 S   0,0  0,0   0:00.00 tcpdump
 3606 root      20   0   22564   6164   5416 S   0,0  0,0   0:00.00 tcpdump
 3607 root      20   0   22564   5992   5252 S   0,0  0,0   0:00.00 tcpdump
 3608 root      20   0   22564   6192   5300 S   0,0  0,0   0:00.00 tcpdump
 3457 root      20   0  997528 166660   8912 S   1,0  1,0   0:30.45 ovs-vswitc+
 3527 root      20   0  985412 121972   8912 S   1,0  0,7   0:00.75 ovs-vswitc+
 3353 root      10 -10   20924   4904   4148 S   0,0  0,0   0:00.00 ovsdb-serv+
 3392 root      10 -10   26456   9856   8912 S   0,0  0,1   0:00.00 ovs-vswitc+
 3453 root      20   0   20912   4912   4128 S   0,0  0,0   0:00.01 ovsdb-serv+
 3523 root      20   0   20912   4892   4112 S   0,0  0,0   0:00.01 ovsdb-serv+
 3602 root      20   0   22564   6020   5272 S   0,0  0,0   0:00.00 tcpdump
 3603 root      20   0   22564   6152   5400 S   0,0  0,0   0:00.01 tcpdump
 3604 root      20   0   22564   6032   5284 S   0,0  0,0   0:00.01 tcpdump
 3605 root      20   0   22564   5992   5244 S   0,0  0,0   0:00.00 tcpdump
 3606 root      20   0   22564   6164   5416 S   0,0  0,0   0:00.00 tcpdump
 3607 root      20   0   22564   5992   5252 S   0,0  0,0   0:00.00 tcpdump
 3608 root      20   0   22564   6192   5300 S   0,0  0,0   0:00.00 tcpdump
 3457 root      20   0  997528 166660   8912 S   1,0  1,0   0:30.46 ovs-vswitc+
 3527 root      20   0  985412 121972   8912 S   1,0  0,7   0:00.76 ovs-vswitc+
 3353 root      10 -10   20924   4904   4148 S   0,0  0,0   0:00.00 ovsdb-serv+
 3392 root      10 -10   26456   9856   8912 S   0,0  0,1   0:00.00 ovs-vswitc+
 3453 root      20   0   20912   4912   4128 S   0,0  0,0   0:00.01 ovsdb-serv+
 3523 root      20   0   20912   4892   4112 S   0,0  0,0   0:00.01 ovsdb-serv+
 3602 root      20   0   22564   6020   5272 S   0,0  0,0   0:00.00 tcpdump
 3603 root      20   0   22564   6152   5400 S   0,0  0,0   0:00.01 tcpdump
 3604 root      20   0   22564   6032   5284 S   0,0  0,0   0:00.01 tcpdump
 3605 root      20   0   22564   5992   5244 S   0,0  0,0   0:00.00 tcpdump
 3606 root      20   0   22564   6164   5416 S   0,0  0,0   0:00.00 tcpdump
 3607 root      20   0   22564   5992   5252 S   0,0  0,0   0:00.00 tcpdump
 3608 root      20   0   22564   6192   5300 S   0,0  0,0   0:00.00 tcpdump
 3457 root      20   0  997528 166660   8912 S   1,0  1,0   0:30.47 ovs-vswitc+
 3527 root      20   0  985412 121972   8912 S   1,0  0,7   0:00.77 ovs-vswitc+
 3353 root      10 -10   20924   4904   4148 S   0,0  0,0   0:00.00 ovsdb-serv+
 3392 root      10 -10   26456   9856   8912 S   0,0  0,1   0:00.00 ovs-vswitc+
 3453 root      20   0   20912   4912   4128 S   0,0  0,0   0:00.01 ovsdb-serv+
 3523 root      20   0   20912   4892   4112 S   0,0  0,0   0:00.01 ovsdb-serv+
 3602 root      20   0   22564   6020   5272 S   0,0  0,0   0:00.00 tcpdump
 3603 root      20   0   22564   6152   5400 S   0,0  0,0   0:00.01 tcpdump
 3604 root      20   0   22564   6032   5284 S   0,0  0,0   0:00.01 tcpdump
 3605 root      20   0   22564   5992   5244 S   0,0  0,0   0:00.00 tcpdump
 3606 root      20   0   22564   6164   5416 S   0,0  0,0   0:00.00 tcpdump
 3607 root      20   0   22564   5992   5252 S   0,0  0,0   0:00.00 tcpdump
 3608 root      20   0   22564   6192   5300 S   0,0  0,0   0:00.00 tcpdump
 3457 root      20   0  997528 166660   8912 S   1,0  1,0   0:30.48 ovs-vswitc+
 3527 root      20   0  985412 121972   8912 S   1,0  0,7   0:00.78 ovs-vswitc+
 3353 root      10 -10   20924   4904   4148 S   0,0  0,0   0:00.00 ovsdb-serv+
 3392 root      10 -10   26456   9856   8912 S   0,0  0,1   0:00.00 ovs-vswitc+
 3453 root      20   0   20912   4912   4128 S   0,0  0,0   0:00.01 ovsdb-serv+
 3523 root      20   0   20912   4892   4112 S   0,0  0,0   0:00.01 ovsdb-serv+
 3602 root      20   0   22564   6020   5272 S   0,0  0,0   0:00.00 tcpdump
 3603 root      20   0   22564   6152   5400 S   0,0  0,0   0:00.01 tcpdump
 3604 root      20   0   22564   6032   5284 S   0,0  0,0   0:00.01 tcpdump
 3605 root      20   0   22564   5992   5244 S   0,0  0,0   0:00.00 tcpdump
 3606 root      20   0   22564   6164   5416 S   0,0  0,0   0:00.00 tcpdump
 3607 root      20   0   22564   5992   5252 S   0,0  0,0   0:00.00 tcpdump
 3608 root      20   0   22564   6192   5300 S   0,0  0,0   0:00.00 tcpdump
 3527 root      20   0  985412 121972   8912 S   2,0  0,7   0:00.80 ovs-vswitc+
 3457 root      20   0  997528 166660   8912 S   1,0  1,0   0:30.49 ovs-vswitc+
 3353 root      10 -10   20924   4904   4148 S   0,0  0,0   0:00.00 ovsdb-serv+
 3392 root      10 -10   26456   9856   8912 S   0,0  0,1   0:00.00 ovs-vswitc+
 3453 root      20   0   20912   4912   4128 S   0,0  0,0   0:00.01 ovsdb-serv+
 3523 root      20   0   20912   4892   4112 S   0,0  0,0   0:00.01 ovsdb-serv+
 3602 root      20   0   22564   6020   5272 S   0,0  0,0   0:00.00 tcpdump
 3603 root      20   0   22564   6152   5400 S   0,0  0,0   0:00.01 tcpdump
 3604 root      20   0   22564   6032   