27602 root      20   0  985300 118364   8912 S  12,5  0,7   0:00.12 ovs-vswitc+
27673 root      20   0  985300 118364   8912 S  12,5  0,7   0:00.10 ovs-vswitc+
27496 root      10 -10   20924   4888   4132 S   0,0  0,0   0:00.00 ovsdb-serv+
27535 root      10 -10   26456   9856   8912 S   0,0  0,1   0:00.00 ovs-vswitc+
27598 root      20   0   20912   4924   4140 S   0,0  0,0   0:00.00 ovsdb-serv+
27669 root      20   0   20912   5084   4304 S   0,0  0,0   0:00.01 ovsdb-serv+
27750 root      20   0   22564   6008   5256 S   0,0  0,0   0:00.00 tcpdump
27751 root      20   0   22564   5976   5228 S   0,0  0,0   0:00.00 tcpdump
27752 root      20   0   22564   5960   5212 S   0,0  0,0   0:00.00 tcpdump
27753 root      20   0   22564   6088   5340 S   0,0  0,0   0:00.00 tcpdump
27754 root      20   0   22564   6064   5316 S   0,0  0,0   0:00.00 tcpdump
27755 root      20   0   22564   6244   5352 S   0,0  0,0   0:00.00 tcpdump
27756 root      20   0   22564   6240   5356 S   0,0  0,0   0:00.00 tcpdump
27602 root      20   0  985300 118364   8912 S   1,0  0,7   0:00.13 ovs-vswitc+
27673 root      20   0  985300 118364   8912 S   1,0  0,7   0:00.11 ovs-vswitc+
27496 root      10 -10   20924   4888   4132 S   0,0  0,0   0:00.00 ovsdb-serv+
27535 root      10 -10   26456   9856   8912 S   0,0  0,1   0:00.00 ovs-vswitc+
27598 root      20   0   20912   4924   4140 S   0,0  0,0   0:00.00 ovsdb-serv+
27669 root      20   0   20912   5084   4304 S   0,0  0,0   0:00.01 ovsdb-serv+
27750 root      20   0   22564   6008   5256 S   0,0  0,0   0:00.00 tcpdump
27751 root      20   0   22564   5976   5228 S   0,0  0,0   0:00.00 tcpdump
27752 root      20   0   22564   5960   5212 S   0,0  0,0   0:00.00 tcpdump
27753 root      20   0   22564   6088   5340 S   0,0  0,0   0:00.00 tcpdump
27754 root      20   0   22564   6064   5316 S   0,0  0,0   0:00.00 tcpdump
27755 root      20   0   22564   6244   5352 S   0,0  0,0   0:00.00 tcpdump
27756 root      20   0   22564   6240   5356 S   0,0  0,0   0:00.00 tcpdump
27602 root      20   0  985300 118364   8912 S   1,0  0,7   0:00.14 ovs-vswitc+
27673 root      20   0  985300 118364   8912 S   1,0  0,7   0:00.12 ovs-vswitc+
27496 root      10 -10   20924   4888   4132 S   0,0  0,0   0:00.00 ovsdb-serv+
27535 root      10 -10   26456   9856   8912 S   0,0  0,1   0:00.00 ovs-vswitc+
27598 root      20   0   20912   4924   4140 S   0,0  0,0   0:00.00 ovsdb-serv+
27669 root      20   0   20912   5084   4304 S   0,0  0,0   0:00.01 ovsdb-serv+
27750 root      20   0   22564   6008   5256 S   0,0  0,0   0:00.00 tcpdump
27751 root      20   0   22564   5976   5228 S   0,0  0,0   0:00.00 tcpdump
27752 root      20   0   22564   5960   5212 S   0,0  0,0   0:00.00 tcpdump
27753 root      20   0   22564   6088   5340 S   0,0  0,0   0:00.00 tcpdump
27754 root      20   0   22564   6064   5316 S   0,0  0,0   0:00.00 tcpdump
27755 root      20   0   22564   6244   5352 S   0,0  0,0   0:00.00 tcpdump
27756 root      20   0   22564   6240   5356 S   0,0  0,0   0:00.00 tcpdump
27673 root      20   0  985300 118364   8912 S   3,0  0,7   0:00.15 ovs-vswitc+
27496 root      10 -10   20924   4888   4132 S   0,0  0,0   0:00.00 ovsdb-serv+
27535 root      10 -10   26456   9856   8912 S   0,0  0,1   0:00.00 ovs-vswitc+
27598 root      20   0   20912   4924   4140 S   0,0  0,0   0:00.00 ovsdb-serv+
27602 root      20   0  985300 118364   8912 S   0,0  0,7   0:00.14 ovs-vswitc+
27669 root      20   0   20912   5084   4304 S   0,0  0,0   0:00.01 ovsdb-serv+
27750 root      20   0   22564   6008   5256 S   0,0  0,0   0:00.00 tcpdump
27751 root      20   0   22564   5976   5228 S   0,0  0,0   0:00.00 tcpdump
27752 root      20   0   22564   5960   5212 S   0,0  0,0   0:00.00 tcpdump
27753 root      20   0   22564   6088   5340 S   0,0  0,0   0:00.00 tcpdump
27754 root      20   0   22564   6064   5316 S   0,0  0,0   0:00.00 tcpdump
27755 root      20   0   22564   6244   5352 S   0,0  0,0   0:00.00 tcpdump
27756 root      20   0   22564   6240   5356 S   0,0  0,0   0:00.00 tcpdump
27602 root      20   0  985300 118364   8912 S   1,0  0,7   0:00.15 ovs-vswitc+
27673 root      20   0  985300 118364   8912 S   1,0  0,7   0:00.16 ovs-vswitc+
27496 root      10 -10   20924   4888   4132 S   0,0  0,0   0:00.00 ovsdb-serv+
27535 root      10 -10   26456   9856   8912 S   0,0  0,1   0:00.00 ovs-vswitc+
27598 root      20   0   20912   4924   4140 S   0,0  0,0   0:00.00 ovsdb-serv+
27669 root      20   0   20912   5084   4304 S   0,0  0,0   0:00.01 ovsdb-serv+
27750 root      20   0   22564   6008   5256 S   0,0  0,0   0:00.00 tcpdump
27751 root      20   0   22564   5976   5228 S   0,0  0,0   0:00.00 tcpdump
27752 root      20   0   22564   5960   5212 S   0,0  0,0   0:00.00 tcpdump
27753 root      20   0   22564   6088   5340 S   0,0  0,0   0:00.00 tcpdump
27754 root      20   0   22564   6064   5316 S   0,0  0,0   0:00.00 tcpdump
27755 root      20   0   22564   6244   5352 S   0,0  0,0   0:00.00 tcpdump
27756 root      20   0   22564   6240   5356 S   0,0  0,0   0:00.00 tcpdump
27602 root      20   0  985300 118364   8912 S   1,0  0,7   0:00.16 ovs-vswitc+
27496 root      10 -10   20924   4888   4132 S   0,0  0,0   0:00.00 ovsdb-serv+
27535 root      10 -10   26456   9856   8912 S   0,0  0,1   0:00.00 ovs-vswitc+
27598 root      20   0   20912   4924   4140 S   0,0  0,0   0:00.00 ovsdb-serv+
27669 root      20   0   20912   5084   4304 S   0,0  0,0   0:00.01 ovsdb-serv+
27673 root      20   0  985300 118364   8912 S   0,0  0,7   0:00.16 ovs-vswitc+
27750 root      20   0   22564   6008   5256 S   0,0  0,0   0:00.00 tcpdump
27751 root      20   0   22564   5976   5228 S   0,0  0,0   0:00.00 tcpdump
27752 root      20   0   22564   5960   5212 S   0,0  0,0   0:00.00 tcpdump
27753 root      20   0   22564   6088   5340 S   0,0  0,0   0:00.00 tcpdump
27754 root      20   0   22564   6064   5316 S   0,0  0,0   0:00.00 tcpdump
27755 root      20   0   22564   6244   5352 S   0,0  0,0   0:00.00 tcpdump
27756 root      20   0   22564   6240   5356 S   0,0  0,0   0:00.00 tcpdump
27673 root      20   0  985300 118364   8912 S   1,0  0,7   0:00.17 ovs-vswitc+
27496 root      10 -10   20924   4888   4132 S   0,0  0,0   0:00.00 ovsdb-serv+
27535 root      10 -10   26456   9856   8912 S   0,0  0,1   0:00.00 ovs-vswitc+
27598 root      20   0   20912   4924   4140 S   0,0  0,0   0:00.00 ovsdb-serv+
27602 root      20   0  985300 118364   8912 S   0,0  0,7   0:00.16 ovs-vswitc+
27669 root      20   0   20912   5084   4304 S   0,0  0,0   0:00.01 ovsdb-serv+
27750 root      20   0   22564   6008   5256 S   0,0  0,0   0:00.00 tcpdump
27751 root      20   0   22564   5976   5228 S   0,0  0,0   0:00.00 tcpdump
27752 root      20   0   22564   5960   5212 S   0,0  0,0   0:00.00 tcpdump
27753 root      20   0   22564   6088   5340 S   0,0  0,0   0:00.00 tcpdump
27754 root      20   0   22564   6064   5316 S   0,0  0,0   0:00.00 tcpdump
27755 root      20   0   22564   6244   5352 S   0,0  0,0   0:00.00 tcpdump
27756 root      20   0   22564   6240   5356 S   0,0  0,0   0:00.00 tcpdump
27602 root      20   0  985300 118364   8912 S   1,0  0,7   0:00.17 ovs-vswitc+
27673 root      20   0  985300 118364   8912 S   1,0  0,7   0:00.18 ovs-vswitc+
27496 root      10 -10   20924   4888   4132 S   0,0  0,0   0:00.00 ovsdb-serv+
27535 root      10 -10   26456   9856   8912 S   0,0  0,1   0:00.00 ovs-vswitc+
27598 root      20   0   20912   4924   4140 S   0,0  0,0   0:00.00 ovsdb-serv+
27669 root      20   0   20912   5084   4304 S   0,0  0,0   0:00.01 ovsdb-serv+
27750 root      20   0   22564   6008   5256 S   0,0  0,0   0:00.00 tcpdump
27751 root      20   0   22564   5976   5228 S   0,0  0,0   0:00.00 tcpdump
27752 root      20   0   22564   5960   5212 S   0,0  0,0   0:00.00 tcpdump
27753 root      20   0   22564   6088   5340 S   0,0  0,0   0:00.00 tcpdump
27754 root      20   0   22564   6064   5316 S   0,0  0,0   0:00.00 tcpdump
27755 root      20   0   22564   6244   5352 S   0,0  0,0   0:00.00 tcpdump
27756 root      20   0   22564   6240   5356 S   0,0  0,0   0:00.00 tcpdump
27673 root      20   0  985416 118548   8912 S   1,0  0,7   0:00.19 ovs-vswitc+
27496 root      10 -10   20924   4888   4132 S   0,0  0,0   0:00.00 ovsdb-serv+
27535 root      10 -10   26456   9856   8912 S   0,0  0,1   0:00.00 ovs-vswitc+
27598 root      20   0   20912   4924   4140 S   0,0  0,0   0:00.00 ovsdb-serv+
27602 root      20   0  985300 118364   8912 S   0,0  0,7   0:00.17 ovs-vswitc+
27669 root      20   0   20912   5084   4304 S   0,0  0,0   0:00.01 ovsdb-serv+
27750 root      20   0   22564   6008   5256 S   0,0  0,0   0:00.00 tcpdump
27751 root      20   0   22564   5976   5228 S   0,0  0,0   0:00.00 tcpdump
27752 root      20   0   22564   5960   5212 S   0,0  0,0   0:00.00 tcpdump
27753 root      20   0   22564   6088   5340 S   0,0  0,0   0:00.00 tcpdump
27754 root      20   0   22564   6064   5316 S   0,0  0,0   0:00.00 tcpdump
27755 root      20   0   22564   6244   5352 S   0,0  0,0   0:00.00 tcpdump
27756 root      20   0   22564   6240   5356 S   0,0  0,0   0:00.00 tcpdump
27602 root      20   0  985396 118528   8912 S   1,0  0,7   0:00.18 ovs-vswitc+
27673 root      20   0  985416 118548   8912 S   1,0  0,7   0:00.20 ovs-vswitc+
27496 root      10 -10   20924   4888   4132 S   0,0  0,0   0:00.00 ovsdb-serv+
27535 root      10 -10   26456   9856   8912 S   0,0  0,1   0:00.00 ovs-vswitc+
27598 root      20   0   20912   4924   4140 S   0,0  0,0   0:00.00 ovsdb-serv+
27669 root      20   0   20912   5084   4304 S   0,0  0,0   0:00.01 ovsdb-serv+
27750 root      20   0   22564   6008   5256 S   0,0  0,0   0:00.00 tcpdump
27751 root      20   0   22564   5976   5228 S   0,0  0,0   0:00.00 tcpdump
27752 root      20   0   22564   5960   5212 S   0,0  0,0   0:00.00 tcpdump
27753 root      20   0   22564   6088   5340 S   0,0  0,0   0:00.00 tcpdump
27754 root      20   0   22564   6064   5316 S   0,0  0,0   0:00.00 tcpdump
27755 root      20   0   22564   6244   5352 S   0,0  0,0   0:00.00 tcpdump
27756 root      20   0   22564   6240   5356 S   0,0  0,0   0:00.00 tcpdump
27602 root      20   0  985396 118528   8912 S   1,0  0,7   0:00.19 ovs-vswitc+
27496 root      10 -10   20924   4888   4132 S   0,0  0,0   0:00.00 ovsdb-serv+
27535 root      10 -10   26456   9856   8912 S   0,0  0,1   0:00.00 ovs-vswitc+
27598 root      20   0   20912   4924   4140 S   0,0  0,0   0:00.00 ovsdb-serv+
27669 root      20   0   20912   5084   4304 S   0,0  0,0   0:00.01 ovsdb-serv+
27673 root      20   0  985416 118548   8912 S   0,0  0,7   0:00.20 ovs-vswitc+
27750 root      20   0   22564   6008   5256 S   0,0  0,0   0:00.00 tcpdump
27751 root      20   0   22564   5976   5228 S   0,0  0,0   0:00.00 tcpdump
27752 root      20   0   22564   5960   5212 S   0,0  0,0   0:00.00 tcpdump
27753 root      20   0   22564   6088   5340 S   0,0  0,0   0:00.00 tcpdump
27754 root      20   0   22564   6064   5316 S   0,0  0,0   0:00.00 tcpdump
27755 root      20   0   22564   6244   5352 S   0,0  0,0   0:00.00 tcpdump
27756 root      20   0   22564   6240   5356 S   0,0  0,0   0:00.00 tcpdump
27602 root      20   0  985396 118528   8912 S   1,0  0,7   0:00.20 ovs-vswitc+
27673 root      20   0  985416 118548   8912 S   1,0  0,7   0:00.21 ovs-vswitc+
27496 root      10 -10   20924   4888   4132 S   0,0  0,0   0:00.00 ovsdb-serv+
27535 root      10 -10   26456   9856   8912 S   0,0  0,1   0:00.00 ovs-vswitc+
27598 root      20   0   20912   4924   4140 S   0,0  0,0   0:00.00 ovsdb-serv+
27669 root      20   0   20912   5084   4304 S   0,0  0,0   0:00.01 ovsdb-serv+
27750 root      20   0   22564   6008   5256 S   0,0  0,0   0:00.00 tcpdump
27751 root      20   0   22564   5976   5228 S   0,0  0,0   0:00.00 tcpdump
27752 root      20   0   22564   5960   5212 S   0,0  0,0   0:00.00 tcpdump
27753 root      20   0   22564   6088   5340 S   0,0  0,0   0:00.00 tcpdump
27754 root      20   0   22564   6064   5316 S   0,0  0,0   0:00.00 tcpdump
27755 root      20   0   22564   6244   5352 S   0,0  0,0   0:00.00 tcpdump
27756 root      20   0   22564   6240   5356 S   0,0  0,0   0:00.00 tcpdump
27602 root      20   0  985396 118528   8912 S   1,0  0,7   0:00.21 ovs-vswitc+
27673 root      20   0  985416 118548   8912 S   1,0  0,7   0:00.22 ovs-vswitc+
27496 root      10 -10   20924   4888   4132 S   0,0  0,0   0:00.00 ovsdb-serv+
27535 root      10 -10   26456   9856   8912 S   0,0  0,1   0:00.00 ovs-vswitc+
27598 root      20   0   20912   4924   4140 S   0,0  0,0   0:00.00 ovsdb-serv+
27669 root      20   0   20912   5084   4304 S   0,0  0,0   0:00.01 ovsdb-serv+
27750 root      20   0   22564   6008   5256 S   0,0  0,0   0:00.00 tcpdump
27751 root      20   0   22564   5976   5228 S   0,0  0,0   0:00.00 tcpdump
27752 root      20   0   22564   5960   5212 S   0,0  0,0   0:00.00 tcpdump
27753 root      20   0   22564   6088   5340 S   0,0  0,0   0:00.00 tcpdump
27754 root      20   0   22564   6064   5316 S   0,0  0,0   0:00.00 tcpdump
27755 root      20   0   22564   6244   5352 S   0,0  0,0   0:00.00 tcpdump
27756 root      20   0   22564   6240   5356 S   0,0  0,0   0:00.00 tcpdump
27673 root      20   0  985416 118548   8912 S   2,0  0,7   0:00.24 ovs-vswitc+
27602 root      20   0  985396 118528   8912 S   1,0  0,7   0:00.22 ovs-vswitc+
27496 root      10 -10   20924   4888   4132 S   0,0  0,0   0:00.00 ovsdb-serv+
27535 root      10 -10   26456   9856   8912 S   0,0  0,1   0:00.00 ovs-vswitc+
27598 root      20   0   20912   4924   4140 S   0,0  0,0   0:00.00 ovsdb-serv+
27669 root      20   0   20912   5084   4304 S   0,0  0,0   0:00.01 ovsdb-serv+
27750 root      20   0   22564   6008   5256 S   0,0  0,0   0:00.00 tcpdump
27751 root      20   0   22564   5976   5228 S   0,0  0,0   0:00.00 tcpdump
27752 root      20   0   22564   5960   5212 S   0,0  0,0   0:00.00 tcpdump
27753 root      20   0   22564   6088   5340 S   0,0  0,0   0:00.00 tcpdump
27754 root      20   0   22564   6064   5316 S   0,0  0,0   0:00.00 tcpdump
27755 root      20   0   22564   6244   5352 S   0,0  0,0   0:00.00 tcpdump
27756 root      20   0   22564   6240   5356 S   0,0  0,0   0:00.00 tcpdump
27602 root      20   0  985396 118528   8912 S   2,0  0,7   0:00.24 ovs-vswitc+
27673 root      20   0  985416 118548   8912 S   1,0  0,7   0:00.25 ovs-vswitc+
27496 root      10 -10   20924   4888   4132 S   0,0  0,0   0:00.00 ovsdb-serv+
27535 root      10 -10   26456   9856   8912 S   0,0  0,1   0:00.00 ovs-vswitc+
27598 root      20   0   20912   4924   4140 S   0,0  0,0   0:00.00 ovsdb-serv+
27669 root      20   0   20912   5084   4304 S   0,0  0,0   0:00.01 ovsdb-serv+
27750 root      20   0   22564   6008   5256 S   0,0  0,0   0:00.00 tcpdump
27751 root      20   0   22564   5976   5228 S   0,0  0,0   0:00.00 tcpdump
27752 root      20   0   22564   5960   5212 S   0,0  0,0   0:00.00 tcpdump
27753 root      20   0   22564   6088   5340 S   0,0  0,0   0:00.00 tcpdump
27754 root      20   0   22564   6064   5316 S   0,0  0,0   0:00.00 tcpdump
27755 root      20   0   22564   6244   5352 S   0,0  0,0   0:00.00 tcpdump
27756 root      20   0   22564   6240   5356 S   0,0  0,0   0:00.00 tcpdump
27598 root      20   0   20912   4924   4140 S   1,0  0,0   0:00.01 ovsdb-serv+
27673 root      20   0  985416 118548   8912 S   1,0  0,7   0:00.26 ovs-vswitc+
27496 root      10 -10   20924   4888   4132 S   0,0  0,0   0:00.00 ovsdb-serv+
27535 root      10 -10   26456   9856   8912 S   0,0  0,1   0:00.00 ovs-vswitc+
27602 root      20   0  985396 118528   8912 S   0,0  0,7   0:00.24 ovs-vswitc+
27669 root      20   0   20912   5084   4304 S   0,0  0,0   0:00.01 ovsdb-serv+
27750 root      20   0   22564   6008   5256 S   0,0  0,0   0:00.00 tcpdump
27751 root      20   0   22564   5976   5228 S   0,0  0,0   0:00.00 tcpdump
27752 root      20   0   22564   5960   5212 S   0,0  0,0   0:00.00 tcpdump
27753 root      20   0   22564   6088   5340 S   0,0  0,0   0:00.00 tcpdump
27754 root      20   0   22564   6064   5316 S   0,0  0,0   0:00.00 tcpdump
27755 root      20   0   22564   6244   5352 S   0,0  0,0   0:00.00 tcpdump
27756 root      20   0   22564   6240   5356 S   0,0  0,0   0:00.00 tcpdump
27602 root      20   0  985396 118528   8912 S   1,0  0,7   0:00.25 ovs-vswitc+
27673 root      20   0  985416 118548   8912 S   1,0  0,7   0:00.27 ovs-vswitc+
27496 root      10 -10   20924   4888   4132 S   0,0  0,0   0:00.00 ovsdb-serv+
27535 root      10 -10   26456   9856   8912 S   0,0  0,1   0:00.00 ovs-vswitc+
27598 root      20   0   20912   4924   4140 S   0,0  0,0   0:00.01 ovsdb-serv+
27669 root      20   0   20912   5084   4304 S   0,0  0,0   0:00.01 ovsdb-serv+
27750 root      20   0   22564   6008   5256 S   0,0  0,0   0:00.00 tcpdump
27751 root      20   0   22564   5976   5228 S   0,0  0,0   0:00.00 tcpdump
27752 root      20   0   22564   5960   5212 S   0,0  0,0   0:00.00 tcpdump
27753 root      20   0   22564   6088   5340 S   0,0  0,0   0:00.00 tcpdump
27754 root      20   0   22564   6064   5316 S   0,0  0,0   0:00.00 tcpdump
27755 root      20   0   22564   6244   5352 S   0,0  0,0   0:00.00 tcpdump
27756 root      20   0   22564   6240   5356 S   0,0  0,0   0:00.00 tcpdump
27602 root      20   0  985396 118528   8912 S   1,0  0,7   0:00.26 ovs-vswitc+
27673 root      20   0  985416 118548   8912 S   1,0  0,7   0:00.28 ovs-vswitc+
27496 root      10 -10   20924   4888   4132 S   0,0  0,0   0:00.00 ovsdb-serv+
27535 root      10 -10   26456   9856   8912 S   0,0  0,1   0:00.00 ovs-vswitc+
27598 root      20   0   20912   4924   4140 S   0,0  0,0   0:00.01 ovsdb-serv+
27669 root      20   0   20912   5084   4304 S   0,0  0,0   0:00.01 ovsdb-serv+
27750 root      20   0   22564   6008   5256 S   0,0  0,0   0:00.00 tcpdump
27751 root      20   0   22564   5976   5228 S   0,0  0,0   0:00.00 tcpdump
27752 root      20   0   22564   5960   5212 S   0,0  0,0   0:00.00 tcpdump
27753 root      20   0   22564   6088   5340 S   0,0  0,0   0:00.00 tcpdump
27754 root      20   0   22564   6064   5316 S   0,0  0,0   0:00.00 tcpdump
27755 root      20   0   22564   6244   5352 S   0,0  0,0   0:00.00 tcpdump
27756 root      20   0   22564   6240   5356 S   0,0  0,0   0:00.00 tcpdump
27602 root      20   0  985396 118528   8912 S   2,0  0,7   0:00.28 ovs-vswitc+
27673 root      20   0  985416 118548   8912 S   1,0  0,7   0:00.29 ovs-vswitc+
27496 root      10 -10   20924   4888   4132 S   0,0  0,0   0:00.00 ovsdb-serv+
27535 root      10 -10   26456   9856   8912 S   0,0  0,1   0:00.00 ovs-vswitc+
27598 root      20   0   20912   4924   4140 S   0,0  0,0   0:00.01 ovsdb-serv+
27669 root      20   0   20912   5084   4304 S   0,0  0,0   0:00.01 ovsdb-serv+
27750 root      20   0   22564   6008   5256 S   0,0  0,0   0:00.00 tcpdump
27751 root      20   0   22564   5976   5228 S   0,0  0,0   0:00.00 tcpdump
27752 root      20   0   22564   5960   5212 S   0,0  0,0   0:00.00 tcpdump
27753 root      20   0   22564   6088   5340 S   0,0  0,0   0:00.00 tcpdump
27754 root      20   0   22564   6064   5316 S   0,0  0,0   0:00.00 tcpdump
27755 root      20   0   22564   6244   5352 S   0,0  0,0   0:00.00 tcpdump
27756 root      20   0   22564   6240   5356 S   0,0  0,0   0:00.00 tcpdump
27602 root      20   0  985396 118528   8912 S   1,0  0,7   0:00.29 ovs-vswitc+
27673 root      20   0  985416 118548   8912 S   1,0  0,7   0:00.30 ovs-vswitc+
27496 root      10 -10   20924   4888   4132 S   0,0  0,0   0:00.00 ovsdb-serv+
27535 root      10 -10   26456   9856   8912 S   0,0  0,1   0:00.00 ovs-vswitc+
27598 root      20   0   20912   4924   4140 S   0,0  0,0   0:00.01 ovsdb-serv+
27669 root      20   0   20912   5084   4304 S   0,0  0,0   0:00.01 ovsdb-serv+
27750 root      20   0   22564   6008   5256 S   0,0  0,0   0:00.00 tcpdump
27751 root      20   0   22564   5976   5228 S   0,0  0,0   0:00.00 tcpdump
27752 root      20   0   22564   5960   5212 S   0,0  0,0   0:00.00 tcpdump
27753 root      20   0   22564   6088   5340 S   0,0  0,0   0:00.00 tcpdump
27754 root      20   0   22564   6064   5316 S   0,0  0,0   0:00.00 tcpdump
27755 root      20   0   22564   6244   5352 S   0,0  0,0   0:00.00 tcpdump
27756 root      20   0   22564   6240   5356 S   0,0  0,0   0:00.00 tcpdump
27673 root      20   0  985416 118548   8912 S   1,0  0,7   0:00.31 ovs-vswitc+
27496 root      10 -10   20924   4888   4132 S   0,0  0,0   0:00.00 ovsdb-serv+
27535 root      10 -10   26456   9856   8912 S   0,0  0,1   0:00.00 ovs-vswitc+
27598 root      20   0   20912   4924   4140 S   0,0  0,0   0:00.01 ovsdb-serv+
27602 root      20   0  985396 118528   8912 S   0,0  0,7   0:00.29 ovs-vswitc+
27669 root      20   0   20912   5084   4304 S   0,0  0,0   0:00.01 ovsdb-serv+
27750 root      20   0   22564   6008   5256 S   0,0  0,0   0:00.00 tcpdump
27751 root      20   0   22564   5976   5228 S   0,0  0,0   0:00.00 tcpdump
27752 root      20   0   22564   5960   5212 S   0,0  0,0   0:00.00 tcpdump
27753 root      20   0   22564   6088   5340 S   0,0  0,0   0:00.00 tcpdump
27754 root      20   0   22564   6064   5316 S   0,0  0,0   0:00.00 tcpdump
27755 root      20   0   22564   6244   5352 S   0,0  0,0   0:00.00 tcpdump
27756 root      20   0   22564   6240   5356 S   0,0  0,0   0:00.00 tcpdump
27602 root      20   0  985396 118528   8912 S   1,0  0,7   0:00.30 ovs-vswitc+
27673 root      20   0  985416 118548   8912 S   1,0  0,7   0:00.32 ovs-vswitc+
27496 root      10 -10   20924   4888   4132 S   0,0  0,0   0:00.00 ovsdb-serv+
27535 root      10 -10   26456   9856   8912 S   0,0  0,1   0:00.00 ovs-vswitc+
27598 root      20   0   20912   4924   4140 S   0,0  0,0   0:00.01 ovsdb-serv+
27669 root      20   0   20912   5084   4304 S   0,0  0,0   0:00.01 ovsdb-serv+
27750 root      20   0   22564   6008   5256 S   0,0  0,0   0:00.00 tcpdump
27751 root      20   0   22564   5976   5228 S   0,0  0,0   0:00.00 tcpdump
27752 root      20   0   22564   5960   5212 S   0,0  0,0   0:00.00 tcpdump
27753 root      20   0   22564   6088   5340 S   0,0  0,0   0:00.00 tcpdump
27754 root      20   0   22564   6064   5316 S   0,0  0,0   0:00.00 tcpdump
27755 root      20   0   22564   6244   5352 S   0,0  0,0   0:00.00 tcpdump
27756 root      20   0   22564   6240   5356 S   0,0  0,0   0:00.00 tcpdump
27602 root      20   0  985396 118528   8912 S   1,0  0,7   0:00.31 ovs-vswitc+
27673 root      20   0  985416 118548   8912 S   1,0  0,7   0:00.33 ovs-vswitc+
27496 root      10 -10   20924   4888   4132 S   0,0  0,0   0:00.00 ovsdb-serv+
27535 root      10 -10   26456   9856   8912 S   0,0  0,1   0:00.00 ovs-vswitc+
27598 root      20   0   20912   4924   4140 S   0,0  0,0   0:00.01 ovsdb-serv+
27669 root      20   0   20912   5084   4304 S   0,0  0,0   0:00.01 ovsdb-serv+
27750 root      20   0   22564   6008   5256 S   0,0  0,0   0:00.00 tcpdump
27751 root      20   0   22564   5976   5228 S   0,0  0,0   0:00.00 tcpdump
27752 root      20   0   22564   5960   5212 S   0,0  0,0   0:00.00 tcpdump
27753 root      20   0   22564   6088   5340 S   0,0  0,0   0:00.00 tcpdump
27754 root      20   0   22564   6064   5316 S   0,0  0,0   0:00.00 tcpdump
27755 root      20   0   22564   6244   5352 S   0,0  0,0   0:00.00 tcpdump
27756 root      20   0   22564   6240   5356 S   0,0  0,0   0:00.00 tcpdump
27602 root      20   0  985396 120636   8912 R  15,8  0,7   0:00.47 ovs-vswitc+
27673 root      20   0  985416 118808   8912 S   3,0  0,7   0:00.36 ovs-vswitc+
27496 root      10 -10   20924   4888   4132 S   0,0  0,0   0:00.00 ovsdb-serv+
27535 root      10 -10   26456   9856   8912 S   0,0  0,1   0:00.00 ovs-vswitc+
27598 root      20   0   20912   4924   4140 S   0,0  0,0   0:00.01 ovsdb-serv+
27669 root      20   0   20912   5084   4304 S   0,0  0,0   0:00.01 ovsdb-serv+
27750 root      20   0   22564   6008   5256 S   0,0  0,0   0:00.00 tcpdump
27751 root      20   0   22564   5976   5228 S   0,0  0,0   0:00.00 tcpdump
27752 root      20   0   22564   5960   5212 S   0,0  0,0   0:00.00 tcpdump
27753 root      20   0   22564   6088   5340 S   0,0  0,0   0:00.00 tcpdump
27754 root      20   0   22564   6064   5316 S   0,0  0,0   0:00.00 tcpdump
27755 root      20   0   22564   6244   5352 S   0,0  0,0   0:00.00 tcpdump
27756 root      20   0   22564   6240   5356 S   0,0  0,0   0:00.00 tcpdump
27673 root      20   0  985416 121712   8912 S  41,2  0,7   0:00.78 ovs-vswitc+
27602 root      20   0  985396 121428   8912 S  17,6  0,7   0:00.65 ovs-vswitc+
27496 root      10 -10   20924   4888   4132 S   0,0  0,0   0:00.00 ovsdb-serv+
27535 root      10 -10   26456   9856   8912 S   0,0  0,1   0:00.00 ovs-vswitc+
27598 root      20   0   20912   4924   4140 S   0,0  0,0   0:00.01 ovsdb-serv+
27669 root      20   0   20912   5084   4304 S   0,0  0,0   0:00.01 ovsdb-serv+
27750 root      20   0   22564   6008   5256 S   0,0  0,0   0:00.00 tcpdump
27751 root      20   0   22564   5976   5228 S   0,0  0,0   0:00.00 tcpdump
27752 root      20   0   22564   5960   5212 S   0,0  0,0   0:00.00 tcpdump
27753 root      20   0   22564   6088   5340 S   0,0  0,0   0:00.00 tcpdump
27754 root      20   0   22564   6064   5316 S   0,0  0,0   0:00.00 tcpdump
27755 root      20   0   22564   6244   5352 S   0,0  0,0   0:00.00 tcpdump
27756 root      20   0   22564   6240   5356 S   0,0  0,0   0:00.00 tcpdump
27602 root      20   0  985396 121428   8912 S   2,0  0,7   0:00.67 ovs-vswitc+
27673 root      20   0  985416 121712   8912 S   2,0  0,7   0:00.80 ovs-vswitc+
27496 root      10 -10   20924   4888   4132 S   0,0  0,0   0:00.00 ovsdb-serv+
27535 root      10 -10   26456   9856   8912 S   0,0  0,1   0:00.00 ovs-vswitc+
27598 root      20   0   20912   4924   4140 S   0,0  0,0   0:00.01 ovsdb-serv+
27669 root      20   0   20912   5084   4304 S   0,0  0,0   0:00.01 ovsdb-serv+
27750 root      20   0   22564   6008   5256 S   0,0  0,0   0:00.00 tcpdump
27751 root      20   0   22564   5976   5228 S   0,0  0,0   0:00.00 tcpdump
27752 root      20   0   22564   5960   5212 S   0,0  0,0   0:00.00 tcpdump
27753 root      20   0   22564   6088   5340 S   0,0  0,0   0:00.00 tcpdump
27754 root      20   0   22564   6064   5316 S   0,0  0,0   0:00.00 tcpdump
27755 root      20   0   22564   6244   5352 S   0,0  0,0   0:00.00 tcpdump
27756 root      20   0   22564   6240   5356 S   0,0  0,0   0:00.00 tcpdump
27602 root      20   0  985396 121428   8912 S   1,0  0,7   0:00.68 ovs-vswitc+
27673 root      20   0  985416 121712   8912 S   1,0  0,7   0:00.81 ovs-vswitc+
27496 root      10 -10   20924   4888   4132 S   0,0  0,0   0:00.00 ovsdb-serv+
27535 root      10 -10   26456   9856   8912 S   0,0  0,1   0:00.00 ovs-vswitc+
27598 root      20   0   20912   4924   4140 S   0,0  0,0   0:00.01 ovsdb-serv+
27669 root      20   0   20912   5084   4304 S   0,0  0,0   0:00.01 ovsdb-serv+
27750 root      20   0   22564   6008   5256 S   0,0  0,0   0:00.00 tcpdump
27751 root      20   0   22564   5976   5228 S   0,0  0,0   0:00.00 tcpdump
27752 root      20   0   22564   5960   5212 S   0,0  0,0   0:00.00 tcpdump
27753 root      20   0   22564   6088   5340 S   0,0  0,0   0:00.00 tcpdump
27754 root      20   0   22564   6064   5316 S   0,0  0,0   0:00.00 tcpdump
27755 root      20   0   22564   6244   5352 S   0,0  0,0   0:00.00 tcpdump
27756 root      20   0   22564   6240   5356 S   0,0  0,0   0:00.00 tcpdump
27602 root      20   0  985396 121428   8912 S   2,9  0,7   0:00.71 ovs-vswitc+
27673 root      20   0  985416 121712   8912 S   2,9  0,7   0:00.84 ovs-vswitc+
27496 root      10 -10   20924   4888   4132 S   0,0  0,0   0:00.00 ovsdb-serv+
27535 root      10 -10   26456   9856   8912 S   0,0  0,1   0:00.00 ovs-vswitc+
27598 root      20   0   20912   4924   4140 S   0,0  0,0   0:00.01 ovsdb-serv+
27669 root      20   0   20912   5084   4304 S   0,0  0,0   0:00.01 ovsdb-serv+
27750 root      20   0   22564   6008   5256 S   0,0  0,0   0:00.00 tcpdump
27751 root      20   0   22564   5976   5228 S   0,0  0,0   0:00.00 tcpdump
27752 root      20   0   22564   5960   5212 S   0,0  0,0   0:00.00 tcpdump
27753 root      20   0   22564   6088   5340 S   0,0  0,0   0:00.00 tcpdump
27754 root      20   0   22564   6064   5316 S   0,0  0,0   0:00.00 tcpdump
27755 root      20   0   22564   6244   5352 S   0,0  0,0   0:00.00 tcpdump
27756 root      20   0   22564   6240   5356 S   0,0  0,0   0:00.00 tcpdump
27673 root      20   0  985416 121712   8912 S   2,0  0,7   0:00.86 ovs-vswitc+
27602 root      20   0  985396 121428   8912 S   1,0  0,7   0:00.72 ovs-vswitc+
27496 root      10 -10   20924   4888   4132 S   0,0  0,0   0:00.00 ovsdb-serv+
27535 root      10 -10   26456   9856   8912 S   0,0  0,1   0:00.00 ovs-vswitc+
27598 root      20   0   20912   4924   4140 S   0,0  0,0   0:00.01 ovsdb-serv+
27669 root      20   0   20912   5084   4304 S   0,0  0,0   0:00.01 ovsdb-serv+
27750 root      20   0   22564   6008   5256 S   0,0  0,0   0:00.00 tcpdump
27751 root      20   0   22564   5976   5228 S   0,0  0,0   0:00.00 tcpdump
27752 root      20   0   22564   5960   5212 S   0,0  0,0   0:00.00 tcpdump
27753 root      20   0   22564   6088   5340 S   0,0  0,0   0:00.00 tcpdump
27754 root      20   0   22564   6064   5316 S   0,0  0,0   0:00.00 tcpdump
27755 root      20   0   22564   6244   5352 S   0,0  0,0   0:00.00 tcpdump
27756 root      20   0   22564   6240   5356 S   0,0  0,0   0:00.00 tcpdump
27602 root      20   0  985396 121428   8912 S   2,0  0,7   0:00.74 ovs-vswitc+
27673 root      20   0  985416 121712   8912 S   1,0  0,7   0:00.87 ovs-vswitc+
27496 root      10 -10   20924   4888   4132 S   0,0  0,0   0:00.00 ovsdb-serv+
27535 root      10 -10   26456   9856   8912 S   0,0  0,1   0:00.00 ovs-vswitc+
27598 root      20   0   20912   4924   4140 S   0,0  0,0   0:00.01 ovsdb-serv+
27669 root      20   0   20912   5084   4304 S   0,0  0,0   0:00.01 ovsdb-serv+
27750 root      20   0   22564   6008   5256 S   0,0  0,0   0:00.00 tcpdump
27751 root      20   0   22564   5976   5228 S   0,0  0,0   0:00.00 tcpdump
27752 root      20   0   22564   5960   5212 S   0,0  0,0   0:00.00 tcpdump
27753 root      20   0   22564   6088   5340 S   0,0  0,0   0:00.00 tcpdump
27754 root      20   0   22564   6064   5316 S   0,0  0,0   0:00.00 tcpdump
27755 root      20   0   22564   6244   5352 S   0,0  0,0   0:00.00 tcpdump
27756 root      20   0   22564   6240   5356 S   0,0  0,0   0:00.00 tcpdump
27673 root      20   0  985416 121712   8912 S   2,9  0,7   0:00.90 ovs-vswitc+
27602 root      20   0  985396 121428   8912 S   2,0  0,7   0:00.76 ovs-vswitc+
27496 root      10 -10   20924   4888   4132 S   0,0  0,0   0:00.00 ovsdb-serv+
27535 root      10 -10   26456   9856   8912 S   0,0  0,1   0:00.00 ovs-vswitc+
27598 root      20   0   20912   4924   4140 S   0,0  0,0   0:00.01 ovsdb-serv+
27669 root      20   0   20912   5084   4304 S   0,0  0,0   0:00.01 ovsdb-serv+
27750 root      20   0   22564   6008   5256 S   0,0  0,0   0:00.00 tcpdump
27751 root      20   0   22564   5976   5228 S   0,0  0,0   0:00.00 tcpdump
27752 root      20   0   22564   5960   5212 S   0,0  0,0   0:00.00 tcpdump
27753 root      20   0   22564   6088   5340 S   0,0  0,0   0:00.00 tcpdump
27754 root      20   0   22564   6064   5316 S   0,0  0,0   0:00.00 tcpdump
27755 root      20   0   22564   6244   5352 S   0,0  0,0   0:00.00 tcpdump
27756 root      20   0   22564   6240   5356 S   0,0  0,0   0:00.00 tcpdump
27602 root      20   0  985396 121428   8912 S   2,0  0,7   0:00.78 ovs-vswitc+
27673 root      20   0  985416 121712   8912 S   1,0  0,7   0:00.91 ovs-vswitc+
27496 root      10 -10   20924   4888   4132 S   0,0  0,0   0:00.00 ovsdb-serv+
27535 root      10 -10   26456   9856   8912 S   0,0  0,1   0:00.00 ovs-vswitc+
27598 root      20   0   20912   4924   4140 S   0,0  0,0   0:00.01 ovsdb-serv+
27669 root      20   0   20912   5084   4304 S   0,0  0,0   0:00.01 ovsdb-serv+
27750 root      20   0   22564   6008   5256 S   0,0  0,0   0:00.00 tcpdump
27751 root      20   0   22564   5976   5228 S   0,0  0,0   0:00.00 tcpdump
27752 root      20   0   22564   5960   5212 S   0,0  0,0   0:00.00 tcpdump
27753 root      20   0   22564   6088   5340 S   0,0  0,0   0:00.00 tcpdump
27754 root      20   0   22564   6064   5316 S   0,0  0,0   0:00.00 tcpdump
27755 root      20   0   22564   6244   5352 S   0,0  0,0   0:00.00 tcpdump
27756 root      20   0   22564   6240   5356 S   0,0  0,0   0:00.00 tcpdump
27602 root      20   0  985396 121428   8912 S   2,0  0,7   0:00.80 ovs-vswitc+
27673 root      20   0  985416 121712   8912 S   1,0  0,7   0:00.92 ovs-vswitc+
27496 root      10 -10   20924   4888   4132 S   0,0  0,0   0:00.00 ovsdb-serv+
27535 root      10 -10   26456   9856   8912 S   0,0  0,1   0:00.00 ovs-vswitc+
27598 root      20   0   20912   4924   4140 S   0,0  0,0   0:00.01 ovsdb-serv+
27669 root      20   0   20912   5084   4304 S   0,0  0,0   0:00.01 ovsdb-serv+
27750 root      20   0   22564   6008   5256 S   0,0  0,0   0:00.00 tcpdump
27751 root      20   0   22564   5976   5228 S   0,0  0,0   0:00.00 tcpdump
27752 root      20   0   22564   5960   5212 S   0,0  0,0   0:00.00 tcpdump
27753 root      20   0   22564   6088   5340 S   0,0  0,0   0:00.00 tcpdump
27754 root      20   0   22564   6064   5316 S   0,0  0,0   0:00.00 tcpdump
27755 root      20   0   22564   6244   5352 S   0,0  0,0   0:00.00 tcpdump
27756 root      20   0   22564   6240   5356 S   0,0  0,0   0:00.00 tcpdump
27602 root      20   0  985396 121428   8912 S   2,0  0,7   0:00.82 ovs-vswitc+
27673 root      20   0  985416 121712   8912 S   2,0  0,7   0:00.94 ovs-vswitc+
27496 root      10 -10   20924   4888   4132 S   0,0  0,0   0:00.00 ovsdb-serv+
27535 root      10 -10   26456   9856   8912 S   0,0  0,1   0:00.00 ovs-vswitc+
27598 root      20   0   20912   4924   4140 S   0,0  0,0   0:00.01 ovsdb-serv+
27669 root      20   0   20912   5084   4304 S   0,0  0,0   0:00.01 ovsdb-serv+
27750 root      20   0   22564   6008   5256 S   0,0  0,0   0:00.00 tcpdump
27751 root      20   0   22564   5976   5228 S   0,0  0,0   0:00.00 tcpdump
27752 root      20   0   22564   5960   5212 S   0,0  0,0   0:00.00 tcpdump
27753 root      20   0   22564   6088   5340 S   0,0  0,0   0:00.00 tcpdump
27754 root      20   0   22564   6064   5316 S   0,0  0,0   0:00.00 tcpdump
27755 root      20   0   22564   6244   5352 S   0,0  0,0   0:00.00 tcpdump
27756 root      20   0   22564   6240   5356 S   0,0  0,0   0:00.00 tcpdump
27602 root      20   0  985396 121428   8912 S   2,9  0,7   0:00.85 ovs-vswitc+
27673 root      20   0  985416 121712   8912 S   2,9  0,7   0:00.97 ovs-vswitc+
27496 root      10 -10   20924   4888   4132 S   0,0  0,0   0:00.00 ovsdb-serv+
27535 root      10 -10   26456   9856   8912 S   0,0  0,1   0:00.00 ovs-vswitc+
27598 root      20   0   20912   4924   4140 S   0,0  0,0   0:00.01 ovsdb-serv+
27669 root      20   0   20912   5084   4304 S   0,0  0,0   0:00.01 ovsdb-serv+
27750 root      20   0   22564   6008   5256 S   0,0  0,0   0:00.00 tcpdump
27751 root      20   0   22564   5976   5228 S   0,0  0,0   0:00.00 tcpdump
27752 root      20   0   22564   5960   5212 S   0,0  0,0   0:00.00 tcpdump
27753 root      20   0   22564   6088   5340 S   0,0  0,0   0:00.00 tcpdump
27754 root      20   0   22564   6064   5316 S   0,0  0,0   0:00.00 tcpdump
27755 root      20   0   22564   6244   5352 S   0,0  0,0   0:00.00 tcpdump
27756 root      20   0   22564   6240   5356 S   0,0  0,0   0:00.00 tcpdump
27673 root      20   0  985416 121712   8912 S   2,0  0,7   0:00.99 ovs-vswitc+
27602 root      20   0  985396 121428   8912 S   1,0  0,7   0:00.86 ovs-vswitc+
27496 root      10 -10   20924   4888   4132 S   0,0  0,0   0:00.00 ovsdb-serv+
27535 root      10 -10   26456   9856   8912 S   0,0  0,1   0:00.00 ovs-vswitc+
27598 root      20   0   20912   4924   4140 S   0,0  0,0   0:00.01 ovsdb-serv+
27669 root      20   0   20912   5084   4304 S   0,0  0,0   0:00.01 ovsdb-serv+
27750 root      20   0   22564   6008   5256 S   0,0  0,0   0:00.00 tcpdump
27751 root      20   0   22564   5976   5228 S   0,0  0,0   0:00.00 tcpdump
27752 root      20   0   22564   5960   5212 S   0,0  0,0   0:00.00 tcpdump
27753 root      20   0   22564   6088   5340 S   0,0  0,0   0:00.00 tcpdump
27754 root      20   0   22564   6064   5316 S   0,0  0,0   0:00.00 tcpdump
27755 root      20   0   22564   6244   5352 S   0,0  0,0   0:00.00 tcpdump
27756 root      20   0   22564   6240   5356 S   0,0  0,0   0:00.00 tcpdump
27602 root      20   0  985396 121428   8912 S   1,0  0,7   0:00.87 ovs-vswitc+
27496 root      10 -10   20924   4888   4132 S   0,0  0,0   0:00.00 ovsdb-serv+
27535 root      10 -10   26456   9856   8912 S   0,0  0,1   0:00.00 ovs-vswitc+
27598 root      20   0   20912   4924   4140 S   0,0  0,0   0:00.01 ovsdb-serv+
27669 root      20   0   20912   5084   4304 S   0,0  0,0   0:00.01 ovsdb-serv+
27673 root      20   0  985416 121712   8912 S   0,0  0,7   0:00.99 ovs-vswitc+
27750 root      20   0   22564   6008   5256 S   0,0  0,0   0:00.00 tcpdump
27751 root      20   0   22564   5976   5228 S   0,0  0,0   0:00.00 tcpdump
27752 root      20   0   22564   5960   5212 S   0,0  0,0   0:00.00 tcpdump
27753 root      20   0   22564   6088   5340 S   0,0  0,0   0:00.00 tcpdump
27754 root      20   0   22564   6064   5316 S   0,0  0,0   0:00.00 tcpdump
27755 root      20   0   22564   6244   5352 S   0,0  0,0   0:00.00 tcpdump
27756 root      20   0   22564   6240   5356 S   0,0  0,0   0:00.00 tcpdump
27602 root      20   0  985396 121428   8912 S   1,0  0,7   0:00.88 ovs-vswitc+
27673 root      20   0  985416 121712   8912 S   1,0  0,7   0:01.00 ovs-vswitc+
27496 root      10 -10   20924   4888   4132 S   0,0  0,0   0:00.00 ovsdb-serv+
27535 root      10 -10   26456   9856   8912 S   0,0  0,1   0:00.00 ovs-vswitc+
27598 root      20   0   20912   4924   4140 S   0,0  0,0   0:00.01 ovsdb-serv+
27669 root      20   0   20912   5084   4304 S   0,0  0,0   0:00.01 ovsdb-serv+
27750 root      20   0   22564   6008   5256 S   0,0  0,0   0:00.00 tcpdump
27751 root      20   0   22564   5976   5228 S   0,0  0,0   0:00.00 tcpdump
27752 root      20   0   22564   5960   5212 S   0,0  0,0   0:00.00 tcpdump
27753 root      20   0   22564   6088   5340 S   0,0  0,0   0:00.00 tcpdump
27754 root      20   0   22564   6064   5316 S   0,0  0,0   0:00.00 tcpdump
27755 root      20   0   22564   6244   5352 S   0,0  0,0   0:00.00 tcpdump
27756 root      20   0   22564   6240   5356 S   0,0  0,0   0:00.00 tcpdump
27673 root      20   0  985416 121712   8912 S   1,0  0,7   0:01.01 ovs-vswitc+
27754 root      20   0   22564   6064   5316 S   1,0  0,0   0:00.01 tcpdump
27496 root      10 -10   20924   4888   4132 S   0,0  0,0   0:00.00 ovsdb-serv+
27535 root      10 -10   26456   9856   8912 S   0,0  0,1   0:00.00 ovs-vswitc+
27598 root      20   0   20912   4924   4140 S   0,0  0,0   0:00.01 ovsdb-serv+
27602 root      20   0  985396 121428   8912 S   0,0  0,7   0:00.88 ovs-vswitc+
27669 root      20   0   20912   5084   4304 S   0,0  0,0   0:00.01 ovsdb-serv+
27750 root      20   0   22564   6008   5256 S   0,0  0,0   0:00.00 tcpdump
27751 root      20   0   22564   5976   5228 S   0,0  0,0   0:00.00 tcpdump
27752 root      20   0   22564   5960   5212 S   0,0  0,0   0:00.00 tcpdump
27753 root      20   0   22564   6088   5340 S   0,0  0,0   0:00.00 tcpdump
27755 root      20   0   22564   6244   5352 S   0,0  0,0   0:00.00 tcpdump
27756 root      20   0   22564   6240   5356 S   0,0  0,0   0:00.00 tcpdump
27602 root      20   0  985396 121428   8912 S   2,0  0,7   0:00.90 ovs-vswitc+
27673 root      20   0  985416 121712   8912 S   1,0  0,7   0:01.02 ovs-vswitc+
27496 root      10 -10   20924   4888   4132 S   0,0  0,0   0:00.00 ovsdb-serv+
27535 root      10 -10   26456   9856   8912 S   0,0  0,1   0:00.00 ovs-vswitc+
27598 root      20   0   20912   4924   4140 S   0,0  0,0   0:00.01 ovsdb-serv+
27669 root      20   0   20912   5084   4304 S   0,0  0,0   0:00.01 ovsdb-serv+
27750 root      20   0   22564   6008   5256 S   0,0  0,0   0:00.00 tcpdump
27751 root      20   0   22564   5976   5228 S   0,0  0,0   0:00.00 tcpdump
27752 root      20   0   22564   5960   5212 S   0,0  0,0   0:00.00 tcpdump
27753 root      20   0   22564   6088   5340 S   0,0  0,0   0:00.00 tcpdump
27754 root      20   0   22564   6064   5316 S   0,0  0,0   0:00.01 tcpdump
27755 root      20   0   22564   6244   5352 S   0,0  0,0   0:00.00 tcpdump
27756 root      20   0   22564   6240   5356 S   0,0  0,0   0:00.00 tcpdump
27496 root      10 -10   20924   4888   4132 S   0,0  0,0   0:00.00 ovsdb-serv+
27535 root      10 -10   26456   9856   8912 S   0,0  0,1   0:00.00 ovs-vswitc+
27598 root      20   0   20912   4924   4140 S   0,0  0,0   0:00.01 ovsdb-serv+
27602 root      20   0  985396 121428   8912 S   0,0  0,7   0:00.90 ovs-vswitc+
27669 root      20   0   20912   5084   4304 S   0,0  0,0   0:00.01 ovsdb-serv+
27673 root      20   0  985416 121712   8912 S   0,0  0,7   0:01.02 ovs-vswitc+
