19104 root      20   0  985300 118360   8912 S   6,2  0,7   0:00.13 ovs-vswitc+
19174 root      20   0  985308 118368   8912 S   6,2  0,7   0:00.16 ovs-vswitc+
18998 root      10 -10   20924   4976   4228 S   0,0  0,0   0:00.00 ovsdb-serv+
19037 root      10 -10   26456   9860   8912 S   0,0  0,1   0:00.00 ovs-vswitc+
19100 root      20   0   20912   4832   4052 S   0,0  0,0   0:00.00 ovsdb-serv+
19170 root      20   0   20912   5064   4280 S   0,0  0,0   0:00.01 ovsdb-serv+
19249 root      20   0   22564   6068   5320 S   0,0  0,0   0:00.00 tcpdump
19250 root      20   0   22564   6100   5348 S   0,0  0,0   0:00.00 tcpdump
19251 root      20   0   22564   6036   5288 S   0,0  0,0   0:00.00 tcpdump
19252 root      20   0   22564   5932   5184 S   0,0  0,0   0:00.00 tcpdump
19253 root      20   0   22564   5992   5244 S   0,0  0,0   0:00.00 tcpdump
19254 root      20   0   22564   6208   5324 S   0,0  0,0   0:00.00 tcpdump
19255 root      20   0   22564   6160   5272 S   0,0  0,0   0:00.00 tcpdump
19174 root      20   0  985308 118368   8912 S   1,9  0,7   0:00.18 ovs-vswitc+
19104 root      20   0  985300 118360   8912 S   1,0  0,7   0:00.14 ovs-vswitc+
18998 root      10 -10   20924   4976   4228 S   0,0  0,0   0:00.00 ovsdb-serv+
19037 root      10 -10   26456   9860   8912 S   0,0  0,1   0:00.00 ovs-vswitc+
19100 root      20   0   20912   4832   4052 S   0,0  0,0   0:00.00 ovsdb-serv+
19170 root      20   0   20912   5064   4280 S   0,0  0,0   0:00.01 ovsdb-serv+
19249 root      20   0   22564   6068   5320 S   0,0  0,0   0:00.00 tcpdump
19250 root      20   0   22564   6100   5348 S   0,0  0,0   0:00.00 tcpdump
19251 root      20   0   22564   6036   5288 S   0,0  0,0   0:00.00 tcpdump
19252 root      20   0   22564   5932   5184 S   0,0  0,0   0:00.00 tcpdump
19253 root      20   0   22564   5992   5244 S   0,0  0,0   0:00.00 tcpdump
19254 root      20   0   22564   6208   5324 S   0,0  0,0   0:00.00 tcpdump
19255 root      20   0   22564   6160   5272 S   0,0  0,0   0:00.00 tcpdump
19104 root      20   0  985300 118360   8912 S   1,0  0,7   0:00.15 ovs-vswitc+
18998 root      10 -10   20924   4976   4228 S   0,0  0,0   0:00.00 ovsdb-serv+
19037 root      10 -10   26456   9860   8912 S   0,0  0,1   0:00.00 ovs-vswitc+
19100 root      20   0   20912   4832   4052 S   0,0  0,0   0:00.00 ovsdb-serv+
19170 root      20   0   20912   5064   4280 S   0,0  0,0   0:00.01 ovsdb-serv+
19174 root      20   0  985308 118368   8912 S   0,0  0,7   0:00.18 ovs-vswitc+
19249 root      20   0   22564   6068   5320 S   0,0  0,0   0:00.00 tcpdump
19250 root      20   0   22564   6100   5348 S   0,0  0,0   0:00.00 tcpdump
19251 root      20   0   22564   6036   5288 S   0,0  0,0   0:00.00 tcpdump
19252 root      20   0   22564   5932   5184 S   0,0  0,0   0:00.00 tcpdump
19253 root      20   0   22564   5992   5244 S   0,0  0,0   0:00.00 tcpdump
19254 root      20   0   22564   6208   5324 S   0,0  0,0   0:00.00 tcpdump
19255 root      20   0   22564   6160   5272 S   0,0  0,0   0:00.00 tcpdump
19174 root      20   0  985308 118368   8912 S   3,0  0,7   0:00.21 ovs-vswitc+
18998 root      10 -10   20924   4976   4228 S   0,0  0,0   0:00.00 ovsdb-serv+
19037 root      10 -10   26456   9860   8912 S   0,0  0,1   0:00.00 ovs-vswitc+
19100 root      20   0   20912   4832   4052 S   0,0  0,0   0:00.00 ovsdb-serv+
19104 root      20   0  985300 118360   8912 S   0,0  0,7   0:00.15 ovs-vswitc+
19170 root      20   0   20912   5064   4280 S   0,0  0,0   0:00.01 ovsdb-serv+
19249 root      20   0   22564   6068   5320 S   0,0  0,0   0:00.00 tcpdump
19250 root      20   0   22564   6100   5348 S   0,0  0,0   0:00.00 tcpdump
19251 root      20   0   22564   6036   5288 S   0,0  0,0   0:00.00 tcpdump
19252 root      20   0   22564   5932   5184 S   0,0  0,0   0:00.00 tcpdump
19253 root      20   0   22564   5992   5244 S   0,0  0,0   0:00.00 tcpdump
19254 root      20   0   22564   6208   5324 S   0,0  0,0   0:00.00 tcpdump
19255 root      20   0   22564   6160   5272 S   0,0  0,0   0:00.00 tcpdump
19174 root      20   0  985308 118368   8912 S   1,0  0,7   0:00.22 ovs-vswitc+
18998 root      10 -10   20924   4976   4228 S   0,0  0,0   0:00.00 ovsdb-serv+
19037 root      10 -10   26456   9860   8912 S   0,0  0,1   0:00.00 ovs-vswitc+
19100 root      20   0   20912   4832   4052 S   0,0  0,0   0:00.00 ovsdb-serv+
19104 root      20   0  985300 118360   8912 S   0,0  0,7   0:00.15 ovs-vswitc+
19170 root      20   0   20912   5064   4280 S   0,0  0,0   0:00.01 ovsdb-serv+
19249 root      20   0   22564   6068   5320 S   0,0  0,0   0:00.00 tcpdump
19250 root      20   0   22564   6100   5348 S   0,0  0,0   0:00.00 tcpdump
19251 root      20   0   22564   6036   5288 S   0,0  0,0   0:00.00 tcpdump
19252 root      20   0   22564   5932   5184 S   0,0  0,0   0:00.00 tcpdump
19253 root      20   0   22564   5992   5244 S   0,0  0,0   0:00.00 tcpdump
19254 root      20   0   22564   6208   5324 S   0,0  0,0   0:00.00 tcpdump
19255 root      20   0   22564   6160   5272 S   0,0  0,0   0:00.00 tcpdump
18998 root      10 -10   20924   4976   4228 S   0,0  0,0   0:00.00 ovsdb-serv+
19037 root      10 -10   26456   9860   8912 S   0,0  0,1   0:00.00 ovs-vswitc+
19100 root      20   0   20912   4832   4052 S   0,0  0,0   0:00.00 ovsdb-serv+
19104 root      20   0  985300 118360   8912 S   0,0  0,7   0:00.15 ovs-vswitc+
19170 root      20   0   20912   5064   4280 S   0,0  0,0   0:00.01 ovsdb-serv+
19174 root      20   0  985308 118368   8912 S   0,0  0,7   0:00.22 ovs-vswitc+
19249 root      20   0   22564   6068   5320 S   0,0  0,0   0:00.00 tcpdump
19250 root      20   0   22564   6100   5348 S   0,0  0,0   0:00.00 tcpdump
19251 root      20   0   22564   6036   5288 S   0,0  0,0   0:00.00 tcpdump
19252 root      20   0   22564   5932   5184 S   0,0  0,0   0:00.00 tcpdump
19253 root      20   0   22564   5992   5244 S   0,0  0,0   0:00.00 tcpdump
19254 root      20   0   22564   6208   5324 S   0,0  0,0   0:00.00 tcpdump
19255 root      20   0   22564   6160   5272 S   0,0  0,0   0:00.00 tcpdump
19104 root      20   0  985300 118360   8912 S   1,0  0,7   0:00.16 ovs-vswitc+
19174 root      20   0  985308 118368   8912 S   1,0  0,7   0:00.23 ovs-vswitc+
18998 root      10 -10   20924   4976   4228 S   0,0  0,0   0:00.00 ovsdb-serv+
19037 root      10 -10   26456   9860   8912 S   0,0  0,1   0:00.00 ovs-vswitc+
19100 root      20   0   20912   4832   4052 S   0,0  0,0   0:00.00 ovsdb-serv+
19170 root      20   0   20912   5064   4280 S   0,0  0,0   0:00.01 ovsdb-serv+
19249 root      20   0   22564   6068   5320 S   0,0  0,0   0:00.00 tcpdump
19250 root      20   0   22564   6100   5348 S   0,0  0,0   0:00.00 tcpdump
19251 root      20   0   22564   6036   5288 S   0,0  0,0   0:00.00 tcpdump
19252 root      20   0   22564   5932   5184 S   0,0  0,0   0:00.00 tcpdump
19253 root      20   0   22564   5992   5244 S   0,0  0,0   0:00.00 tcpdump
19254 root      20   0   22564   6208   5324 S   0,0  0,0   0:00.00 tcpdump
19255 root      20   0   22564   6160   5272 S   0,0  0,0   0:00.00 tcpdump
18998 root      10 -10   20924   4976   4228 S   0,0  0,0   0:00.00 ovsdb-serv+
19037 root      10 -10   26456   9860   8912 S   0,0  0,1   0:00.00 ovs-vswitc+
19100 root      20   0   20912   4832   4052 S   0,0  0,0   0:00.00 ovsdb-serv+
19104 root      20   0  985300 118360   8912 S   0,0  0,7   0:00.16 ovs-vswitc+
19170 root      20   0   20912   5064   4280 S   0,0  0,0   0:00.01 ovsdb-serv+
19174 root      20   0  985308 118368   8912 S   0,0  0,7   0:00.23 ovs-vswitc+
19249 root      20   0   22564   6068   5320 S   0,0  0,0   0:00.00 tcpdump
19250 root      20   0   22564   6100   5348 S   0,0  0,0   0:00.00 tcpdump
19251 root      20   0   22564   6036   5288 S   0,0  0,0   0:00.00 tcpdump
19252 root      20   0   22564   5932   5184 S   0,0  0,0   0:00.00 tcpdump
19253 root      20   0   22564   5992   5244 S   0,0  0,0   0:00.00 tcpdump
19254 root      20   0   22564   6208   5324 S   0,0  0,0   0:00.00 tcpdump
19255 root      20   0   22564   6160   5272 S   0,0  0,0   0:00.00 tcpdump
19174 root      20   0  985420 118552   8912 S   2,9  0,7   0:00.26 ovs-vswitc+
19104 root      20   0  985300 118360   8912 S   2,0  0,7   0:00.18 ovs-vswitc+
18998 root      10 -10   20924   4976   4228 S   0,0  0,0   0:00.00 ovsdb-serv+
19037 root      10 -10   26456   9860   8912 S   0,0  0,1   0:00.00 ovs-vswitc+
19100 root      20   0   20912   4832   4052 S   0,0  0,0   0:00.00 ovsdb-serv+
19170 root      20   0   20912   5064   4280 S   0,0  0,0   0:00.01 ovsdb-serv+
19249 root      20   0   22564   6068   5320 S   0,0  0,0   0:00.00 tcpdump
19250 root      20   0   22564   6100   5348 S   0,0  0,0   0:00.00 tcpdump
19251 root      20   0   22564   6036   5288 S   0,0  0,0   0:00.00 tcpdump
19252 root      20   0   22564   5932   5184 S   0,0  0,0   0:00.00 tcpdump
19253 root      20   0   22564   5992   5244 S   0,0  0,0   0:00.00 tcpdump
19254 root      20   0   22564   6208   5324 S   0,0  0,0   0:00.00 tcpdump
19255 root      20   0   22564   6160   5272 S   0,0  0,0   0:00.00 tcpdump
19104 root      20   0  985400 118528   8912 S   2,0  0,7   0:00.20 ovs-vswitc+
19174 root      20   0  985420 118552   8912 S   1,0  0,7   0:00.27 ovs-vswitc+
18998 root      10 -10   20924   4976   4228 S   0,0  0,0   0:00.00 ovsdb-serv+
19037 root      10 -10   26456   9860   8912 S   0,0  0,1   0:00.00 ovs-vswitc+
19100 root      20   0   20912   4832   4052 S   0,0  0,0   0:00.00 ovsdb-serv+
19170 root      20   0   20912   5064   4280 S   0,0  0,0   0:00.01 ovsdb-serv+
19249 root      20   0   22564   6068   5320 S   0,0  0,0   0:00.00 tcpdump
19250 root      20   0   22564   6100   5348 S   0,0  0,0   0:00.00 tcpdump
19251 root      20   0   22564   6036   5288 S   0,0  0,0   0:00.00 tcpdump
19252 root      20   0   22564   5932   5184 S   0,0  0,0   0:00.00 tcpdump
19253 root      20   0   22564   5992   5244 S   0,0  0,0   0:00.00 tcpdump
19254 root      20   0   22564   6208   5324 S   0,0  0,0   0:00.00 tcpdump
19255 root      20   0   22564   6160   5272 S   0,0  0,0   0:00.00 tcpdump
19104 root      20   0  985400 118528   8912 S   1,0  0,7   0:00.21 ovs-vswitc+
19174 root      20   0  985420 118552   8912 S   1,0  0,7   0:00.28 ovs-vswitc+
18998 root      10 -10   20924   4976   4228 S   0,0  0,0   0:00.00 ovsdb-serv+
19037 root      10 -10   26456   9860   8912 S   0,0  0,1   0:00.00 ovs-vswitc+
19100 root      20   0   20912   4832   4052 S   0,0  0,0   0:00.00 ovsdb-serv+
19170 root      20   0   20912   5064   4280 S   0,0  0,0   0:00.01 ovsdb-serv+
19249 root      20   0   22564   6068   5320 S   0,0  0,0   0:00.00 tcpdump
19250 root      20   0   22564   6100   5348 S   0,0  0,0   0:00.00 tcpdump
19251 root      20   0   22564   6036   5288 S   0,0  0,0   0:00.00 tcpdump
19252 root      20   0   22564   5932   5184 S   0,0  0,0   0:00.00 tcpdump
19253 root      20   0   22564   5992   5244 S   0,0  0,0   0:00.00 tcpdump
19254 root      20   0   22564   6208   5324 S   0,0  0,0   0:00.00 tcpdump
19255 root      20   0   22564   6160   5272 S   0,0  0,0   0:00.00 tcpdump
19174 root      20   0  985420 118552   8912 S   2,0  0,7   0:00.30 ovs-vswitc+
19104 root      20   0  985400 118528   8912 S   1,0  0,7   0:00.22 ovs-vswitc+
18998 root      10 -10   20924   4976   4228 S   0,0  0,0   0:00.00 ovsdb-serv+
19037 root      10 -10   26456   9860   8912 S   0,0  0,1   0:00.00 ovs-vswitc+
19100 root      20   0   20912   4832   4052 S   0,0  0,0   0:00.00 ovsdb-serv+
19170 root      20   0   20912   5064   4280 S   0,0  0,0   0:00.01 ovsdb-serv+
19249 root      20   0   22564   6068   5320 S   0,0  0,0   0:00.00 tcpdump
19250 root      20   0   22564   6100   5348 S   0,0  0,0   0:00.00 tcpdump
19251 root      20   0   22564   6036   5288 S   0,0  0,0   0:00.00 tcpdump
19252 root      20   0   22564   5932   5184 S   0,0  0,0   0:00.00 tcpdump
19253 root      20   0   22564   5992   5244 S   0,0  0,0   0:00.00 tcpdump
19254 root      20   0   22564   6208   5324 S   0,0  0,0   0:00.00 tcpdump
19255 root      20   0   22564   6160   5272 S   0,0  0,0   0:00.00 tcpdump
19104 root      20   0  985400 118528   8912 S   2,0  0,7   0:00.24 ovs-vswitc+
18998 root      10 -10   20924   4976   4228 S   0,0  0,0   0:00.00 ovsdb-serv+
19037 root      10 -10   26456   9860   8912 S   0,0  0,1   0:00.00 ovs-vswitc+
19100 root      20   0   20912   4832   4052 S   0,0  0,0   0:00.00 ovsdb-serv+
19170 root      20   0   20912   5064   4280 S   0,0  0,0   0:00.01 ovsdb-serv+
19174 root      20   0  985420 118552   8912 S   0,0  0,7   0:00.30 ovs-vswitc+
19249 root      20   0   22564   6068   5320 S   0,0  0,0   0:00.00 tcpdump
19250 root      20   0   22564   6100   5348 S   0,0  0,0   0:00.00 tcpdump
19251 root      20   0   22564   6036   5288 S   0,0  0,0   0:00.00 tcpdump
19252 root      20   0   22564   5932   5184 S   0,0  0,0   0:00.00 tcpdump
19253 root      20   0   22564   5992   5244 S   0,0  0,0   0:00.00 tcpdump
19254 root      20   0   22564   6208   5324 S   0,0  0,0   0:00.00 tcpdump
19255 root      20   0   22564   6160   5272 S   0,0  0,0   0:00.00 tcpdump
19104 root      20   0  985400 118528   8912 S   1,0  0,7   0:00.25 ovs-vswitc+
19174 root      20   0  985420 118552   8912 S   1,0  0,7   0:00.31 ovs-vswitc+
18998 root      10 -10   20924   4976   4228 S   0,0  0,0   0:00.00 ovsdb-serv+
19037 root      10 -10   26456   9860   8912 S   0,0  0,1   0:00.00 ovs-vswitc+
19100 root      20   0   20912   4832   4052 S   0,0  0,0   0:00.00 ovsdb-serv+
19170 root      20   0   20912   5064   4280 S   0,0  0,0   0:00.01 ovsdb-serv+
19249 root      20   0   22564   6068   5320 S   0,0  0,0   0:00.00 tcpdump
19250 root      20   0   22564   6100   5348 S   0,0  0,0   0:00.00 tcpdump
19251 root      20   0   22564   6036   5288 S   0,0  0,0   0:00.00 tcpdump
19252 root      20   0   22564   5932   5184 S   0,0  0,0   0:00.00 tcpdump
19253 root      20   0   22564   5992   5244 S   0,0  0,0   0:00.00 tcpdump
19254 root      20   0   22564   6208   5324 S   0,0  0,0   0:00.00 tcpdump
19255 root      20   0   22564   6160   5272 S   0,0  0,0   0:00.00 tcpdump
19174 root      20   0  985420 118552   8912 S   1,0  0,7   0:00.32 ovs-vswitc+
18998 root      10 -10   20924   4976   4228 S   0,0  0,0   0:00.00 ovsdb-serv+
19037 root      10 -10   26456   9860   8912 S   0,0  0,1   0:00.00 ovs-vswitc+
19100 root      20   0   20912   4832   4052 S   0,0  0,0   0:00.00 ovsdb-serv+
19104 root      20   0  985400 118528   8912 S   0,0  0,7   0:00.25 ovs-vswitc+
19170 root      20   0   20912   5064   4280 S   0,0  0,0   0:00.01 ovsdb-serv+
19249 root      20   0   22564   6068   5320 S   0,0  0,0   0:00.00 tcpdump
19250 root      20   0   22564   6100   5348 S   0,0  0,0   0:00.00 tcpdump
19251 root      20   0   22564   6036   5288 S   0,0  0,0   0:00.00 tcpdump
19252 root      20   0   22564   5932   5184 S   0,0  0,0   0:00.00 tcpdump
19253 root      20   0   22564   5992   5244 S   0,0  0,0   0:00.00 tcpdump
19254 root      20   0   22564   6208   5324 S   0,0  0,0   0:00.00 tcpdump
19255 root      20   0   22564   6160   5272 S   0,0  0,0   0:00.00 tcpdump
19104 root      20   0  985400 118528   8912 S   1,0  0,7   0:00.26 ovs-vswitc+
19174 root      20   0  985420 118552   8912 S   1,0  0,7   0:00.33 ovs-vswitc+
18998 root      10 -10   20924   4976   4228 S   0,0  0,0   0:00.00 ovsdb-serv+
19037 root      10 -10   26456   9860   8912 S   0,0  0,1   0:00.00 ovs-vswitc+
19100 root      20   0   20912   4832   4052 S   0,0  0,0   0:00.00 ovsdb-serv+
19170 root      20   0   20912   5064   4280 S   0,0  0,0   0:00.01 ovsdb-serv+
19249 root      20   0   22564   6068   5320 S   0,0  0,0   0:00.00 tcpdump
19250 root      20   0   22564   6100   5348 S   0,0  0,0   0:00.00 tcpdump
19251 root      20   0   22564   6036   5288 S   0,0  0,0   0:00.00 tcpdump
19252 root      20   0   22564   5932   5184 S   0,0  0,0   0:00.00 tcpdump
19253 root      20   0   22564   5992   5244 S   0,0  0,0   0:00.00 tcpdump
19254 root      20   0   22564   6208   5324 S   0,0  0,0   0:00.00 tcpdump
19255 root      20   0   22564   6160   5272 S   0,0  0,0   0:00.00 tcpdump
19104 root      20   0  985400 118528   8912 S   2,0  0,7   0:00.28 ovs-vswitc+
19174 root      20   0  985420 118552   8912 S   1,0  0,7   0:00.34 ovs-vswitc+
18998 root      10 -10   20924   4976   4228 S   0,0  0,0   0:00.00 ovsdb-serv+
19037 root      10 -10   26456   9860   8912 S   0,0  0,1   0:00.00 ovs-vswitc+
19100 root      20   0   20912   4832   4052 S   0,0  0,0   0:00.00 ovsdb-serv+
19170 root      20   0   20912   5064   4280 S   0,0  0,0   0:00.01 ovsdb-serv+
19249 root      20   0   22564   6068   5320 S   0,0  0,0   0:00.00 tcpdump
19250 root      20   0   22564   6100   5348 S   0,0  0,0   0:00.00 tcpdump
19251 root      20   0   22564   6036   5288 S   0,0  0,0   0:00.00 tcpdump
19252 root      20   0   22564   5932   5184 S   0,0  0,0   0:00.00 tcpdump
19253 root      20   0   22564   5992   5244 S   0,0  0,0   0:00.00 tcpdump
19254 root      20   0   22564   6208   5324 S   0,0  0,0   0:00.00 tcpdump
19255 root      20   0   22564   6160   5272 S   0,0  0,0   0:00.00 tcpdump
19174 root      20   0  985420 118552   8912 S   1,0  0,7   0:00.35 ovs-vswitc+
18998 root      10 -10   20924   4976   4228 S   0,0  0,0   0:00.00 ovsdb-serv+
19037 root      10 -10   26456   9860   8912 S   0,0  0,1   0:00.00 ovs-vswitc+
19100 root      20   0   20912   4832   4052 S   0,0  0,0   0:00.00 ovsdb-serv+
19104 root      20   0  985400 118528   8912 S   0,0  0,7   0:00.28 ovs-vswitc+
19170 root      20   0   20912   5064   4280 S   0,0  0,0   0:00.01 ovsdb-serv+
19249 root      20   0   22564   6068   5320 S   0,0  0,0   0:00.00 tcpdump
19250 root      20   0   22564   6100   5348 S   0,0  0,0   0:00.00 tcpdump
19251 root      20   0   22564   6036   5288 S   0,0  0,0   0:00.00 tcpdump
19252 root      20   0   22564   5932   5184 S   0,0  0,0   0:00.00 tcpdump
19253 root      20   0   22564   5992   5244 S   0,0  0,0   0:00.00 tcpdump
19254 root      20   0   22564   6208   5324 S   0,0  0,0   0:00.00 tcpdump
19255 root      20   0   22564   6160   5272 S   0,0  0,0   0:00.00 tcpdump
19174 root      20   0  985420 118552   8912 S   1,0  0,7   0:00.36 ovs-vswitc+
18998 root      10 -10   20924   4976   4228 S   0,0  0,0   0:00.00 ovsdb-serv+
19037 root      10 -10   26456   9860   8912 S   0,0  0,1   0:00.00 ovs-vswitc+
19100 root      20   0   20912   4832   4052 S   0,0  0,0   0:00.00 ovsdb-serv+
19104 root      20   0  985400 118528   8912 S   0,0  0,7   0:00.28 ovs-vswitc+
19170 root      20   0   20912   5064   4280 S   0,0  0,0   0:00.01 ovsdb-serv+
19249 root      20   0   22564   6068   5320 S   0,0  0,0   0:00.00 tcpdump
19250 root      20   0   22564   6100   5348 S   0,0  0,0   0:00.00 tcpdump
19251 root      20   0   22564   6036   5288 S   0,0  0,0   0:00.00 tcpdump
19252 root      20   0   22564   5932   5184 S   0,0  0,0   0:00.00 tcpdump
19253 root      20   0   22564   5992   5244 S   0,0  0,0   0:00.00 tcpdump
19254 root      20   0   22564   6208   5324 S   0,0  0,0   0:00.00 tcpdump
19255 root      20   0   22564   6160   5272 S   0,0  0,0   0:00.00 tcpdump
19104 root      20   0  985400 118528   8912 S   2,0  0,7   0:00.30 ovs-vswitc+
19174 root      20   0  985420 118552   8912 S   1,0  0,7   0:00.37 ovs-vswitc+
18998 root      10 -10   20924   4976   4228 S   0,0  0,0   0:00.00 ovsdb-serv+
19037 root      10 -10   26456   9860   8912 S   0,0  0,1   0:00.00 ovs-vswitc+
19100 root      20   0   20912   4832   4052 S   0,0  0,0   0:00.00 ovsdb-serv+
19170 root      20   0   20912   5064   4280 S   0,0  0,0   0:00.01 ovsdb-serv+
19249 root      20   0   22564   6068   5320 S   0,0  0,0   0:00.00 tcpdump
19250 root      20   0   22564   6100   5348 S   0,0  0,0   0:00.00 tcpdump
19251 root      20   0   22564   6036   5288 S   0,0  0,0   0:00.00 tcpdump
19252 root      20   0   22564   5932   5184 S   0,0  0,0   0:00.00 tcpdump
19253 root      20   0   22564   5992   5244 S   0,0  0,0   0:00.00 tcpdump
19254 root      20   0   22564   6208   5324 S   0,0  0,0   0:00.00 tcpdump
19255 root      20   0   22564   6160   5272 S   0,0  0,0   0:00.00 tcpdump
19100 root      20   0   20912   4832   4052 S   1,0  0,0   0:00.01 ovsdb-serv+
19170 root      20   0   20912   5064   4280 S   1,0  0,0   0:00.02 ovsdb-serv+
18998 root      10 -10   20924   4976   4228 S   0,0  0,0   0:00.00 ovsdb-serv+
19037 root      10 -10   26456   9860   8912 S   0,0  0,1   0:00.00 ovs-vswitc+
19104 root      20   0  985400 118528   8912 S   0,0  0,7   0:00.30 ovs-vswitc+
19174 root      20   0  985420 118552   8912 S   0,0  0,7   0:00.37 ovs-vswitc+
19249 root      20   0   22564   6068   5320 S   0,0  0,0   0:00.00 tcpdump
19250 root      20   0   22564   6100   5348 S   0,0  0,0   0:00.00 tcpdump
19251 root      20   0   22564   6036   5288 S   0,0  0,0   0:00.00 tcpdump
19252 root      20   0   22564   5932   5184 S   0,0  0,0   0:00.00 tcpdump
19253 root      20   0   22564   5992   5244 S   0,0  0,0   0:00.00 tcpdump
19254 root      20   0   22564   6208   5324 S   0,0  0,0   0:00.00 tcpdump
19255 root      20   0   22564   6160   5272 S   0,0  0,0   0:00.00 tcpdump
19174 root      20   0  985420 118552   8912 S   2,0  0,7   0:00.39 ovs-vswitc+
19104 root      20   0  985400 118528   8912 S   1,0  0,7   0:00.31 ovs-vswitc+
18998 root      10 -10   20924   4976   4228 S   0,0  0,0   0:00.00 ovsdb-serv+
19037 root      10 -10   26456   9860   8912 S   0,0  0,1   0:00.00 ovs-vswitc+
19100 root      20   0   20912   4832   4052 S   0,0  0,0   0:00.01 ovsdb-serv+
19170 root      20   0   20912   5064   4280 S   0,0  0,0   0:00.02 ovsdb-serv+
19249 root      20   0   22564   6068   5320 S   0,0  0,0   0:00.00 tcpdump
19250 root      20   0   22564   6100   5348 S   0,0  0,0   0:00.00 tcpdump
19251 root      20   0   22564   6036   5288 S   0,0  0,0   0:00.00 tcpdump
19252 root      20   0   22564   5932   5184 S   0,0  0,0   0:00.00 tcpdump
19253 root      20   0   22564   5992   5244 S   0,0  0,0   0:00.00 tcpdump
19254 root      20   0   22564   6208   5324 S   0,0  0,0   0:00.00 tcpdump
19255 root      20   0   22564   6160   5272 S   0,0  0,0   0:00.00 tcpdump
19104 root      20   0  985400 118528   8912 S   1,0  0,7   0:00.32 ovs-vswitc+
19174 root      20   0  985420 118552   8912 S   1,0  0,7   0:00.40 ovs-vswitc+
18998 root      10 -10   20924   4976   4228 S   0,0  0,0   0:00.00 ovsdb-serv+
19037 root      10 -10   26456   9860   8912 S   0,0  0,1   0:00.00 ovs-vswitc+
19100 root      20   0   20912   4832   4052 S   0,0  0,0   0:00.01 ovsdb-serv+
19170 root      20   0   20912   5064   4280 S   0,0  0,0   0:00.02 ovsdb-serv+
19249 root      20   0   22564   6068   5320 S   0,0  0,0   0:00.00 tcpdump
19250 root      20   0   22564   6100   5348 S   0,0  0,0   0:00.00 tcpdump
19251 root      20   0   22564   6036   5288 S   0,0  0,0   0:00.00 tcpdump
19252 root      20   0   22564   5932   5184 S   0,0  0,0   0:00.00 tcpdump
19253 root      20   0   22564   5992   5244 S   0,0  0,0   0:00.00 tcpdump
19254 root      20   0   22564   6208   5324 S   0,0  0,0   0:00.00 tcpdump
19255 root      20   0   22564   6160   5272 S   0,0  0,0   0:00.00 tcpdump
19104 root      20   0  985400 119052   8912 S   8,8  0,7   0:00.41 ovs-vswitc+
19174 root      20   0  985420 119076   8912 S   7,8  0,7   0:00.48 ovs-vswitc+
18998 root      10 -10   20924   4976   4228 S   0,0  0,0   0:00.00 ovsdb-serv+
19037 root      10 -10   26456   9860   8912 S   0,0  0,1   0:00.00 ovs-vswitc+
19100 root      20   0   20912   4832   4052 S   0,0  0,0   0:00.01 ovsdb-serv+
19170 root      20   0   20912   5064   4280 S   0,0  0,0   0:00.02 ovsdb-serv+
19249 root      20   0   22564   6068   5320 S   0,0  0,0   0:00.00 tcpdump
19250 root      20   0   22564   6100   5348 S   0,0  0,0   0:00.00 tcpdump
19251 root      20   0   22564   6036   5288 S   0,0  0,0   0:00.00 tcpdump
19252 root      20   0   22564   5932   5184 S   0,0  0,0   0:00.00 tcpdump
19253 root      20   0   22564   5992   5244 S   0,0  0,0   0:00.00 tcpdump
19254 root      20   0   22564   6208   5324 S   0,0  0,0   0:00.00 tcpdump
19255 root      20   0   22564   6160   5272 S   0,0  0,0   0:00.00 tcpdump
19104 root      20   0  985400 129080   8912 S  83,0  0,8   0:01.24 ovs-vswitc+
19174 root      20   0  985420 128312   8912 S  80,0  0,8   0:01.28 ovs-vswitc+
18998 root      10 -10   20924   4976   4228 S   0,0  0,0   0:00.00 ovsdb-serv+
19037 root      10 -10   26456   9860   8912 S   0,0  0,1   0:00.00 ovs-vswitc+
19100 root      20   0   20912   4832   4052 S   0,0  0,0   0:00.01 ovsdb-serv+
19170 root      20   0   20912   5064   4280 S   0,0  0,0   0:00.02 ovsdb-serv+
19249 root      20   0   22564   6068   5320 S   0,0  0,0   0:00.00 tcpdump
19250 root      20   0   22564   6100   5348 S   0,0  0,0   0:00.00 tcpdump
19251 root      20   0   22564   6036   5288 S   0,0  0,0   0:00.00 tcpdump
19252 root      20   0   22564   5932   5184 S   0,0  0,0   0:00.00 tcpdump
19253 root      20   0   22564   5992   5244 S   0,0  0,0   0:00.00 tcpdump
19254 root      20   0   22564   6208   5324 S   0,0  0,0   0:00.00 tcpdump
19255 root      20   0   22564   6160   5272 S   0,0  0,0   0:00.00 tcpdump
19104 root      20   0  985400 139112   8912 R  66,3  0,9   0:01.91 ovs-vswitc+
19174 root      20   0  985420 128312   8912 S   2,0  0,8   0:01.30 ovs-vswitc+
18998 root      10 -10   20924   4976   4228 S   0,0  0,0   0:00.00 ovsdb-serv+
19037 root      10 -10   26456   9860   8912 S   0,0  0,1   0:00.00 ovs-vswitc+
19100 root      20   0   20912   4832   4052 S   0,0  0,0   0:00.01 ovsdb-serv+
19170 root      20   0   20912   5064   4280 S   0,0  0,0   0:00.02 ovsdb-serv+
19249 root      20   0   22564   6068   5320 S   0,0  0,0   0:00.00 tcpdump
19250 root      20   0   22564   6100   5348 S   0,0  0,0   0:00.00 tcpdump
19251 root      20   0   22564   6036   5288 S   0,0  0,0   0:00.00 tcpdump
19252 root      20   0   22564   5932   5184 S   0,0  0,0   0:00.00 tcpdump
19253 root      20   0   22564   5992   5244 S   0,0  0,0   0:00.00 tcpdump
19254 root      20   0   22564   6208   5324 S   0,0  0,0   0:00.00 tcpdump
19255 root      20   0   22564   6160   5272 S   0,0  0,0   0:00.00 tcpdump
19104 root      20   0  985400 142280   8912 R  66,3  0,9   0:02.58 ovs-vswitc+
19250 root      20   0   22564   6100   5348 S   1,0  0,0   0:00.01 tcpdump
19251 root      20   0   22564   6036   5288 S   1,0  0,0   0:00.01 tcpdump
18998 root      10 -10   20924   4976   4228 S   0,0  0,0   0:00.00 ovsdb-serv+
19037 root      10 -10   26456   9860   8912 S   0,0  0,1   0:00.00 ovs-vswitc+
19100 root      20   0   20912   4832   4052 S   0,0  0,0   0:00.01 ovsdb-serv+
19170 root      20   0   20912   5064   4280 S   0,0  0,0   0:00.02 ovsdb-serv+
19174 root      20   0  985420 128312   8912 S   0,0  0,8   0:01.30 ovs-vswitc+
19249 root      20   0   22564   6068   5320 S   0,0  0,0   0:00.00 tcpdump
19252 root      20   0   22564   5932   5184 S   0,0  0,0   0:00.00 tcpdump
19253 root      20   0   22564   5992   5244 S   0,0  0,0   0:00.00 tcpdump
19254 root      20   0   22564   6208   5324 S   0,0  0,0   0:00.00 tcpdump
19255 root      20   0   22564   6160   5272 S   0,0  0,0   0:00.00 tcpdump
19104 root      20   0  985400 142280   8912 S  64,4  0,9   0:03.23 ovs-vswitc+
19174 root      20   0  985420 128312   8912 S   2,0  0,8   0:01.32 ovs-vswitc+
18998 root      10 -10   20924   4976   4228 S   0,0  0,0   0:00.00 ovsdb-serv+
19037 root      10 -10   26456   9860   8912 S   0,0  0,1   0:00.00 ovs-vswitc+
19100 root      20   0   20912   4832   4052 S   0,0  0,0   0:00.01 ovsdb-serv+
19170 root      20   0   20912   5064   4280 S   0,0  0,0   0:00.02 ovsdb-serv+
19249 root      20   0   22564   6068   5320 S   0,0  0,0   0:00.00 tcpdump
19250 root      20   0   22564   6100   5348 S   0,0  0,0   0:00.01 tcpdump
19251 root      20   0   22564   6036   5288 S   0,0  0,0   0:00.01 tcpdump
19252 root      20   0   22564   5932   5184 S   0,0  0,0   0:00.00 tcpdump
19253 root      20   0   22564   5992   5244 S   0,0  0,0   0:00.00 tcpdump
19254 root      20   0   22564   6208   5324 S   0,0  0,0   0:00.00 tcpdump
19255 root      20   0   22564   6160   5272 S   0,0  0,0   0:00.00 tcpdump
19104 root      20   0  985400 143864   8912 S  63,4  0,9   0:03.87 ovs-vswitc+
19174 root      20   0  985420 128312   8912 S   2,0  0,8   0:01.34 ovs-vswitc+
18998 root      10 -10   20924   4976   4228 S   0,0  0,0   0:00.00 ovsdb-serv+
19037 root      10 -10   26456   9860   8912 S   0,0  0,1   0:00.00 ovs-vswitc+
19100 root      20   0   20912   4832   4052 S   0,0  0,0   0:00.01 ovsdb-serv+
19170 root      20   0   20912   5064   4280 S   0,0  0,0   0:00.02 ovsdb-serv+
19249 root      20   0   22564   6068   5320 S   0,0  0,0   0:00.00 tcpdump
19250 root      20   0   22564   6100   5348 S   0,0  0,0   0:00.01 tcpdump
19251 root      20   0   22564   6036   5288 S   0,0  0,0   0:00.01 tcpdump
19252 root      20   0   22564   5932   5184 S   0,0  0,0   0:00.00 tcpdump
19253 root      20   0   22564   5992   5244 S   0,0  0,0   0:00.00 tcpdump
19254 root      20   0   22564   6208   5324 S   0,0  0,0   0:00.00 tcpdump
19255 root      20   0   22564   6160   5272 S   0,0  0,0   0:00.00 tcpdump
19104 root      20   0  985400 153896   8912 S  67,3  0,9   0:04.55 ovs-vswitc+
19253 root      20   0   22564   5992   5244 S   1,0  0,0   0:00.01 tcpdump
18998 root      10 -10   20924   4976   4228 S   0,0  0,0   0:00.00 ovsdb-serv+
19037 root      10 -10   26456   9860   8912 S   0,0  0,1   0:00.00 ovs-vswitc+
19100 root      20   0   20912   4832   4052 S   0,0  0,0   0:00.01 ovsdb-serv+
19170 root      20   0   20912   5064   4280 S   0,0  0,0   0:00.02 ovsdb-serv+
19174 root      20   0  985420 128312   8912 S   0,0  0,8   0:01.34 ovs-vswitc+
19249 root      20   0   22564   6068   5320 S   0,0  0,0   0:00.00 tcpdump
19250 root      20   0   22564   6100   5348 S   0,0  0,0   0:00.01 tcpdump
19251 root      20   0   22564   6036   5288 S   0,0  0,0   0:00.01 tcpdump
19252 root      20   0   22564   5932   5184 S   0,0  0,0   0:00.00 tcpdump
19254 root      20   0   22564   6208   5324 S   0,0  0,0   0:00.00 tcpdump
19255 root      20   0   22564   6160   5272 S   0,0  0,0   0:00.00 tcpdump
19104 root      20   0  985400 155992   8912 S  71,3  1,0   0:05.27 ovs-vswitc+
19174 root      20   0  985420 128312   8912 S   2,0  0,8   0:01.36 ovs-vswitc+
18998 root      10 -10   20924   4976   4228 S   0,0  0,0   0:00.00 ovsdb-serv+
19037 root      10 -10   26456   9860   8912 S   0,0  0,1   0:00.00 ovs-vswitc+
19100 root      20   0   20912   4832   4052 S   0,0  0,0   0:00.01 ovsdb-serv+
19170 root      20   0   20912   5064   4280 S   0,0  0,0   0:00.02 ovsdb-serv+
19249 root      20   0   22564   6068   5320 S   0,0  0,0   0:00.00 tcpdump
19250 root      20   0   22564   6100   5348 S   0,0  0,0   0:00.01 tcpdump
19251 root      20   0   22564   6036   5288 S   0,0  0,0   0:00.01 tcpdump
19252 root      20   0   22564   5932   5184 S   0,0  0,0   0:00.00 tcpdump
19253 root      20   0   22564   5992   5244 S   0,0  0,0   0:00.01 tcpdump
19254 root      20   0   22564   6208   5324 S   0,0  0,0   0:00.00 tcpdump
19255 root      20   0   22564   6160   5272 S   0,0  0,0   0:00.00 tcpdump
19104 root      20   0  985400 155992   8912 R  67,3  1,0   0:05.95 ovs-vswitc+
18998 root      10 -10   20924   4976   4228 S   0,0  0,0   0:00.00 ovsdb-serv+
19037 root      10 -10   26456   9860   8912 S   0,0  0,1   0:00.00 ovs-vswitc+
19100 root      20   0   20912   4832   4052 S   0,0  0,0   0:00.01 ovsdb-serv+
19170 root      20   0   20912   5064   4280 S   0,0  0,0   0:00.02 ovsdb-serv+
19174 root      20   0  985420 128312   8912 S   0,0  0,8   0:01.36 ovs-vswitc+
19249 root      20   0   22564   6068   5320 S   0,0  0,0   0:00.00 tcpdump
19250 root      20   0   22564   6100   5348 S   0,0  0,0   0:00.01 tcpdump
19251 root      20   0   22564   6036   5288 S   0,0  0,0   0:00.01 tcpdump
19252 root      20   0   22564   5932   5184 S   0,0  0,0   0:00.00 tcpdump
19253 root      20   0   22564   5992   5244 S   0,0  0,0   0:00.01 tcpdump
19254 root      20   0   22564   6208   5324 S   0,0  0,0   0:00.00 tcpdump
19255 root      20   0   22564   6160   5272 S   0,0  0,0   0:00.00 tcpdump
19104 root      20   0  985400 155992   8912 S  20,8  1,0   0:06.16 ovs-vswitc+
19174 root      20   0  985420 128312   8912 S   5,0  0,8   0:01.41 ovs-vswitc+
18998 root      10 -10   20924   4976   4228 S   0,0  0,0   0:00.00 ovsdb-serv+
19037 root      10 -10   26456   9860   8912 S   0,0  0,1   0:00.00 ovs-vswitc+
19100 root      20   0   20912   4832   4052 S   0,0  0,0   0:00.01 ovsdb-serv+
19170 root      20   0   20912   5064   4280 S   0,0  0,0   0:00.02 ovsdb-serv+
19249 root      20   0   22564   6068   5320 S   0,0  0,0   0:00.00 tcpdump
19250 root      20   0   22564   6100   5348 S   0,0  0,0   0:00.01 tcpdump
19251 root      20   0   22564   6036   5288 S   0,0  0,0   0:00.01 tcpdump
19252 root      20   0   22564   5932   5184 S   0,0  0,0   0:00.00 tcpdump
19253 root      20   0   22564   5992   5244 S   0,0  0,0   0:00.01 tcpdump
19254 root      20   0   22564   6208   5324 S   0,0  0,0   0:00.00 tcpdump
19255 root      20   0   22564   6160   5272 S   0,0  0,0   0:00.00 tcpdump
19104 root      20   0  985400 155992   8912 S   5,9  1,0   0:06.22 ovs-vswitc+
19174 root      20   0  985452 128352   8912 S   5,9  0,8   0:01.47 ovs-vswitc+
18998 root      10 -10   20924   4976   4228 S   0,0  0,0   0:00.00 ovsdb-serv+
19037 root      10 -10   26456   9860   8912 S   0,0  0,1   0:00.00 ovs-vswitc+
19100 root      20   0   20912   4832   4052 S   0,0  0,0   0:00.01 ovsdb-serv+
19170 root      20   0   20912   5064   4280 S   0,0  0,0   0:00.02 ovsdb-serv+
19249 root      20   0   22564   6068   5320 S   0,0  0,0   0:00.00 tcpdump
19250 root      20   0   22564   6100   5348 S   0,0  0,0   0:00.01 tcpdump
19251 root      20   0   22564   6036   5288 S   0,0  0,0   0:00.01 tcpdump
19252 root      20   0   22564   5932   5184 S   0,0  0,0   0:00.00 tcpdump
19253 root      20   0   22564   5992   5244 S   0,0  0,0   0:00.01 tcpdump
19254 root      20   0   22564   6208   5324 S   0,0  0,0   0:00.00 tcpdump
19255 root      20   0   22564   6160   5272 S   0,0  0,0   0:00.00 tcpdump
19174 root      20   0  985452 128352   8912 S   8,8  0,8   0:01.56 ovs-vswitc+
19104 root      20   0  985400 155992   8912 S   5,9  1,0   0:06.28 ovs-vswitc+
18998 root      10 -10   20924   4976   4228 S   0,0  0,0   0:00.00 ovsdb-serv+
19037 root      10 -10   26456   9860   8912 S   0,0  0,1   0:00.00 ovs-vswitc+
19100 root      20   0   20912   4832   4052 S   0,0  0,0   0:00.01 ovsdb-serv+
19170 root      20   0   20912   5064   4280 S   0,0  0,0   0:00.02 ovsdb-serv+
19249 root      20   0   22564   6068   5320 S   0,0  0,0   0:00.00 tcpdump
19250 root      20   0   22564   6100   5348 S   0,0  0,0   0:00.01 tcpdump
19251 root      20   0   22564   6036   5288 S   0,0  0,0   0:00.01 tcpdump
19252 root      20   0   22564   5932   5184 S   0,0  0,0   0:00.00 tcpdump
19253 root      20   0   22564   5992   5244 S   0,0  0,0   0:00.01 tcpdump
19254 root      20   0   22564   6208   5324 S   0,0  0,0   0:00.00 tcpdump
19255 root      20   0   22564   6160   5272 S   0,0  0,0   0:00.00 tcpdump
19104 root      20   0  985400 155992   8912 S   6,9  1,0   0:06.35 ovs-vswitc+
19174 root      20   0  985452 128352   8912 S   1,0  0,8   0:01.57 ovs-vswitc+
18998 root      10 -10   20924   4976   4228 S   0,0  0,0   0:00.00 ovsdb-serv+
19037 root      10 -10   26456   9860   8912 S   0,0  0,1   0:00.00 ovs-vswitc+
19100 root      20   0   20912   4832   4052 S   0,0  0,0   0:00.01 ovsdb-serv+
19170 root      20   0   20912   5064   4280 S   0,0  0,0   0:00.02 ovsdb-serv+
19249 root      20   0   22564   6068   5320 S   0,0  0,0   0:00.00 tcpdump
19250 root      20   0   22564   6100   5348 S   0,0  0,0   0:00.01 tcpdump
19251 root      20   0   22564   6036   5288 S   0,0  0,0   0:00.01 tcpdump
19252 root      20   0   22564   5932   5184 S   0,0  0,0   0:00.00 tcpdump
19253 root      20   0   22564   5992   5244 S   0,0  0,0   0:00.01 tcpdump
19254 root      20   0   22564   6208   5324 S   0,0  0,0   0:00.00 tcpdump
19255 root      20   0   22564   6160   5272 S   0,0  0,0   0:00.00 tcpdump
19104 root      20   0  985400 155992   8912 S   5,9  1,0   0:06.41 ovs-vswitc+
19174 root      20   0  985452 128352   8912 S   2,0  0,8   0:01.59 ovs-vswitc+
18998 root      10 -10   20924   4976   4228 S   0,0  0,0   0:00.00 ovsdb-serv+
19037 root      10 -10   26456   9860   8912 S   0,0  0,1   0:00.00 ovs-vswitc+
19100 root      20   0   20912   4832   4052 S   0,0  0,0   0:00.01 ovsdb-serv+
19170 root      20   0   20912   5064   4280 S   0,0  0,0   0:00.02 ovsdb-serv+
19249 root      20   0   22564   6068   5320 S   0,0  0,0   0:00.00 tcpdump
19250 root      20   0   22564   6100   5348 S   0,0  0,0   0:00.01 tcpdump
19251 root      20   0   22564   6036   5288 S   0,0  0,0   0:00.01 tcpdump
19252 root      20   0   22564   5932   5184 S   0,0  0,0   0:00.00 tcpdump
19253 root      20   0   22564   5992   5244 S   0,0  0,0   0:00.01 tcpdump
19254 root      20   0   22564   6208   5324 S   0,0  0,0   0:00.00 tcpdump
19255 root      20   0   22564   6160   5272 S   0,0  0,0   0:00.00 tcpdump
19104 root      20   0  985400 155992   8912 S   5,9  1,0   0:06.47 ovs-vswitc+
18998 root      10 -10   20924   4976   4228 S   0,0  0,0   0:00.00 ovsdb-serv+
19037 root      10 -10   26456   9860   8912 S   0,0  0,1   0:00.00 ovs-vswitc+
19100 root      20   0   20912   4832   4052 S   0,0  0,0   0:00.01 ovsdb-serv+
19170 root      20   0   20912   5064   4280 S   0,0  0,0   0:00.02 ovsdb-serv+
19174 root      20   0  985452 128352   8912 S   0,0  0,8   0:01.59 ovs-vswitc+
19249 root      20   0   22564   6068   5320 S   0,0  0,0   0:00.00 tcpdump
19250 root      20   0   22564   6100   5348 S   0,0  0,0   0:00.01 tcpdump
19251 root      20   0   22564   6036   5288 S   0,0  0,0   0:00.01 tcpdump
19252 root      20   0   22564   5932   5184 S   0,0  0,0   0:00.00 tcpdump
19253 root      20   0   22564   5992   5244 S   0,0  0,0   0:00.01 tcpdump
19254 root      20   0   22564   6208   5324 S   0,0  0,0   0:00.00 tcpdump
19255 root      20   0   22564   6160   5272 S   0,0  0,0   0:00.00 tcpdump
19104 root      20   0  985400 155992   8912 S   5,9  1,0   0:06.53 ovs-vswitc+
19174 root      20   0  985452 128352   8912 S   1,0  0,8   0:01.60 ovs-vswitc+
18998 root      10 -10   20924   4976   4228 S   0,0  0,0   0:00.00 ovsdb-serv+
19037 root      10 -10   26456   9860   8912 S   0,0  0,1   0:00.00 ovs-vswitc+
19100 root      20   0   20912   4832   4052 S   0,0  0,0   0:00.01 ovsdb-serv+
19170 root      20   0   20912   5064   4280 S   0,0  0,0   0:00.02 ovsdb-serv+
19249 root      20   0   22564   6068   5320 S   0,0  0,0   0:00.00 tcpdump
19250 root      20   0   22564   6100   5348 S   0,0  0,0   0:00.01 tcpdump
19251 root      20   0   22564   6036   5288 S   0,0  0,0   0:00.01 tcpdump
19252 root      20   0   22564   5932   5184 S   0,0  0,0   0:00.00 tcpdump
19253 root      20   0   22564   5992   5244 S   0,0  0,0   0:00.01 tcpdump
19254 root      20   0   22564   6208   5324 S   0,0  0,0   0:00.00 tcpdump
19255 root      20   0   22564   6160   5272 S   0,0  0,0   0:00.00 tcpdump
19104 root      20   0  985432 156028   8912 S   5,9  1,0   0:06.59 ovs-vswitc+
19174 root      20   0  985452 128352   8912 S   2,0  0,8   0:01.62 ovs-vswitc+
18998 root      10 -10   20924   4976   4228 S   0,0  0,0   0:00.00 ovsdb-serv+
19037 root      10 -10   26456   9860   8912 S   0,0  0,1   0:00.00 ovs-vswitc+
19100 root      20   0   20912   4832   4052 S   0,0  0,0   0:00.01 ovsdb-serv+
19170 root      20   0   20912   5064   4280 S   0,0  0,0   0:00.02 ovsdb-serv+
19249 root      20   0   22564   6068   5320 S   0,0  0,0   0:00.00 tcpdump
19250 root      20   0   22564   6100   5348 S   0,0  0,0   0:00.01 tcpdump
19251 root      20   0   22564   6036   5288 S   0,0  0,0   0:00.01 tcpdump
19252 root      20   0   22564   5932   5184 S   0,0  0,0   0:00.00 tcpdump
19253 root      20   0   22564   5992   5244 S   0,0  0,0   0:00.01 tcpdump
19254 root      20   0   22564   6208   5324 S   0,0  0,0   0:00.00 tcpdump
19255 root      20   0   22564   6160   5272 S   0,0  0,0   0:00.00 tcpdump
19104 root      20   0  985432 156028   8912 S   9,9  1,0   0:06.69 ovs-vswitc+
19174 root      20   0  985452 128352   8912 S   1,0  0,8   0:01.63 ovs-vswitc+
18998 root      10 -10   20924   4976   4228 S   0,0  0,0   0:00.00 ovsdb-serv+
19037 root      10 -10   26456   9860   8912 S   0,0  0,1   0:00.00 ovs-vswitc+
19100 root      20   0   20912   4832   4052 S   0,0  0,0   0:00.01 ovsdb-serv+
19170 root      20   0   20912   5064   4280 S   0,0  0,0   0:00.02 ovsdb-serv+
19249 root      20   0   22564   6068   5320 S   0,0  0,0   0:00.00 tcpdump
19250 root      20   0   22564   6100   5348 S   0,0  0,0   0:00.01 tcpdump
19251 root      20   0   22564   6036   5288 S   0,0  0,0   0:00.01 tcpdump
19252 root      20   0   22564   5932   5184 S   0,0  0,0   0:00.00 tcpdump
19253 root      20   0   22564   5992   5244 S   0,0  0,0   0:00.01 tcpdump
19254 root      20   0   22564   6208   5324 S   0,0  0,0   0:00.00 tcpdump
19255 root      20   0   22564   6160   5272 S   0,0  0,0   0:00.00 tcpdump
19104 root      20   0  985432 156028   8912 S   7,9  1,0   0:06.77 ovs-vswitc+
19174 root      20   0  985452 128352   8912 S   1,0  0,8   0:01.64 ovs-vswitc+
18998 root      10 -10   20924   4976   4228 S   0,0  0,0   0:00.00 ovsdb-serv+
19037 root      10 -10   26456   9860   8912 S   0,0  0,1   0:00.00 ovs-vswitc+
19100 root      20   0   20912   4832   4052 S   0,0  0,0   0:00.01 ovsdb-serv+
19170 root      20   0   20912   5064   4280 S   0,0  0,0   0:00.02 ovsdb-serv+
19249 root      20   0   22564   6068   5320 S   0,0  0,0   0:00.00 tcpdump
19250 root      20   0   22564   6100   5348 S   0,0  0,0   0:00.01 tcpdump
19251 root      20   0   22564   6036   5288 S   0,0  0,0   0:00.01 tcpdump
19252 root      20   0   22564   5932   5184 S   0,0  0,0   0:00.00 tcpdump
19253 root      20   0   22564   5992   5244 S   0,0  0,0   0:00.01 tcpdump
19254 root      20   0   22564   6208   5324 S   0,0  0,0   0:00.00 tcpdump
19255 root      20   0   22564   6160   5272 S   0,0  0,0   0:00.00 tcpdump
19104 root      20   0  985432 156028   8912 S   2,9  1,0   0:06.80 ovs-vswitc+
19174 root      20   0  985452 128352   8912 S   1,0  0,8   0:01.65 ovs-vswitc+
18998 root      10 -10   20924   4976   4228 S   0,0  0,0   0:00.00 ovsdb-serv+
19037 root      10 -10   26456   9860   8912 S   0,0  0,1   0:00.00 ovs-vswitc+
19100 root      20   0   20912   4832   4052 S   0,0  0,0   0:00.01 ovsdb-serv+
19170 root      20   0   20912   5064   4280 S   0,0  0,0   0:00.02 ovsdb-serv+
19249 root      20   0   22564   6068   5320 S   0,0  0,0   0:00.00 tcpdump
19250 root      20   0   22564   6100   5348 S   0,0  0,0   0:00.01 tcpdump
19251 root      20   0   22564   6036   5288 S   0,0  0,0   0:00.01 tcpdump
19252 root      20   0   22564   5932   5184 S   0,0  0,0   0:00.00 tcpdump
19253 root      20   0   22564   5992   5244 S   0,0  0,0   0:00.01 tcpdump
19254 root      20   0   22564   6208   5324 S   0,0  0,0   0:00.00 tcpdump
19255 root      20   0   22564   6160   5272 S   0,0  0,0   0:00.00 tcpdump
19174 root      20   0  985452 128352   8912 S   2,0  0,8   0:01.67 ovs-vswitc+
19104 root      20   0  985432 156028   8912 S   1,0  1,0   0:06.81 ovs-vswitc+
18998 root      10 -10   20924   4976   4228 S   0,0  0,0   0:00.00 ovsdb-serv+
19037 root      10 -10   26456   9860   8912 S   0,0  0,1   0:00.00 ovs-vswitc+
19100 root      20   0   20912   4832   4052 S   0,0  0,0   0:00.01 ovsdb-serv+
19170 root      20   0   20912   5064   4280 S   0,0  0,0   0:00.02 ovsdb-serv+
19249 root      20   0   22564   6068   5320 S   0,0  0,0   0:00.00 tcpdump
19250 root      20   0   22564   6100   5348 S   0,0  0,0   0:00.01 tcpdump
19251 root      20   0   22564   6036   5288 S   0,0  0,0   0:00.01 tcpdump
19252 root      20   0   22564   5932   5184 S   0,0  0,0   0:00.00 tcpdump
19253 root      20   0   22564   5992   5244 S   0,0  0,0   0:00.01 tcpdump
19254 root      20   0   22564   6208   5324 S   0,0  0,0   0:00.00 tcpdump
19255 root      20   0   22564   6160   5272 S   0,0  0,0   0:00.00 tcpdump
19104 root      20   0  985432 156028   8912 S   2,0  1,0   0:06.83 ovs-vswitc+
19174 root      20   0  985452 128352   8912 S   1,0  0,8   0:01.68 ovs-vswitc+
18998 root      10 -10   20924   4976   4228 S   0,0  0,0   0:00.00 ovsdb-serv+
19037 root      10 -10   26456   9860   8912 S   0,0  0,1   0:00.00 ovs-vswitc+
19100 root      20   0   20912   4832   4052 S   0,0  0,0   0:00.01 ovsdb-serv+
19170 root      20   0   20912   5064   4280 S   0,0  0,0   0:00.02 ovsdb-serv+
19249 root      20   0   22564   6068   5320 S   0,0  0,0   0:00.00 tcpdump
19250 root      20   0   22564   6100   5348 S   0,0  0,0   0:00.01 tcpdump
19251 root      20   0   22564   6036   5288 S   0,0  0,0   0:00.01 tcpdump
19252 root      20   0   22564   5932   5184 S   0,0  0,0   0:00.00 tcpdump
19253 root      20   0   22564   5992   5244 S   0,0  0,0   0:00.01 tcpdump
19254 root      20   0   22564   6208   5324 S   0,0  0,0   0:00.00 tcpdump
19255 root      20   0   22564   6160   5272 S   0,0  0,0   0:00.00 tcpdump
19104 root      20   0  985432 156028   8912 S   1,0  1,0   0:06.84 ovs-vswitc+
19174 root      20   0  985452 128352   8912 S   1,0  0,8   0:01.69 ovs-vswitc+
18998 root      10 -10   20924   4976   4228 S   0,0  0,0   0:00.00 ovsdb-serv+
19037 root      10 -10   26456   9860   8912 S   0,0  0,1   0:00.00 ovs-vswitc+
19100 root      20   0   20912   4832   4052 S   0,0  0,0   0:00.01 ovsdb-serv+
19170 root      20   0   20912   5064   4280 S   0,0  0,0   0:00.02 ovsdb-serv+
19249 root      20   0   22564   6068   5320 S   0,0  0,0   0:00.00 tcpdump
19250 root      20   0   22564   6100   5348 S   0,0  0,0   0:00.01 tcpdump
19251 root      20   0   22564   6036   5288 S   0,0  0,0   0:00.01 tcpdump
19252 root      20   0   22564   5932   5184 S   0,0  0,0   0:00.00 tcpdump
19253 root      20   0   22564   5992   5244 S   0,0  0,0   0:00.01 tcpdump
19254 root      20   0   22564   6208   5324 S   0,0  0,0   0:00.00 tcpdump
19255 root      20   0   22564   6160   5272 S   0,0  0,0   0:00.00 tcpdump
19104 root      20   0  985432 156028   8912 S   1,0  1,0   0:06.85 ovs-vswitc+
19174 root      20   0  985452 128352   8912 S   1,0  0,8   0:01.70 ovs-vswitc+
18998 root      10 -10   20924   4976   4228 S   0,0  0,0   0:00.00 ovsdb-serv+
19037 root      10 -10   26456   9860   8912 S   0,0  0,1   0:00.00 ovs-vswitc+
19100 root      20   0   20912   4832   4052 S   0,0  0,0   0:00.01 ovsdb-serv+
19170 root      20   0   20912   5064   4280 S   0,0  0,0   0:00.02 ovsdb-serv+
19249 root      20   0   22564   6068   5320 S   0,0  0,0   0:00.00 tcpdump
19250 root      20   0   22564   6100   5348 S   0,0  0,0   0:00.01 tcpdump
19251 root      20   0   22564   6036   5288 S   0,0  0,0   0:00.01 tcpdump
19252 root      20   0   22564   5932   5184 S   0,0  0,0   0:00.00 tcpdump
19253 root      20   0   22564   5992   5244 S   0,0  0,0   0:00.01 tcpdump
19254 root      20   0   22564   6208   5324 S   0,0  0,0   0:00.00 tcpdump
19255 root      20   0   22564   6160   5272 S   0,0  0,0   0:00.00 tcpdump
19104 root      20   0  985432 156028   8912 S   1,0  1,0   0:06.86 ovs-vswitc+
19174 root      20   0  985452 128352   8912 S   1,0  0,8   0:01.71 ovs-vswitc+
18998 root      10 -10   20924   4976   4228 S   0,0  0,0   0:00.00 ovsdb-serv+
19037 root      10 -10   26456   9860   8912 S   0,0  0,1   0:00.00 ovs-vswitc+
19100 root      20   0   20912   4832   4052 S   0,0  0,0   0:00.01 ovsdb-serv+
19170 root      20   0   20912   5064   4280 S   0,0  0,0   0:00.02 ovsdb-serv+
19249 root      20   0   22564   6068   5320 S   0,0  0,0   0:00.00 tcpdump
19250 root      20   0   22564   6100   5348 S   0,0  0,0   0:00.01 tcpdump
19251 root      20   0   22564   6036   5288 S   0,0  0,0   0:00.01 tcpdump
19252 root      20   0   22564   5932   5184 S   0,0  0,0   0:00.00 tcpdump
19253 root      20   0   22564   5992   5244 S   0,0  0,0   0:00.01 tcpdump
19254 root      20   0   22564   6208   5324 S   0,0  0,0   0:00.00 tcpdump
19255 root      20   0   22564   6160   5272 S   0,0  0,0   0:00.00 tcpdump
19104 root      20   0  985432 156028   8912 S   1,0  1,0   0:06.87 ovs-vswitc+
19174 root      20   0  985452 128352   8912 S   1,0  0,8   0:01.72 ovs-vswitc+
18998 root      10 -10   20924   4976   4228 S   0,0  0,0   0:00.00 ovsdb-serv+
19037 root      10 -10   26456   9860   8912 S   0,0  0,1   0:00.00 ovs-vswitc+
19100 root      20   0   20912   4832   4052 S   0,0  0,0   0:00.01 ovsdb-serv+
19170 root      20   0   20912   5064   4280 S   0,0  0,0   0:00.02 ovsdb-serv+
19249 root      20   0   22564   6068   5320 S   0,0  0,0   0:00.00 tcpdump
19250 root      20  