25043 root      20   0  985300 118364   8912 S  12,5  0,7   0:00.09 ovs-vswitc+
25113 root      20   0  985304 118368   8912 S  12,5  0,7   0:00.13 ovs-vswitc+
24938 root      10 -10   20924   4940   4188 S   0,0  0,0   0:00.00 ovsdb-serv+
24977 root      10 -10   26456   9860   8912 S   0,0  0,1   0:00.00 ovs-vswitc+
25039 root      20   0   20912   4988   4208 S   0,0  0,0   0:00.00 ovsdb-serv+
25109 root      20   0   20912   4888   4108 S   0,0  0,0   0:00.01 ovsdb-serv+
25188 root      20   0   22564   6004   5256 S   0,0  0,0   0:00.00 tcpdump
25189 root      20   0   22564   6048   5300 S   0,0  0,0   0:00.00 tcpdump
25190 root      20   0   22564   6008   5260 S   0,0  0,0   0:00.00 tcpdump
25191 root      20   0   22564   5996   5248 S   0,0  0,0   0:00.00 tcpdump
25192 root      20   0   22564   6012   5264 S   0,0  0,0   0:00.00 tcpdump
25193 root      20   0   22564   6192   5304 S   0,0  0,0   0:00.00 tcpdump
25194 root      20   0   22564   6220   5336 S   0,0  0,0   0:00.00 tcpdump
25043 root      20   0  985300 118364   8912 S   1,0  0,7   0:00.10 ovs-vswitc+
25113 root      20   0  985304 118368   8912 S   1,0  0,7   0:00.14 ovs-vswitc+
24938 root      10 -10   20924   4940   4188 S   0,0  0,0   0:00.00 ovsdb-serv+
24977 root      10 -10   26456   9860   8912 S   0,0  0,1   0:00.00 ovs-vswitc+
25039 root      20   0   20912   4988   4208 S   0,0  0,0   0:00.00 ovsdb-serv+
25109 root      20   0   20912   4888   4108 S   0,0  0,0   0:00.01 ovsdb-serv+
25188 root      20   0   22564   6004   5256 S   0,0  0,0   0:00.00 tcpdump
25189 root      20   0   22564   6048   5300 S   0,0  0,0   0:00.00 tcpdump
25190 root      20   0   22564   6008   5260 S   0,0  0,0   0:00.00 tcpdump
25191 root      20   0   22564   5996   5248 S   0,0  0,0   0:00.00 tcpdump
25192 root      20   0   22564   6012   5264 S   0,0  0,0   0:00.00 tcpdump
25193 root      20   0   22564   6192   5304 S   0,0  0,0   0:00.00 tcpdump
25194 root      20   0   22564   6220   5336 S   0,0  0,0   0:00.00 tcpdump
25043 root      20   0  985300 118364   8912 S   1,0  0,7   0:00.11 ovs-vswitc+
25113 root      20   0  985304 118368   8912 S   1,0  0,7   0:00.15 ovs-vswitc+
24938 root      10 -10   20924   4940   4188 S   0,0  0,0   0:00.00 ovsdb-serv+
24977 root      10 -10   26456   9860   8912 S   0,0  0,1   0:00.00 ovs-vswitc+
25039 root      20   0   20912   4988   4208 S   0,0  0,0   0:00.00 ovsdb-serv+
25109 root      20   0   20912   4888   4108 S   0,0  0,0   0:00.01 ovsdb-serv+
25188 root      20   0   22564   6004   5256 S   0,0  0,0   0:00.00 tcpdump
25189 root      20   0   22564   6048   5300 S   0,0  0,0   0:00.00 tcpdump
25190 root      20   0   22564   6008   5260 S   0,0  0,0   0:00.00 tcpdump
25191 root      20   0   22564   5996   5248 S   0,0  0,0   0:00.00 tcpdump
25192 root      20   0   22564   6012   5264 S   0,0  0,0   0:00.00 tcpdump
25193 root      20   0   22564   6192   5304 S   0,0  0,0   0:00.00 tcpdump
25194 root      20   0   22564   6220   5336 S   0,0  0,0   0:00.00 tcpdump
25113 root      20   0  985304 118368   8912 S   1,0  0,7   0:00.16 ovs-vswitc+
24938 root      10 -10   20924   4940   4188 S   0,0  0,0   0:00.00 ovsdb-serv+
24977 root      10 -10   26456   9860   8912 S   0,0  0,1   0:00.00 ovs-vswitc+
25039 root      20   0   20912   4988   4208 S   0,0  0,0   0:00.00 ovsdb-serv+
25043 root      20   0  985300 118364   8912 S   0,0  0,7   0:00.11 ovs-vswitc+
25109 root      20   0   20912   4888   4108 S   0,0  0,0   0:00.01 ovsdb-serv+
25188 root      20   0   22564   6004   5256 S   0,0  0,0   0:00.00 tcpdump
25189 root      20   0   22564   6048   5300 S   0,0  0,0   0:00.00 tcpdump
25190 root      20   0   22564   6008   5260 S   0,0  0,0   0:00.00 tcpdump
25191 root      20   0   22564   5996   5248 S   0,0  0,0   0:00.00 tcpdump
25192 root      20   0   22564   6012   5264 S   0,0  0,0   0:00.00 tcpdump
25193 root      20   0   22564   6192   5304 S   0,0  0,0   0:00.00 tcpdump
25194 root      20   0   22564   6220   5336 S   0,0  0,0   0:00.00 tcpdump
25043 root      20   0  985300 118364   8912 S   1,0  0,7   0:00.12 ovs-vswitc+
25113 root      20   0  985304 118368   8912 S   1,0  0,7   0:00.17 ovs-vswitc+
24938 root      10 -10   20924   4940   4188 S   0,0  0,0   0:00.00 ovsdb-serv+
24977 root      10 -10   26456   9860   8912 S   0,0  0,1   0:00.00 ovs-vswitc+
25039 root      20   0   20912   4988   4208 S   0,0  0,0   0:00.00 ovsdb-serv+
25109 root      20   0   20912   4888   4108 S   0,0  0,0   0:00.01 ovsdb-serv+
25188 root      20   0   22564   6004   5256 S   0,0  0,0   0:00.00 tcpdump
25189 root      20   0   22564   6048   5300 S   0,0  0,0   0:00.00 tcpdump
25190 root      20   0   22564   6008   5260 S   0,0  0,0   0:00.00 tcpdump
25191 root      20   0   22564   5996   5248 S   0,0  0,0   0:00.00 tcpdump
25192 root      20   0   22564   6012   5264 S   0,0  0,0   0:00.00 tcpdump
25193 root      20   0   22564   6192   5304 S   0,0  0,0   0:00.00 tcpdump
25194 root      20   0   22564   6220   5336 S   0,0  0,0   0:00.00 tcpdump
25039 root      20   0   20912   4988   4208 S   1,0  0,0   0:00.01 ovsdb-serv+
25043 root      20   0  985300 118364   8912 S   1,0  0,7   0:00.13 ovs-vswitc+
25113 root      20   0  985304 118368   8912 S   1,0  0,7   0:00.18 ovs-vswitc+
24938 root      10 -10   20924   4940   4188 S   0,0  0,0   0:00.00 ovsdb-serv+
24977 root      10 -10   26456   9860   8912 S   0,0  0,1   0:00.00 ovs-vswitc+
25109 root      20   0   20912   4888   4108 S   0,0  0,0   0:00.01 ovsdb-serv+
25188 root      20   0   22564   6004   5256 S   0,0  0,0   0:00.00 tcpdump
25189 root      20   0   22564   6048   5300 S   0,0  0,0   0:00.00 tcpdump
25190 root      20   0   22564   6008   5260 S   0,0  0,0   0:00.00 tcpdump
25191 root      20   0   22564   5996   5248 S   0,0  0,0   0:00.00 tcpdump
25192 root      20   0   22564   6012   5264 S   0,0  0,0   0:00.00 tcpdump
25193 root      20   0   22564   6192   5304 S   0,0  0,0   0:00.00 tcpdump
25194 root      20   0   22564   6220   5336 S   0,0  0,0   0:00.00 tcpdump
25113 root      20   0  985304 118368   8912 S   1,0  0,7   0:00.19 ovs-vswitc+
24938 root      10 -10   20924   4940   4188 S   0,0  0,0   0:00.00 ovsdb-serv+
24977 root      10 -10   26456   9860   8912 S   0,0  0,1   0:00.00 ovs-vswitc+
25039 root      20   0   20912   4988   4208 S   0,0  0,0   0:00.01 ovsdb-serv+
25043 root      20   0  985300 118364   8912 S   0,0  0,7   0:00.13 ovs-vswitc+
25109 root      20   0   20912   4888   4108 S   0,0  0,0   0:00.01 ovsdb-serv+
25188 root      20   0   22564   6004   5256 S   0,0  0,0   0:00.00 tcpdump
25189 root      20   0   22564   6048   5300 S   0,0  0,0   0:00.00 tcpdump
25190 root      20   0   22564   6008   5260 S   0,0  0,0   0:00.00 tcpdump
25191 root      20   0   22564   5996   5248 S   0,0  0,0   0:00.00 tcpdump
25192 root      20   0   22564   6012   5264 S   0,0  0,0   0:00.00 tcpdump
25193 root      20   0   22564   6192   5304 S   0,0  0,0   0:00.00 tcpdump
25194 root      20   0   22564   6220   5336 S   0,0  0,0   0:00.00 tcpdump
25043 root      20   0  985300 118364   8912 S   1,0  0,7   0:00.14 ovs-vswitc+
24938 root      10 -10   20924   4940   4188 S   0,0  0,0   0:00.00 ovsdb-serv+
24977 root      10 -10   26456   9860   8912 S   0,0  0,1   0:00.00 ovs-vswitc+
25039 root      20   0   20912   4988   4208 S   0,0  0,0   0:00.01 ovsdb-serv+
25109 root      20   0   20912   4888   4108 S   0,0  0,0   0:00.01 ovsdb-serv+
25113 root      20   0  985304 118368   8912 S   0,0  0,7   0:00.19 ovs-vswitc+
25188 root      20   0   22564   6004   5256 S   0,0  0,0   0:00.00 tcpdump
25189 root      20   0   22564   6048   5300 S   0,0  0,0   0:00.00 tcpdump
25190 root      20   0   22564   6008   5260 S   0,0  0,0   0:00.00 tcpdump
25191 root      20   0   22564   5996   5248 S   0,0  0,0   0:00.00 tcpdump
25192 root      20   0   22564   6012   5264 S   0,0  0,0   0:00.00 tcpdump
25193 root      20   0   22564   6192   5304 S   0,0  0,0   0:00.00 tcpdump
25194 root      20   0   22564   6220   5336 S   0,0  0,0   0:00.00 tcpdump
25113 root      20   0  985416 118548   8912 S   1,0  0,7   0:00.20 ovs-vswitc+
24938 root      10 -10   20924   4940   4188 S   0,0  0,0   0:00.00 ovsdb-serv+
24977 root      10 -10   26456   9860   8912 S   0,0  0,1   0:00.00 ovs-vswitc+
25039 root      20   0   20912   4988   4208 S   0,0  0,0   0:00.01 ovsdb-serv+
25043 root      20   0  985300 118364   8912 S   0,0  0,7   0:00.14 ovs-vswitc+
25109 root      20   0   20912   4888   4108 S   0,0  0,0   0:00.01 ovsdb-serv+
25188 root      20   0   22564   6004   5256 S   0,0  0,0   0:00.00 tcpdump
25189 root      20   0   22564   6048   5300 S   0,0  0,0   0:00.00 tcpdump
25190 root      20   0   22564   6008   5260 S   0,0  0,0   0:00.00 tcpdump
25191 root      20   0   22564   5996   5248 S   0,0  0,0   0:00.00 tcpdump
25192 root      20   0   22564   6012   5264 S   0,0  0,0   0:00.00 tcpdump
25193 root      20   0   22564   6192   5304 S   0,0  0,0   0:00.00 tcpdump
25194 root      20   0   22564   6220   5336 S   0,0  0,0   0:00.00 tcpdump
25043 root      20   0  985400 118532   8912 S   2,0  0,7   0:00.16 ovs-vswitc+
25113 root      20   0  985416 118548   8912 S   1,0  0,7   0:00.21 ovs-vswitc+
24938 root      10 -10   20924   4940   4188 S   0,0  0,0   0:00.00 ovsdb-serv+
24977 root      10 -10   26456   9860   8912 S   0,0  0,1   0:00.00 ovs-vswitc+
25039 root      20   0   20912   4988   4208 S   0,0  0,0   0:00.01 ovsdb-serv+
25109 root      20   0   20912   4888   4108 S   0,0  0,0   0:00.01 ovsdb-serv+
25188 root      20   0   22564   6004   5256 S   0,0  0,0   0:00.00 tcpdump
25189 root      20   0   22564   6048   5300 S   0,0  0,0   0:00.00 tcpdump
25190 root      20   0   22564   6008   5260 S   0,0  0,0   0:00.00 tcpdump
25191 root      20   0   22564   5996   5248 S   0,0  0,0   0:00.00 tcpdump
25192 root      20   0   22564   6012   5264 S   0,0  0,0   0:00.00 tcpdump
25193 root      20   0   22564   6192   5304 S   0,0  0,0   0:00.00 tcpdump
25194 root      20   0   22564   6220   5336 S   0,0  0,0   0:00.00 tcpdump
25043 root      20   0  985400 118532   8912 S   2,0  0,7   0:00.18 ovs-vswitc+
25113 root      20   0  985416 118548   8912 S   1,0  0,7   0:00.22 ovs-vswitc+
24938 root      10 -10   20924   4940   4188 S   0,0  0,0   0:00.00 ovsdb-serv+
24977 root      10 -10   26456   9860   8912 S   0,0  0,1   0:00.00 ovs-vswitc+
25039 root      20   0   20912   4988   4208 S   0,0  0,0   0:00.01 ovsdb-serv+
25109 root      20   0   20912   4888   4108 S   0,0  0,0   0:00.01 ovsdb-serv+
25188 root      20   0   22564   6004   5256 S   0,0  0,0   0:00.00 tcpdump
25189 root      20   0   22564   6048   5300 S   0,0  0,0   0:00.00 tcpdump
25190 root      20   0   22564   6008   5260 S   0,0  0,0   0:00.00 tcpdump
25191 root      20   0   22564   5996   5248 S   0,0  0,0   0:00.00 tcpdump
25192 root      20   0   22564   6012   5264 S   0,0  0,0   0:00.00 tcpdump
25193 root      20   0   22564   6192   5304 S   0,0  0,0   0:00.00 tcpdump
25194 root      20   0   22564   6220   5336 S   0,0  0,0   0:00.00 tcpdump
25043 root      20   0  985400 118532   8912 S   1,0  0,7   0:00.19 ovs-vswitc+
24938 root      10 -10   20924   4940   4188 S   0,0  0,0   0:00.00 ovsdb-serv+
24977 root      10 -10   26456   9860   8912 S   0,0  0,1   0:00.00 ovs-vswitc+
25039 root      20   0   20912   4988   4208 S   0,0  0,0   0:00.01 ovsdb-serv+
25109 root      20   0   20912   4888   4108 S   0,0  0,0   0:00.01 ovsdb-serv+
25113 root      20   0  985416 118548   8912 S   0,0  0,7   0:00.22 ovs-vswitc+
25188 root      20   0   22564   6004   5256 S   0,0  0,0   0:00.00 tcpdump
25189 root      20   0   22564   6048   5300 S   0,0  0,0   0:00.00 tcpdump
25190 root      20   0   22564   6008   5260 S   0,0  0,0   0:00.00 tcpdump
25191 root      20   0   22564   5996   5248 S   0,0  0,0   0:00.00 tcpdump
25192 root      20   0   22564   6012   5264 S   0,0  0,0   0:00.00 tcpdump
25193 root      20   0   22564   6192   5304 S   0,0  0,0   0:00.00 tcpdump
25194 root      20   0   22564   6220   5336 S   0,0  0,0   0:00.00 tcpdump
25113 root      20   0  985416 118548   8912 S   2,0  0,7   0:00.24 ovs-vswitc+
25043 root      20   0  985400 118532   8912 S   1,0  0,7   0:00.20 ovs-vswitc+
24938 root      10 -10   20924   4940   4188 S   0,0  0,0   0:00.00 ovsdb-serv+
24977 root      10 -10   26456   9860   8912 S   0,0  0,1   0:00.00 ovs-vswitc+
25039 root      20   0   20912   4988   4208 S   0,0  0,0   0:00.01 ovsdb-serv+
25109 root      20   0   20912   4888   4108 S   0,0  0,0   0:00.01 ovsdb-serv+
25188 root      20   0   22564   6004   5256 S   0,0  0,0   0:00.00 tcpdump
25189 root      20   0   22564   6048   5300 S   0,0  0,0   0:00.00 tcpdump
25190 root      20   0   22564   6008   5260 S   0,0  0,0   0:00.00 tcpdump
25191 root      20   0   22564   5996   5248 S   0,0  0,0   0:00.00 tcpdump
25192 root      20   0   22564   6012   5264 S   0,0  0,0   0:00.00 tcpdump
25193 root      20   0   22564   6192   5304 S   0,0  0,0   0:00.00 tcpdump
25194 root      20   0   22564   6220   5336 S   0,0  0,0   0:00.00 tcpdump
25043 root      20   0  985400 118532   8912 S   1,0  0,7   0:00.21 ovs-vswitc+
24938 root      10 -10   20924   4940   4188 S   0,0  0,0   0:00.00 ovsdb-serv+
24977 root      10 -10   26456   9860   8912 S   0,0  0,1   0:00.00 ovs-vswitc+
25039 root      20   0   20912   4988   4208 S   0,0  0,0   0:00.01 ovsdb-serv+
25109 root      20   0   20912   4888   4108 S   0,0  0,0   0:00.01 ovsdb-serv+
25113 root      20   0  985416 118548   8912 S   0,0  0,7   0:00.24 ovs-vswitc+
25188 root      20   0   22564   6004   5256 S   0,0  0,0   0:00.00 tcpdump
25189 root      20   0   22564   6048   5300 S   0,0  0,0   0:00.00 tcpdump
25190 root      20   0   22564   6008   5260 S   0,0  0,0   0:00.00 tcpdump
25191 root      20   0   22564   5996   5248 S   0,0  0,0   0:00.00 tcpdump
25192 root      20   0   22564   6012   5264 S   0,0  0,0   0:00.00 tcpdump
25193 root      20   0   22564   6192   5304 S   0,0  0,0   0:00.00 tcpdump
25194 root      20   0   22564   6220   5336 S   0,0  0,0   0:00.00 tcpdump
25113 root      20   0  985416 118548   8912 S   2,0  0,7   0:00.26 ovs-vswitc+
24938 root      10 -10   20924   4940   4188 S   0,0  0,0   0:00.00 ovsdb-serv+
24977 root      10 -10   26456   9860   8912 S   0,0  0,1   0:00.00 ovs-vswitc+
25039 root      20   0   20912   4988   4208 S   0,0  0,0   0:00.01 ovsdb-serv+
25043 root      20   0  985400 118532   8912 S   0,0  0,7   0:00.21 ovs-vswitc+
25109 root      20   0   20912   4888   4108 S   0,0  0,0   0:00.01 ovsdb-serv+
25188 root      20   0   22564   6004   5256 S   0,0  0,0   0:00.00 tcpdump
25189 root      20   0   22564   6048   5300 S   0,0  0,0   0:00.00 tcpdump
25190 root      20   0   22564   6008   5260 S   0,0  0,0   0:00.00 tcpdump
25191 root      20   0   22564   5996   5248 S   0,0  0,0   0:00.00 tcpdump
25192 root      20   0   22564   6012   5264 S   0,0  0,0   0:00.00 tcpdump
25193 root      20   0   22564   6192   5304 S   0,0  0,0   0:00.00 tcpdump
25194 root      20   0   22564   6220   5336 S   0,0  0,0   0:00.00 tcpdump
25043 root      20   0  985400 118532   8912 S   1,0  0,7   0:00.22 ovs-vswitc+
24938 root      10 -10   20924   4940   4188 S   0,0  0,0   0:00.00 ovsdb-serv+
24977 root      10 -10   26456   9860   8912 S   0,0  0,1   0:00.00 ovs-vswitc+
25039 root      20   0   20912   4988   4208 S   0,0  0,0   0:00.01 ovsdb-serv+
25109 root      20   0   20912   4888   4108 S   0,0  0,0   0:00.01 ovsdb-serv+
25113 root      20   0  985416 118548   8912 S   0,0  0,7   0:00.26 ovs-vswitc+
25188 root      20   0   22564   6004   5256 S   0,0  0,0   0:00.00 tcpdump
25189 root      20   0   22564   6048   5300 S   0,0  0,0   0:00.00 tcpdump
25190 root      20   0   22564   6008   5260 S   0,0  0,0   0:00.00 tcpdump
25191 root      20   0   22564   5996   5248 S   0,0  0,0   0:00.00 tcpdump
25192 root      20   0   22564   6012   5264 S   0,0  0,0   0:00.00 tcpdump
25193 root      20   0   22564   6192   5304 S   0,0  0,0   0:00.00 tcpdump
25194 root      20   0   22564   6220   5336 S   0,0  0,0   0:00.00 tcpdump
25043 root      20   0  985400 118532   8912 S   1,0  0,7   0:00.23 ovs-vswitc+
25113 root      20   0  985416 118548   8912 S   1,0  0,7   0:00.27 ovs-vswitc+
24938 root      10 -10   20924   4940   4188 S   0,0  0,0   0:00.00 ovsdb-serv+
24977 root      10 -10   26456   9860   8912 S   0,0  0,1   0:00.00 ovs-vswitc+
25039 root      20   0   20912   4988   4208 S   0,0  0,0   0:00.01 ovsdb-serv+
25109 root      20   0   20912   4888   4108 S   0,0  0,0   0:00.01 ovsdb-serv+
25188 root      20   0   22564   6004   5256 S   0,0  0,0   0:00.00 tcpdump
25189 root      20   0   22564   6048   5300 S   0,0  0,0   0:00.00 tcpdump
25190 root      20   0   22564   6008   5260 S   0,0  0,0   0:00.00 tcpdump
25191 root      20   0   22564   5996   5248 S   0,0  0,0   0:00.00 tcpdump
25192 root      20   0   22564   6012   5264 S   0,0  0,0   0:00.00 tcpdump
25193 root      20   0   22564   6192   5304 S   0,0  0,0   0:00.00 tcpdump
25194 root      20   0   22564   6220   5336 S   0,0  0,0   0:00.00 tcpdump
25043 root      20   0  985400 118532   8912 S   1,0  0,7   0:00.24 ovs-vswitc+
25113 root      20   0  985416 118548   8912 S   1,0  0,7   0:00.28 ovs-vswitc+
24938 root      10 -10   20924   4940   4188 S   0,0  0,0   0:00.00 ovsdb-serv+
24977 root      10 -10   26456   9860   8912 S   0,0  0,1   0:00.00 ovs-vswitc+
25039 root      20   0   20912   4988   4208 S   0,0  0,0   0:00.01 ovsdb-serv+
25109 root      20   0   20912   4888   4108 S   0,0  0,0   0:00.01 ovsdb-serv+
25188 root      20   0   22564   6004   5256 S   0,0  0,0   0:00.00 tcpdump
25189 root      20   0   22564   6048   5300 S   0,0  0,0   0:00.00 tcpdump
25190 root      20   0   22564   6008   5260 S   0,0  0,0   0:00.00 tcpdump
25191 root      20   0   22564   5996   5248 S   0,0  0,0   0:00.00 tcpdump
25192 root      20   0   22564   6012   5264 S   0,0  0,0   0:00.00 tcpdump
25193 root      20   0   22564   6192   5304 S   0,0  0,0   0:00.00 tcpdump
25194 root      20   0   22564   6220   5336 S   0,0  0,0   0:00.00 tcpdump
25043 root      20   0  985400 118532   8912 S   1,0  0,7   0:00.25 ovs-vswitc+
25113 root      20   0  985416 118548   8912 S   1,0  0,7   0:00.29 ovs-vswitc+
24938 root      10 -10   20924   4940   4188 S   0,0  0,0   0:00.00 ovsdb-serv+
24977 root      10 -10   26456   9860   8912 S   0,0  0,1   0:00.00 ovs-vswitc+
25039 root      20   0   20912   4988   4208 S   0,0  0,0   0:00.01 ovsdb-serv+
25109 root      20   0   20912   4888   4108 S   0,0  0,0   0:00.01 ovsdb-serv+
25188 root      20   0   22564   6004   5256 S   0,0  0,0   0:00.00 tcpdump
25189 root      20   0   22564   6048   5300 S   0,0  0,0   0:00.00 tcpdump
25190 root      20   0   22564   6008   5260 S   0,0  0,0   0:00.00 tcpdump
25191 root      20   0   22564   5996   5248 S   0,0  0,0   0:00.00 tcpdump
25192 root      20   0   22564   6012   5264 S   0,0  0,0   0:00.00 tcpdump
25193 root      20   0   22564   6192   5304 S   0,0  0,0   0:00.00 tcpdump
25194 root      20   0   22564   6220   5336 S   0,0  0,0   0:00.00 tcpdump
25043 root      20   0  985400 118532   8912 S   1,0  0,7   0:00.26 ovs-vswitc+
24938 root      10 -10   20924   4940   4188 S   0,0  0,0   0:00.00 ovsdb-serv+
24977 root      10 -10   26456   9860   8912 S   0,0  0,1   0:00.00 ovs-vswitc+
25039 root      20   0   20912   4988   4208 S   0,0  0,0   0:00.01 ovsdb-serv+
25109 root      20   0   20912   4888   4108 S   0,0  0,0   0:00.01 ovsdb-serv+
25113 root      20   0  985416 118548   8912 S   0,0  0,7   0:00.29 ovs-vswitc+
25188 root      20   0   22564   6004   5256 S   0,0  0,0   0:00.00 tcpdump
25189 root      20   0   22564   6048   5300 S   0,0  0,0   0:00.00 tcpdump
25190 root      20   0   22564   6008   5260 S   0,0  0,0   0:00.00 tcpdump
25191 root      20   0   22564   5996   5248 S   0,0  0,0   0:00.00 tcpdump
25192 root      20   0   22564   6012   5264 S   0,0  0,0   0:00.00 tcpdump
25193 root      20   0   22564   6192   5304 S   0,0  0,0   0:00.00 tcpdump
25194 root      20   0   22564   6220   5336 S   0,0  0,0   0:00.00 tcpdump
25043 root      20   0  985400 118532   8912 S   1,0  0,7   0:00.27 ovs-vswitc+
25113 root      20   0  985416 118548   8912 S   1,0  0,7   0:00.30 ovs-vswitc+
24938 root      10 -10   20924   4940   4188 S   0,0  0,0   0:00.00 ovsdb-serv+
24977 root      10 -10   26456   9860   8912 S   0,0  0,1   0:00.00 ovs-vswitc+
25039 root      20   0   20912   4988   4208 S   0,0  0,0   0:00.01 ovsdb-serv+
25109 root      20   0   20912   4888   4108 S   0,0  0,0   0:00.01 ovsdb-serv+
25188 root      20   0   22564   6004   5256 S   0,0  0,0   0:00.00 tcpdump
25189 root      20   0   22564   6048   5300 S   0,0  0,0   0:00.00 tcpdump
25190 root      20   0   22564   6008   5260 S   0,0  0,0   0:00.00 tcpdump
25191 root      20   0   22564   5996   5248 S   0,0  0,0   0:00.00 tcpdump
25192 root      20   0   22564   6012   5264 S   0,0  0,0   0:00.00 tcpdump
25193 root      20   0   22564   6192   5304 S   0,0  0,0   0:00.00 tcpdump
25194 root      20   0   22564   6220   5336 S   0,0  0,0   0:00.00 tcpdump
25043 root      20   0  985400 118532   8912 S   1,0  0,7   0:00.28 ovs-vswitc+
25113 root      20   0  985416 118548   8912 S   1,0  0,7   0:00.31 ovs-vswitc+
24938 root      10 -10   20924   4940   4188 S   0,0  0,0   0:00.00 ovsdb-serv+
24977 root      10 -10   26456   9860   8912 S   0,0  0,1   0:00.00 ovs-vswitc+
25039 root      20   0   20912   4988   4208 S   0,0  0,0   0:00.01 ovsdb-serv+
25109 root      20   0   20912   4888   4108 S   0,0  0,0   0:00.01 ovsdb-serv+
25188 root      20   0   22564   6004   5256 S   0,0  0,0   0:00.00 tcpdump
25189 root      20   0   22564   6048   5300 S   0,0  0,0   0:00.00 tcpdump
25190 root      20   0   22564   6008   5260 S   0,0  0,0   0:00.00 tcpdump
25191 root      20   0   22564   5996   5248 S   0,0  0,0   0:00.00 tcpdump
25192 root      20   0   22564   6012   5264 S   0,0  0,0   0:00.00 tcpdump
25193 root      20   0   22564   6192   5304 S   0,0  0,0   0:00.00 tcpdump
25194 root      20   0   22564   6220   5336 S   0,0  0,0   0:00.00 tcpdump
25043 root      20   0  985400 118532   8912 S   1,0  0,7   0:00.29 ovs-vswitc+
25113 root      20   0  985416 118548   8912 S   1,0  0,7   0:00.32 ovs-vswitc+
24938 root      10 -10   20924   4940   4188 S   0,0  0,0   0:00.00 ovsdb-serv+
24977 root      10 -10   26456   9860   8912 S   0,0  0,1   0:00.00 ovs-vswitc+
25039 root      20   0   20912   4988   4208 S   0,0  0,0   0:00.01 ovsdb-serv+
25109 root      20   0   20912   4888   4108 S   0,0  0,0   0:00.01 ovsdb-serv+
25188 root      20   0   22564   6004   5256 S   0,0  0,0   0:00.00 tcpdump
25189 root      20   0   22564   6048   5300 S   0,0  0,0   0:00.00 tcpdump
25190 root      20   0   22564   6008   5260 S   0,0  0,0   0:00.00 tcpdump
25191 root      20   0   22564   5996   5248 S   0,0  0,0   0:00.00 tcpdump
25192 root      20   0   22564   6012   5264 S   0,0  0,0   0:00.00 tcpdump
25193 root      20   0   22564   6192   5304 S   0,0  0,0   0:00.00 tcpdump
25194 root      20   0   22564   6220   5336 S   0,0  0,0   0:00.00 tcpdump
25043 root      20   0  985400 122752   8912 R  22,8  0,8   0:00.52 ovs-vswitc+
25113 root      20   0  985416 119600   8912 S   8,9  0,7   0:00.41 ovs-vswitc+
24938 root      10 -10   20924   4940   4188 S   0,0  0,0   0:00.00 ovsdb-serv+
24977 root      10 -10   26456   9860   8912 S   0,0  0,1   0:00.00 ovs-vswitc+
25039 root      20   0   20912   4988   4208 S   0,0  0,0   0:00.01 ovsdb-serv+
25109 root      20   0   20912   4888   4108 S   0,0  0,0   0:00.01 ovsdb-serv+
25188 root      20   0   22564   6004   5256 S   0,0  0,0   0:00.00 tcpdump
25189 root      20   0   22564   6048   5300 S   0,0  0,0   0:00.00 tcpdump
25190 root      20   0   22564   6008   5260 S   0,0  0,0   0:00.00 tcpdump
25191 root      20   0   22564   5996   5248 S   0,0  0,0   0:00.00 tcpdump
25192 root      20   0   22564   6012   5264 S   0,0  0,0   0:00.00 tcpdump
25193 root      20   0   22564   6192   5304 S   0,0  0,0   0:00.00 tcpdump
25194 root      20   0   22564   6220   5336 S   0,0  0,0   0:00.00 tcpdump
25043 root      20   0  985400 138328   8912 S 152,0  0,8   0:02.07 ovs-vswitc+
25113 root      20   0  985416 131740   8912 S  71,6  0,8   0:01.14 ovs-vswitc+
25192 root      20   0   22564   6012   5264 S   1,0  0,0   0:00.01 tcpdump
24938 root      10 -10   20924   4940   4188 S   0,0  0,0   0:00.00 ovsdb-serv+
24977 root      10 -10   26456   9860   8912 S   0,0  0,1   0:00.00 ovs-vswitc+
25039 root      20   0   20912   4988   4208 S   0,0  0,0   0:00.01 ovsdb-serv+
25109 root      20   0   20912   4888   4108 S   0,0  0,0   0:00.01 ovsdb-serv+
25188 root      20   0   22564   6004   5256 S   0,0  0,0   0:00.00 tcpdump
25189 root      20   0   22564   6048   5300 S   0,0  0,0   0:00.00 tcpdump
25190 root      20   0   22564   6008   5260 S   0,0  0,0   0:00.00 tcpdump
25191 root      20   0   22564   5996   5248 S   0,0  0,0   0:00.00 tcpdump
25193 root      20   0   22564   6192   5304 S   0,0  0,0   0:00.00 tcpdump
25194 root      20   0   22564   6220   5336 S   0,0  0,0   0:00.00 tcpdump
25113 root      20   0  985416 131740   8912 S   5,0  0,8   0:01.19 ovs-vswitc+
25043 root      20   0  985400 138328   8912 S   1,0  0,8   0:02.08 ovs-vswitc+
24938 root      10 -10   20924   4940   4188 S   0,0  0,0   0:00.00 ovsdb-serv+
24977 root      10 -10   26456   9860   8912 S   0,0  0,1   0:00.00 ovs-vswitc+
25039 root      20   0   20912   4988   4208 S   0,0  0,0   0:00.01 ovsdb-serv+
25109 root      20   0   20912   4888   4108 S   0,0  0,0   0:00.01 ovsdb-serv+
25188 root      20   0   22564   6004   5256 S   0,0  0,0   0:00.00 tcpdump
25189 root      20   0   22564   6048   5300 S   0,0  0,0   0:00.00 tcpdump
25190 root      20   0   22564   6008   5260 S   0,0  0,0   0:00.00 tcpdump
25191 root      20   0   22564   5996   5248 S   0,0  0,0   0:00.00 tcpdump
25192 root      20   0   22564   6012   5264 S   0,0  0,0   0:00.01 tcpdump
25193 root      20   0   22564   6192   5304 S   0,0  0,0   0:00.00 tcpdump
25194 root      20   0   22564   6220   5336 S   0,0  0,0   0:00.00 tcpdump
25113 root      20   0  985416 131740   8912 S   3,0  0,8   0:01.22 ovs-vswitc+
25043 root      20   0  985400 138328   8912 S   1,0  0,8   0:02.09 ovs-vswitc+
24938 root      10 -10   20924   4940   4188 S   0,0  0,0   0:00.00 ovsdb-serv+
24977 root      10 -10   26456   9860   8912 S   0,0  0,1   0:00.00 ovs-vswitc+
25039 root      20   0   20912   4988   4208 S   0,0  0,0   0:00.01 ovsdb-serv+
25109 root      20   0   20912   4888   4108 S   0,0  0,0   0:00.01 ovsdb-serv+
25188 root      20   0   22564   6004   5256 S   0,0  0,0   0:00.00 tcpdump
25189 root      20   0   22564   6048   5300 S   0,0  0,0   0:00.00 tcpdump
25190 root      20   0   22564   6008   5260 S   0,0  0,0   0:00.00 tcpdump
25191 root      20   0   22564   5996   5248 S   0,0  0,0   0:00.00 tcpdump
25192 root      20   0   22564   6012   5264 S   0,0  0,0   0:00.01 tcpdump
25193 root      20   0   22564   6192   5304 S   0,0  0,0   0:00.00 tcpdump
25194 root      20   0   22564   6220   5336 S   0,0  0,0   0:00.00 tcpdump
25113 root      20   0  985416 131740   8912 S   3,9  0,8   0:01.26 ovs-vswitc+
25043 root      20   0  985400 138328   8912 S   1,0  0,8   0:02.10 ovs-vswitc+
24938 root      10 -10   20924   4940   4188 S   0,0  0,0   0:00.00 ovsdb-serv+
24977 root      10 -10   26456   9860   8912 S   0,0  0,1   0:00.00 ovs-vswitc+
25039 root      20   0   20912   4988   4208 S   0,0  0,0   0:00.01 ovsdb-serv+
25109 root      20   0   20912   4888   4108 S   0,0  0,0   0:00.01 ovsdb-serv+
25188 root      20   0   22564   6004   5256 S   0,0  0,0   0:00.00 tcpdump
25189 root      20   0   22564   6048   5300 S   0,0  0,0   0:00.00 tcpdump
25190 root      20   0   22564   6008   5260 S   0,0  0,0   0:00.00 tcpdump
25191 root      20   0   22564   5996   5248 S   0,0  0,0   0:00.00 tcpdump
25192 root      20   0   22564   6012   5264 S   0,0  0,0   0:00.01 tcpdump
25193 root      20   0   22564   6192   5304 S   0,0  0,0   0:00.00 tcpdump
25194 root      20   0   22564   6220   5336 S   0,0  0,0   0:00.00 tcpdump
25113 root      20   0  985416 131740   8912 S   5,0  0,8   0:01.31 ovs-vswitc+
25043 root      20   0  985400 138328   8912 S   1,0  0,8   0:02.11 ovs-vswitc+
24938 root      10 -10   20924   4940   4188 S   0,0  0,0   0:00.00 ovsdb-serv+
24977 root      10 -10   26456   9860   8912 S   0,0  0,1   0:00.00 ovs-vswitc+
25039 root      20   0   20912   4988   4208 S   0,0  0,0   0:00.01 ovsdb-serv+
25109 root      20   0   20912   4888   4108 S   0,0  0,0   0:00.01 ovsdb-serv+
25188 root      20   0   22564   6004   5256 S   0,0  0,0   0:00.00 tcpdump
25189 root      20   0   22564   6048   5300 S   0,0  0,0   0:00.00 tcpdump
25190 root      20   0   22564   6008   5260 S   0,0  0,0   0:00.00 tcpdump
25191 root      20   0   22564   5996   5248 S   0,0  0,0   0:00.00 tcpdump
25192 root      20   0   22564   6012   5264 S   0,0  0,0   0:00.01 tcpdump
25193 root      20   0   22564   6192   5304 S   0,0  0,0   0:00.00 tcpdump
25194 root      20   0   22564   6220   5336 S   0,0  0,0   0:00.00 tcpdump
25113 root      20   0  985416 131740   8912 S   5,0  0,8   0:01.36 ovs-vswitc+
25043 root      20   0  985436 138364   8912 S   1,0  0,8   0:02.12 ovs-vswitc+
24938 root      10 -10   20924   4940   4188 S   0,0  0,0   0:00.00 ovsdb-serv+
24977 root      10 -10   26456   9860   8912 S   0,0  0,1   0:00.00 ovs-vswitc+
25039 root      20   0   20912   4988   4208 S   0,0  0,0   0:00.01 ovsdb-serv+
25109 root      20   0   20912   4888   4108 S   0,0  0,0   0:00.01 ovsdb-serv+
25188 root      20   0   22564   6004   5256 S   0,0  0,0   0:00.00 tcpdump
25189 root      20   0   22564   6048   5300 S   0,0  0,0   0:00.00 tcpdump
25190 root      20   0   22564   6008   5260 S   0,0  0,0   0:00.00 tcpdump
25191 root      20   0   22564   5996   5248 S   0,0  0,0   0:00.00 tcpdump
25192 root      20   0   22564   6012   5264 S   0,0  0,0   0:00.01 tcpdump
25193 root      20   0   22564   6192   5304 S   0,0  0,0   0:00.00 tcpdump
25194 root      20   0   22564   6220   5336 S   0,0  0,0   0:00.00 tcpdump
25113 root      20   0  985416 131740   8912 S   3,9  0,8   0:01.40 ovs-vswitc+
25043 root      20   0  985436 138364   8912 S   1,0  0,8   0:02.13 ovs-vswitc+
25109 root      20   0   20912   4888   4108 S   1,0  0,0   0:00.02 ovsdb-serv+
24938 root      10 -10   20924   4940   4188 S   0,0  0,0   0:00.00 ovsdb-serv+
24977 root      10 -10   26456   9860   8912 S   0,0  0,1   0:00.00 ovs-vswitc+
25039 root      20   0   20912   4988   4208 S   0,0  0,0   0:00.01 ovsdb-serv+
25188 root      20   0   22564   6004   5256 S   0,0  0,0   0:00.00 tcpdump
25189 root      20   0   22564   6048   5300 S   0,0  0,0   0:00.00 tcpdump
25190 root      20   0   22564   6008   5260 S   0,0  0,0   0:00.00 tcpdump
25191 root      20   0   22564   5996   5248 S   0,0  0,0   0:00.00 tcpdump
25192 root      20   0   22564   6012   5264 S   0,0  0,0   0:00.01 tcpdump
25193 root      20   0   22564   6192   5304 S   0,0  0,0   0:00.00 tcpdump
25194 root      20   0   22564   6220   5336 S   0,0  0,0   0:00.00 tcpdump
25113 root      20   0  985416 131740   8912 S   4,0  0,8   0:01.44 ovs-vswitc+
25043 root      20   0  985436 138364   8912 S   1,0  0,8   0:02.14 ovs-vswitc+
24938 root      10 -10   20924   4940   4188 S   0,0  0,0   0:00.00 ovsdb-serv+
24977 root      10 -10   26456   9860   8912 S   0,0  0,1   0:00.00 ovs-vswitc+
25039 root      20   0   20912   4988   4208 S   0,0  0,0   0:00.01 ovsdb-serv+
25109 root      20   0   20912   4888   4108 S   0,0  0,0   0:00.02 ovsdb-serv+
25188 root      20   0   22564   6004   5256 S   0,0  0,0   0:00.00 tcpdump
25189 root      20   0   22564   6048   5300 S   0,0  0,0   0:00.00 tcpdump
25190 root      20   0   22564   6008   5260 S   0,0  0,0   0:00.00 tcpdump
25191 root      20   0   22564   5996   5248 S   0,0  0,0   0:00.00 tcpdump
25192 root      20   0   22564   6012   5264 S   0,0  0,0   0:00.01 tcpdump
25193 root      20   0   22564   6192   5304 S   0,0  0,0   0:00.00 tcpdump
25194 root      20   0   22564   6220   5336 S   0,0  0,0   0:00.00 tcpdump
25113 root      20   0  985416 131740   8912 S   3,9  0,8   0:01.48 ovs-vswitc+
25043 root      20   0  985436 138364   8912 S   1,0  0,8   0:02.15 ovs-vswitc+
24938 root      10 -10   20924   4940   4188 S   0,0  0,0   0:00.00 ovsdb-serv+
24977 root      10 -10   26456   9860   8912 S   0,0  0,1   0:00.00 ovs-vswitc+
25039 root      20   0   20912   4988   4208 S   0,0  0,0   0:00.01 ovsdb-serv+
25109 root      20   0   20912   4888   4108 S   0,0  0,0   0:00.02 ovsdb-serv+
25188 root      20   0   22564   6004   5256 S   0,0  0,0   0:00.00 tcpdump
25189 root      20   0   22564   6048   5300 S   0,0  0,0   0:00.00 tcpdump
25190 root      20   0   22564   6008   5260 S   0,0  0,0   0:00.00 tcpdump
25191 root      20   0   22564   5996   5248 S   0,0  0,0   0:00.00 tcpdump
25192 root      20   0   22564   6012   5264 S   0,0  0,0   0:00.01 tcpdump
25193 root      20   0   22564   6192   5304 S   0,0  0,0   0:00.00 tcpdump
25194 root      20   0   22564   6220   5336 S   0,0  0,0   0:00.00 tcpdump
25113 root      20   0  985452 131776   8912 S   4,0  0,8   0:01.52 ovs-vswitc+
25043 root      20   0  985436 138364   8912 S   1,0  0,8   0:02.16 ovs-vswitc+
24938 root      10 -10   20924   4940   4188 S   0,0  0,0   0:00.00 ovsdb-serv+
24977 root      10 -10   26456   9860   8912 S   0,0  0,1   0:00.00 ovs-vswitc+
25039 root      20   0   20912   4988   4208 S   0,0  0,0   0:00.01 ovsdb-serv+
25109 root      20   0   20912   4888   4108 S   0,0  0,0   0:00.02 ovsdb-serv+
25188 root      20   0   22564   6004   5256 S   0,0  0,0   0:00.00 tcpdump
25189 root      20   0   22564   6048   5300 S   0,0  0,0   0:00.00 tcpdump
25190 root      20   0   22564   6008   5260 S   0,0  0,0   0:00.00 tcpdump
25191 root      20   0   22564   5996   5248 S   0,0  0,0   0:00.00 tcpdump
25192 root      20   0   22564   6012   5264 S   0,0  0,0   0:00.01 tcpdump
25193 root      20   0   22564   6192   5304 S   0,0  0,0   0:00.00 tcpdump
25194 root      20   0   22564   6220   5336 S   0,0  0,0   0:00.00 tcpdump
25113 root      20   0  985452 131776   8912 S   5,0  0,8   0:01.57 ovs-vswitc+
24938 root      10 -10   20924   4940   4188 S   0,0  0,0   0:00.00 ovsdb-serv+
24977 root      10 -10   26456   9860   8912 S   0,0  0,1   0:00.00 ovs-vswitc+
25039 root      20   0   20912   4988   4208 S   0,0  0,0   0:00.01 ovsdb-serv+
25043 root      20   0  985436 138364   8912 S   0,0  0,8   0:02.16 ovs-vswitc+
25109 root      20   0   20912   4888   4108 S   0,0  0,0   0:00.02 ovsdb-serv+
25188 root      20   0   22564   6004   5256 S   0,0  0,0   0:00.00 tcpdump
25189 root      20   0   22564   6048   5300 S   0,0  0,0   0:00.00 tcpdump
25190 root      20   0   22564   6008   5260 S   0,0  0,0   0:00.00 tcpdump
25191 root      20   0   22564   5996   5248 S   0,0  0,0   0:00.00 tcpdump
25192 root      20   0   22564   6012   5264 S   0,0  0,0   0:00.01 tcpdump
25193 root      20   0   22564   6192   5304 S   0,0  0,0   0:00.00 tcpdump
25194 root      20   0   22564   6220   5336 S   0,0  0,0   0:00.00 tcpdump
25043 root      20   0  985436 138364   8912 S   2,0  0,8   0:02.18 ovs-vswitc+
25113 root      20   0  985452 131776   8912 S   1,0  0,8   0:01.58 ovs-vswitc+
24938 root      10 -10   20924   4940   4188 S   0,0  0,0   0:00.00 ovsdb-serv+
24977 root      10 -10   26456   9860   8912 S   0,0  0,1   0:00.00 ovs-vswitc+
25039 root      20   0   20912   4988   4208 S   0,0  0,0   0:00.01 ovsdb-serv+
25109 root      20   0   20912   4888   4108 S   0,0  0,0   0:00.02 ovsdb-serv+
25188 root      20   0   22564   6004   5256 S   0,0  0,0   0:00.00 tcpdump
25189 root      20   0   22564   6048   5300 S   0,0  0,0   0:00.00 tcpdump
25190 root      20   0   22564   6008   5260 S   0,0  0,0   0:00.00 tcpdump
25191 root      20   0   22564   5996   5248 S   0,0  0,0   0:00.00 tcpdump
25192 root      20   0   22564   6012   5264 S   0,0  0,0   0:00.01 tcpdump
25193 root      20   0   22564   6192   5304 S   0,0  0,0   0:00.00 tcpdump
25194 root      20   0   22564   6220   5336 S   0,0  0,0   0:00.00 tcpdump
25113 root      20   0  985452 131776   8912 S   1,0  0,8   0:01.59 ovs-vswitc+
24938 root      10 -10   20924   4940   4188 S   0,0  0,0   0:00.00 ovsdb-serv+
24977 root      10 -10   26456   9860   8912 S   0,0  0,1   0:00.00 ovs-vswitc+
25039 root      20   0   20912   4988   4208 S   0,0  0,0   0:00.01 ovsdb-serv+
25043 root      20   0  985436 138364   8912 S   0,0  0,8   0:02.18 ovs-vswitc+
25109 root      20   0   20912   4888   4108 S   0,0  0,0   0:00.02 ovsdb-serv+
25188 root      20   0   22564   6004   5256 S   0,0  0,0   0:00.00 tcpdump
25189 root      20   0   22564   6048   5300 S   0,0  0,0   0:00.00 tcpdump
25190 root      20   0   22564   6008   5260 S   0,0  0,0   0:00.00 tcpdump
25191 root      20   0   22564   5996   5248 S   0,0  0,0   0:00.00 tcpdump
25192 root      20   0   22564   6012   5264 S   0,0  0,0   0:00.01 tcpdump
25193 root      20   0   22564   6192   5304 S   0,0  0,0   0:00.00 tcpdump
25194 root      20   0   22564   6220   5336 S   0,0  0,0   0:00.00 tcpdump
25043 root      20   0  985436 138364   8912 S   2,0  0,8   0:02.20 ovs-vswitc+
25113 root      20   0  985452 131776   8912 S   1,0  0,8   0:01.60 ovs-vswitc+
24938 root      10 -10   20924   4940   4188 S   0,0  0,0   0:00.00 ovsdb-serv+
24977 root      10 -10   26456   9860   8912 S   0,0  0,1   0:00.00 ovs-vswitc+
25039 root      20   0   20912   4988   4208 S   0,0  0,0   0:00.01 ovsdb-serv+
25109 root      20   0   20912   4888   4108 S   0,0  0,0   0:00.02 ovsdb-serv+
25188 root      20   0   22564   6004   5256 S   0,0  0,0   0:00.00 tcpdump
25189 root      20   0   22564   6048   5300 S   0,0  0,0   0:00.00 tcpdump
25190 root      20   0   22564   6008   5260 S   0,0  0,0   0:00.00 tcpdump
25191 root      20   0   22564   5996   5248 S   0,0  0,0   0:00.00 tcpdump
25192 root      20   0   22564   6012   5264 S   0,0  0,0   0:00.01 tcpdump
25193 root      20   0   22564   6192   5304 S   0,0  0,0   0:00.00 tcpdump
25194 root      20   0   22564   6220   5336 S   0,0  0,0   0:00.00 tcpdump
25113 root      20   0  985452 131776   8912 S   1,0  0,8   0:01.61 ovs-vswitc+
24938 root      10 -10   20924   4940   4188 S   0,0  0,0   0:00.00 ovsdb-serv+
24977 root      10 -10   26456   9860   8912 S   0,0  0,1   0:00.00 ovs-vswitc+
25039 root      20   0   20912   4988   4208 S   0,0  0,0   0:00.01 ovsdb-serv+
25043 root      20   0  985436 138364   8912 S   0,0  0,8   0:02.20 ovs-vswitc+
25109 root      20   0   20912   4888   4108 S   0,0  0,0   0:00.02 ovsdb-serv+
25188 root      20   0   22564   6004   5256 S   0,0  0,0   0:00.00 tcpdump
25189 root      20   0   22564   6048   5300 S   0,0  0,0   0:00.00 tcpdump
25190 root      20   0   22564   6008   5260 S   0,0  0,0   0:00.00 tcpdump
25191 root      20   0   22564   5996   5248 S   0,0  0,0   0:00.00 tcpdump
25192 root      20   0   22564   6012   5264 S   0,0  0,0   0:00.01 tcpdump
25193 root      20   0   22564   6192   5304 S   0,0  0,0   0:00.00 tcpdump
25194 root      20   0   22564   6220   5336 S   0,0  0,0   0:00.00 tcpdump
24938 root      10 -10   20924   4940   4188 S   0,0  0,0   0:00.00 ovsdb-serv+
24977 root      10 -10   26456   9860   8912 S   0,0  0,1   0:00.00 ovs-vswitc+
25039 root      20   0   20912   4988   4208 S   0,0  0,0   0:00.01 ovsdb-serv+
25043 root      20   0  985436 138364   8912 S   0,0  0,8   0:02.20 ovs-vswitc+
25109 root      20   0   20912   4888   4108 S   0,0  0,0   0:00.02 ovsdb-serv+
25113 root      20   0  985452 131776   8912 S   0,0  0,8   0:01.61 ovs-vswitc+
25188 root      20   0   22564   6004   5256 S   0,0  0,0   0:00.00 tcpdump
25189 root      20   0   22564   6048   5300 S   0,0  0,0   0:00.00 tcpdump
25190 root      20   0   22564   6008   5260 S   0,0  0,0   0:00.00 tcpdump
25191 root      20   0   22564   5996   5248 S   0,0  0,0   0:00.00 tcpdump
25192 root      20   0   22564   6012   5264 S   0,0  0,0   0:00.01 tcpdump
25193 root      20   0   22564   6192   5304 S   0,0  0,0   0:00.00 tcpdump
25194 root      20   0   22564   6220   5336 S   0,0  0,0   0:00.00 tcpdump
25113 root      20   0  985452 131776   8912 S   2,0  0,8   0:01.63 ovs-vswitc+
25043 root      20   0  985436 138364   8912 S   1,0  0,8   0:02.21 ovs-vswitc+
24938 root      10 -10   20924   4940   4188 S   0,0  0,0   0:00.00 ovsdb-serv+
24977 root      10 -10   26456   9860   8912 S   0,0  0,1   0:00.00 ovs-vswitc+
25039 root      20   0   20912   4988   4208 S   0,0  0,0   0:00.01 ovsdb-serv+
25109 root      20   0   20912   4888   4108 S   0,0  0,0   0:00.02 ovsdb-serv+
25188 root      20   0   22564   6004   5256 S   0,0  0,0   0:00.00 tcpdump
25189 root      20   0   22564   6048   5300 S   0,0  0,0   0:00.00 tcpdump
25190 root      20   0   22564   6008   5260 S   0,0  0,0   0:00.00 tcpdump
25191 root      20   0   22564   5996   5248 S   0,0  0,0   0:00.00 tcpdump
25192 root      20   0   22564   6012   5264 S   0,0  0,0   0:00.01 tcpdump
25193 root      20   0   22564   6192   5304 S   0,0  0,0   0:00.00 tcpdump
25194 root      20   0   22564   6220   5336 S   0,0  0,0   0:00.00 tcpdump
25043 root      20   0  985436 138364   8912 S   1,0  0,8   0:02.22 ovs-vswitc+
24938 root      10 -10   20924   4940   4188 S   0,0  0,0   0:00.00 ovsdb-serv+
24977 root      10 -10   26456   9860   8912 S   0,0  0,1   0:00.00 ovs-vswitc+
25039 root      20   0   20912   4988   4208 S   0,0  0,0   0:00.01 ovsdb-serv+
25109 root      20   0   20912   4888   4108 S   0,0  0,0   0:00.02 ovsdb-serv+
25113 root      20   0  985452 131776   8912 S   0,0  0,8   0:01.63 ovs-vswitc+
25188 root      20   0   22564   6004   5256 S   0,0  0,0   0:00.00 tcpdump
25189 root      20   0   22564   6048   5300 S   0,0  0,0   0:00.00 tcpdump
25190 root      20   0   22564   6008   5260 S   0,0  0,0   0:00.00 tcpdump
25191 root      20   0   22564   5996   5248 S   0,0  0,0   0:00.00 tcpdump
25192 root      20   0   22564   6012   5264 S   0,0  0,0   0:00.01 tcpdump
25193 root      20   0   22564   6192   5304 S   0,0  0,0   0:00.00 tcpdump
25194 root      20   0   22564   6220   5336 S   0,0  0,0   0:00.00 tcpdump
24938 root      10 -10   20924   4940   4188 S   1,0  0,0   0:00.01 ovsdb-serv+
25043 root      20   0  985436 138364   8912 S   1,0  0,8   0:02.23 ovs-vswitc+
25113 root      20   0  985452 131776   8912 S   1,0  0,8   0:01.64 ovs-vswitc+
24977 root      10 -10   26456   9860   8912 S   0,0  0,1   0:00.00 ovs-vswitc+
25039 root      20   0   20912   4988   4208 S   0,0  0,0   0:00.01 ovsdb-serv+
25109 root      20   0   20912   4888   4108 S   0,0  0,0   0:00.02 ovsdb-serv+
25188 root      20   0   22564   6004   5256 S   0,0  0,0   0:00.00 tcpdump
25189 root      20   0   22564   6048   5300 S   0,0  0,0   0:00.00 tcpdump
25190 root      20   0   22564   6008   5260 S   0,0  0,0   0:00.00 tcpdump
25191 root      20   0   22564   5996   5248 S   0,0  0,0   0:00.00 tcpdump
25192 root      20   0   22564   6012   5264 S   0,0  0,0   0:00.01 tcpdump
25193 root      20   0   22564   6192   5304 S   0,0  0,0   0:00.00 tcpdump
25194 root      20   0   22564   6220   5336 S   0,0  0,0   0:00.00 tcpdump
25043 root      20   0  985436 138364   8912 S   1,0  0,8   0:02.24 ovs-vswitc+
25113 root      20   0  985452 131776   8912 S   1,0  0,8   0:01.65 ovs-vswitc+
24938 root      10 -10   20924   4940   4188 S   0,0  0,0   0:00.01 ovsdb-serv+
24977 root      10 -10   26456   9860   8912 S   0,0  0,1   0:00.00 ovs-vswitc+
25039 root      20   0   20912   4988   4208 S   0,0  0,0   0:00.01 ovsdb-serv+
25109 root      20   0   20912   4888   4108 S   0,0  0,0   0:00.02 ovsdb-serv+
25188 root      20   0   22564   6004   5256 S   0,0  0,0   0:00.00 tcpdump
25189 root      20   0   22564   6048   5300 S   0,0  0,0   0:00.00 tcpdump
25190 root      20   0   22564   6008   5260 S   0,0  0,0   0:00.00 tcpdump
25191 root      20   0   22564   5996   5248 S   0,0  0,0   0:00.00 tcpdump
25192 root      20   0   22564   6012   5264 S   0,0  0,0   0:00.01 tcpdump
25193 root      20   0   22564   6192   5304 S   0,0  0,0   0:00.00 tcpdump
25194 root      20   0   22564   6220   5336 S   0,0  0,0   0:00.00 tcpdump
25043 root      20   0  985436 138364   8912 S   2,0  0,8   0:02.26 ovs-vswitc+
25113 root      20   0  985452 131776   8912 S   1,0  0,8   0:01.66 ovs-vswitc+
24938 root      10 -10   20924   4940   4188 S   0,0  0,0   0:00.01 ovsdb-serv+
24977 root      10 -10   26456   9860   8912 S   0,0  0,1   0:00.00 ovs-vswitc+
25039 root      20   0   20912   4988   4208 S   0,0  0,0   0:00.01 ovsdb-serv+
25109 root      20   0   20912   4888   4108 S   0,0  0,0   0:00.02 ovsdb-serv+
25188 root      20   0   22564   6004   5256 S   0,0  0,0   0:00.00 tcpdump
25189 root      20   0   22564   6048   5300 S   0,0  0,0   0:00.00 tcpdump
25190 root      20   0   22564   6008   5260 S   0,0  0,0   0:00.00 tcpdump
25191 root      20   0   22564   5996   5248 S   0,0  0,0   0:00.00 tcpdump
25192 root      20   0   22564   6012   5264 S   0,0  0,0   0:00.01 tcpdump
25193 root      20   0   22564   6192   5304 S   0,0  0,0   0:00.00 tcpdump
25194 root      20   0   22564   6220   5336 S   0,0  0,0   0:00.00 tcpdump
25113 root      20   0  985452 131776   8912 S   1,0  0,8   0:01.67 ovs-vswitc+
24938 root      10 -10   20924   4940   4188 S   0,0  0,0   0:00.01 ovsdb-serv+
24977 root      10 -10   26456   9860   8912 S   0,0  0,1   0:00.00 ovs-vswitc+
25039 root      20   0   20912   4988   4208 S   0,0  0,0   0:00.01 ovsdb-serv+
25043 root      20   0  985436 138364   8912 S   0,0  0,8   0:02.26 ovs-vswitc+
25109 root      20   0   20912   4888   4108 S   0,0  0,0   0:00.02 ovsdb-serv+
25188 root      20   0   22564   6004   5256 S   0,0  0,0   0:00.00 tcpdump
25189 root      20   0   22564   6048   5300 S   0,0  0,0   0:00.00 tcpdump
25190 root      20   0   22564   6008   5260 S   0,0  0,0   0:00.00 tcpdump
25191 root      20   0   22564   5996   5248 S   0,0  0,0   0:00.00 tcpdump
25192 root      20   0   22564   6012   5264 S   0,0  0,0   0:00.01 tcpdump
25193 root      20   0   22564   6192   5304 S   0,0  0,0   0:00.00 tcpdump
25194 root      20   0   22564   6220   5336 S   0,0  0,0   0:00.00 tcpdump
25043 root      20   0  985436 138364   8912 S   1,0  0,8   0:02.27 ovs-vswitc+
25113 root      20   0  985452 131776   8912 S   1,0  0,8   0:01.68 ovs-vswitc+
24938 root      10 -10   20924   4940   4188 S   0,0  0,0   0:00.01 ovsdb-serv+
24977 root      10 -10   26456   9860   8912 S   0,0  0,1   0:00.00 ovs-vswitc+
25039 root      20   0   20912   4988   4208 S   0,0  0,0   0:00.01 ovsdb-serv+
25109 root      20   0   20912   4888   4108 S   0,0  0,0   0:00.02 ovsdb-serv+
25188 root      20   0   22564   6004   5256 S   0,0  0,0   0:00.00 tcpdump
25189 root      20   0   22564   6048   5300 S   0,0  0,0   0:00.00 tcpdump
25190 root      20   0   22564   6008   5260 S   0,0  0,0   0:00.00 tcpdump
25191 root      20   0   22564   5996   5248 S   0,0  0,0   0:00.00 tcpdump
25192 root      20   0   22564   6012   5264 S   0,0  0,0   0:00.01 tcpdump
25193 root      20   0   22564   6192   5304 S   0,0  0,0   0:00.00 tcpdump
25194 root      20   0   22564   6220   5336 S   0,0  0,0   0:00.00 tcpdump
25039 root      20   0   20912   4988   4208 S   1,0  0,0   0:00.02 ovsdb-serv+
25043 root      20   0  985436 138364   8912 S   1,0  0,8   0:02.28 ovs-vswitc+
24938 root      10 -10   20924   4940   4188 S   0,0  0,0   0:00.01 ovsdb-serv+
24977 root      10 -10   26456   9860   8912 S   0,0  0,1   0:00.00 ovs-vswitc+
25109 root      20   0   20912   4888   4108 S   0,0  0,0   0:00.02 ovsdb-serv+
25113 root      20   0  985452 131776   8912 S   0,0  0,8   0:01.68 ovs-vswitc+
25188 root      20   0   22564   6004   5256 S   0,0  0,0   0:00.00 tcpdump
25189 root      20   0   22564   6048   5300 S   0,0  0,0   0:00.00 tcpdump
25190 root      20   0   22564   6008   5260 S   0,0  0,0   0:00.00 tcpdump
25191 root      20   0   22564   5996   5248 S   0,0  0,0   0:00.00 tcpdump
25192 root      20   0   22564   6012   5264 S   0,0  0,0   0:00.01 tcpdump
25193 root      20   0   22564   6192   5304 S   0,0  0,0   0:00.00 tcpdump
25194 root      20   0   22564   6220   5336 S   0,0  0,0   0:00.00 tcpdump
25113 root      20   0  985452 131776   8912 S   2,0  0,8   0:01.70 ovs-vswitc+
24938 root      10 -10   20924   4940   4188 S   0,0  0,0   0:00.01 ovsdb-serv+
24977 root      10 -10   26456   9860   8912 S   0,0  0,1   0:00.00 ovs-vswitc+
25039 root      20   0   20912   4988   4208 S   0,0  0,0   0:00.02 ovsdb-serv+
25043 root      20   0  985436 138364   8912 S   0,0  0,8   0:02.28 ovs-vswitc+
25109 root      20   0   20912   4888   4108 S   0,0  0,0   0:00.02 ovsdb-serv+
25188 root      20   0   22564   6004   5256 S   0,0  0,0   0:00.00 tcpdump
25189 root      20   0   22564   6048   5300 S   0,0  0,0   0:00.00 tcpdump
25190 root      20   0   22564   6008   5260 S   0,0  0,0   0:00.00 tcpdump
25191 root      20   0   22564   5996   5248 S   0,0  0,0   0:00.00 tcpdump
25192 root      20   0   22564   6012   5264 S   0,0  0,0   0:00.01 tcpdump
25193 root      20   0   22564   6192   5304 S   0,0  0,0   0:00.00 tcpdump
25194 root      20   0   22564   6220   5336 S   0,0  0,0   0:00.00 tcpdump
25043 root      20   0  985436 138364   8912 S   2,0  0,8   0:02.30 ovs-vswitc+
25113 root      20   0  985452 131776   8912 S   1,0  0,8   0:01.71 ovs-vswitc+
24938 root      10 -10   20924   4940   4188 S   0,0  0,0   0:00.01 ovsdb-serv+
24977 root      10 -10   26456   9860   8912 S   0,0  0,1   0:00.00 ovs-vswitc+
25039 root      20   0   20912   4988   4208 S   0,0  0,0   0:00.02 ovsdb-serv+
25109 root      20   0   20912   4888   4108 S   0,0  0,0   0:00.02 ovsdb-serv+
25188 root      20   0   22564   6004   5256 S   0,0  0,0   0:00.00 tcpdump
25189 root      20   0   22564   6048   5300 S   0,0  0,0   0:00.00 tcpdump
25190 root      20   0   22564   6008   5260 S   0,0  0,0   0:00.00 tcpdump
25191 root      20   0   22564   5996   5248 S   0,0  0,0   0:00.00 tcpdump
25192 root      20   0   22564   6012   5264 S   0,0  0,0   0:00.01 tcpdump
25193 root      20   0   22564   6192   5304 S   0,0  0,0   0:00.00 tcpdump
25194 root      20   0   22564   6220   5336 S   0,0  0,0   0:00.00 tcpdump
25043 root      20   0  985436 138364   8912 S   1,0  0,8   0:02.31 ovs-vswitc+
24938 root      10 -10   20924   4940   4188 S   0,0  0,0   0:00.01 ovsdb-serv+
24977 root      10 -10   26456   9860   8912 S   0,0  0,1   0:00.00 ovs-vswitc+
25039 root      20   0   20912   4988   4208 S   0,0  0,0   0:00.02 ovsdb-serv+
25109 root      20   0   20912   4888   4108 S   0,0  0,0   0:00.02 ovsdb-serv+
25113 root      20   0  985452 131776   8912 S   0,0  0,8   0:01.71 ovs-vswitc+
25188 root      20   0   22564   6004   5256 S   0,0  0,0   0:00.00 tcpdump
25189 root      20   0   22564   6048   5300 S   0,0  0,0   0:00.00 tcpdump
25190 root      20   0   22564   6008   5260 S   0,0  0,0   0:00.00 tcpdump
25191 root      20   0   22564   5996   5248 S   0,0  0,0   0:00.00 tcpdump
25192 root      20   0   22564   6012   5264 S   0,0  0,0   0:00.01 tcpdump
25193 root      20   0   22564   6192   5304 S   0,0  0,0   0:00.00 tcpdump
25194 root      20   0   22564   6220   5336 S   0,0  0,0   0:00.00 tcpdump
25113 root      20   0  985452 131776   8912 S   2,0  0,8   0:01.73 ovs-vswitc+
25043 root      20   0  985436 138364   8912 S   1,0  0,8   0:02.32 ovs-vswitc+
24938 root      10 -10   20924   4940   4188 S   0,0  0,0   0:00.01 ovsdb-serv+
24977 root      10 -10   26456   9860   8912 S   0,0  0,1   0:00.00 ovs-vswitc+
25039 root      20   0   20912   4988   4208 S   0,0  0,0   0:00.02 ovsdb-serv+
25109 root      20   0   20912   4888   4108 S   0,0  0,0   0:00.02 ovsdb-serv+
25188 root      20   0   22564   6004   5256 S   0,0  0,0   0:00.00 tcpdump
25189 root      20   0   22564   6048   5300 S   0,0  0,0   0:00.00 tcpdump
25190 root      20   0   22564   6008   5260 S   0,0  0,0   0:00.00 tcpdump
25191 root      20   0   22564   5996   5248 S   0,0  0,0   0:00.00 tcpdump
25192 root      20   0   22564   6012   5264 S   0,0  0,0   0:00.01 tcpdump
25193 root      20   0   22564   6192   5304 S   0,0  0,0   0:00.00 tcpdump
25194 root      20   0   22564   6220   5336 S   0,0  0,0   0:00.00 tcpdump
25043 root      20   0  985436 138364   8912 S   1,0  0,8   0:02.33 ovs-vswitc+
25113 root      20   0  985452 131776   8912 S   1,0  0,8   0:01.74 ovs-vswitc+
24938 root      10 -10   20924   4940   4188 S   0,0  0,0   0:00.01 ovsdb-serv+
24977 root      10 -10   26456   9860   8912 S   0,0  0,1   0:00.00 ovs-vswitc+
25039 root      20   0   20912   4988   4208 S   0,0  0,0   0:00.02 ovsdb-serv+
25109 root      20   0   20912   4888   4108 S   0,0  0,0   0:00.02 ovsdb-serv+
25188 root      20   0   22564   6004   5256 S   0,0  0,0   0:00.00 tcpdump
25189 root      20   0   22564   6048   5300 S   0,0  0,0   0:00.00 