25938 root      20   0  985300 118368   8912 S  17,6  0,7   0:00.11 ovs-vswitc+
26008 root      20   0  985308 118372   8912 S  11,8  0,7   0:00.13 ovs-vswitc+
25832 root      10 -10   20924   4948   4196 S   0,0  0,0   0:00.00 ovsdb-serv+
25871 root      10 -10   26456   9856   8912 S   0,0  0,1   0:00.00 ovs-vswitc+
25934 root      20   0   20912   4972   4188 S   0,0  0,0   0:00.00 ovsdb-serv+
26004 root      20   0   20912   4900   4148 S   0,0  0,0   0:00.01 ovsdb-serv+
26084 root      20   0   22564   6052   5304 S   0,0  0,0   0:00.00 tcpdump
26085 root      20   0   22564   5972   5224 S   0,0  0,0   0:00.00 tcpdump
26086 root      20   0   22564   6004   5256 S   0,0  0,0   0:00.00 tcpdump
26087 root      20   0   22564   5964   5212 S   0,0  0,0   0:00.00 tcpdump
26088 root      20   0   22564   5996   5248 S   0,0  0,0   0:00.00 tcpdump
26089 root      20   0   22564   6260   5376 S   0,0  0,0   0:00.00 tcpdump
26090 root      20   0   22564   6216   5328 S   0,0  0,0   0:00.00 tcpdump
26008 root      20   0  985308 118372   8912 S   1,0  0,7   0:00.14 ovs-vswitc+
25832 root      10 -10   20924   4948   4196 S   0,0  0,0   0:00.00 ovsdb-serv+
25871 root      10 -10   26456   9856   8912 S   0,0  0,1   0:00.00 ovs-vswitc+
25934 root      20   0   20912   4972   4188 S   0,0  0,0   0:00.00 ovsdb-serv+
25938 root      20   0  985300 118368   8912 S   0,0  0,7   0:00.11 ovs-vswitc+
26004 root      20   0   20912   4900   4148 S   0,0  0,0   0:00.01 ovsdb-serv+
26084 root      20   0   22564   6052   5304 S   0,0  0,0   0:00.00 tcpdump
26085 root      20   0   22564   5972   5224 S   0,0  0,0   0:00.00 tcpdump
26086 root      20   0   22564   6004   5256 S   0,0  0,0   0:00.00 tcpdump
26087 root      20   0   22564   5964   5212 S   0,0  0,0   0:00.00 tcpdump
26088 root      20   0   22564   5996   5248 S   0,0  0,0   0:00.00 tcpdump
26089 root      20   0   22564   6260   5376 S   0,0  0,0   0:00.00 tcpdump
26090 root      20   0   22564   6216   5328 S   0,0  0,0   0:00.00 tcpdump
25938 root      20   0  985300 118368   8912 S   1,0  0,7   0:00.12 ovs-vswitc+
26008 root      20   0  985308 118372   8912 S   1,0  0,7   0:00.15 ovs-vswitc+
25832 root      10 -10   20924   4948   4196 S   0,0  0,0   0:00.00 ovsdb-serv+
25871 root      10 -10   26456   9856   8912 S   0,0  0,1   0:00.00 ovs-vswitc+
25934 root      20   0   20912   4972   4188 S   0,0  0,0   0:00.00 ovsdb-serv+
26004 root      20   0   20912   4900   4148 S   0,0  0,0   0:00.01 ovsdb-serv+
26084 root      20   0   22564   6052   5304 S   0,0  0,0   0:00.00 tcpdump
26085 root      20   0   22564   5972   5224 S   0,0  0,0   0:00.00 tcpdump
26086 root      20   0   22564   6004   5256 S   0,0  0,0   0:00.00 tcpdump
26087 root      20   0   22564   5964   5212 S   0,0  0,0   0:00.00 tcpdump
26088 root      20   0   22564   5996   5248 S   0,0  0,0   0:00.00 tcpdump
26089 root      20   0   22564   6260   5376 S   0,0  0,0   0:00.00 tcpdump
26090 root      20   0   22564   6216   5328 S   0,0  0,0   0:00.00 tcpdump
25938 root      20   0  985300 118368   8912 S   1,0  0,7   0:00.13 ovs-vswitc+
26008 root      20   0  985308 118372   8912 S   1,0  0,7   0:00.16 ovs-vswitc+
25832 root      10 -10   20924   4948   4196 S   0,0  0,0   0:00.00 ovsdb-serv+
25871 root      10 -10   26456   9856   8912 S   0,0  0,1   0:00.00 ovs-vswitc+
25934 root      20   0   20912   4972   4188 S   0,0  0,0   0:00.00 ovsdb-serv+
26004 root      20   0   20912   4900   4148 S   0,0  0,0   0:00.01 ovsdb-serv+
26084 root      20   0   22564   6052   5304 S   0,0  0,0   0:00.00 tcpdump
26085 root      20   0   22564   5972   5224 S   0,0  0,0   0:00.00 tcpdump
26086 root      20   0   22564   6004   5256 S   0,0  0,0   0:00.00 tcpdump
26087 root      20   0   22564   5964   5212 S   0,0  0,0   0:00.00 tcpdump
26088 root      20   0   22564   5996   5248 S   0,0  0,0   0:00.00 tcpdump
26089 root      20   0   22564   6260   5376 S   0,0  0,0   0:00.00 tcpdump
26090 root      20   0   22564   6216   5328 S   0,0  0,0   0:00.00 tcpdump
26008 root      20   0  985308 118372   8912 S   2,0  0,7   0:00.18 ovs-vswitc+
25832 root      10 -10   20924   4948   4196 S   0,0  0,0   0:00.00 ovsdb-serv+
25871 root      10 -10   26456   9856   8912 S   0,0  0,1   0:00.00 ovs-vswitc+
25934 root      20   0   20912   4972   4188 S   0,0  0,0   0:00.00 ovsdb-serv+
25938 root      20   0  985300 118368   8912 S   0,0  0,7   0:00.13 ovs-vswitc+
26004 root      20   0   20912   4900   4148 S   0,0  0,0   0:00.01 ovsdb-serv+
26084 root      20   0   22564   6052   5304 S   0,0  0,0   0:00.00 tcpdump
26085 root      20   0   22564   5972   5224 S   0,0  0,0   0:00.00 tcpdump
26086 root      20   0   22564   6004   5256 S   0,0  0,0   0:00.00 tcpdump
26087 root      20   0   22564   5964   5212 S   0,0  0,0   0:00.00 tcpdump
26088 root      20   0   22564   5996   5248 S   0,0  0,0   0:00.00 tcpdump
26089 root      20   0   22564   6260   5376 S   0,0  0,0   0:00.00 tcpdump
26090 root      20   0   22564   6216   5328 S   0,0  0,0   0:00.00 tcpdump
25934 root      20   0   20912   4972   4188 S   1,0  0,0   0:00.01 ovsdb-serv+
25938 root      20   0  985300 118368   8912 S   1,0  0,7   0:00.14 ovs-vswitc+
26008 root      20   0  985308 118372   8912 S   1,0  0,7   0:00.19 ovs-vswitc+
25832 root      10 -10   20924   4948   4196 S   0,0  0,0   0:00.00 ovsdb-serv+
25871 root      10 -10   26456   9856   8912 S   0,0  0,1   0:00.00 ovs-vswitc+
26004 root      20   0   20912   4900   4148 S   0,0  0,0   0:00.01 ovsdb-serv+
26084 root      20   0   22564   6052   5304 S   0,0  0,0   0:00.00 tcpdump
26085 root      20   0   22564   5972   5224 S   0,0  0,0   0:00.00 tcpdump
26086 root      20   0   22564   6004   5256 S   0,0  0,0   0:00.00 tcpdump
26087 root      20   0   22564   5964   5212 S   0,0  0,0   0:00.00 tcpdump
26088 root      20   0   22564   5996   5248 S   0,0  0,0   0:00.00 tcpdump
26089 root      20   0   22564   6260   5376 S   0,0  0,0   0:00.00 tcpdump
26090 root      20   0   22564   6216   5328 S   0,0  0,0   0:00.00 tcpdump
25938 root      20   0  985300 118368   8912 S   1,0  0,7   0:00.15 ovs-vswitc+
26008 root      20   0  985308 118372   8912 S   1,0  0,7   0:00.20 ovs-vswitc+
25832 root      10 -10   20924   4948   4196 S   0,0  0,0   0:00.00 ovsdb-serv+
25871 root      10 -10   26456   9856   8912 S   0,0  0,1   0:00.00 ovs-vswitc+
25934 root      20   0   20912   4972   4188 S   0,0  0,0   0:00.01 ovsdb-serv+
26004 root      20   0   20912   4900   4148 S   0,0  0,0   0:00.01 ovsdb-serv+
26084 root      20   0   22564   6052   5304 S   0,0  0,0   0:00.00 tcpdump
26085 root      20   0   22564   5972   5224 S   0,0  0,0   0:00.00 tcpdump
26086 root      20   0   22564   6004   5256 S   0,0  0,0   0:00.00 tcpdump
26087 root      20   0   22564   5964   5212 S   0,0  0,0   0:00.00 tcpdump
26088 root      20   0   22564   5996   5248 S   0,0  0,0   0:00.00 tcpdump
26089 root      20   0   22564   6260   5376 S   0,0  0,0   0:00.00 tcpdump
26090 root      20   0   22564   6216   5328 S   0,0  0,0   0:00.00 tcpdump
26008 root      20   0  985308 118372   8912 S   1,0  0,7   0:00.21 ovs-vswitc+
25832 root      10 -10   20924   4948   4196 S   0,0  0,0   0:00.00 ovsdb-serv+
25871 root      10 -10   26456   9856   8912 S   0,0  0,1   0:00.00 ovs-vswitc+
25934 root      20   0   20912   4972   4188 S   0,0  0,0   0:00.01 ovsdb-serv+
25938 root      20   0  985300 118368   8912 S   0,0  0,7   0:00.15 ovs-vswitc+
26004 root      20   0   20912   4900   4148 S   0,0  0,0   0:00.01 ovsdb-serv+
26084 root      20   0   22564   6052   5304 S   0,0  0,0   0:00.00 tcpdump
26085 root      20   0   22564   5972   5224 S   0,0  0,0   0:00.00 tcpdump
26086 root      20   0   22564   6004   5256 S   0,0  0,0   0:00.00 tcpdump
26087 root      20   0   22564   5964   5212 S   0,0  0,0   0:00.00 tcpdump
26088 root      20   0   22564   5996   5248 S   0,0  0,0   0:00.00 tcpdump
26089 root      20   0   22564   6260   5376 S   0,0  0,0   0:00.00 tcpdump
26090 root      20   0   22564   6216   5328 S   0,0  0,0   0:00.00 tcpdump
25938 root      20   0  985300 118368   8912 S   2,0  0,7   0:00.17 ovs-vswitc+
26008 root      20   0  985416 118548   8912 S   1,0  0,7   0:00.22 ovs-vswitc+
25832 root      10 -10   20924   4948   4196 S   0,0  0,0   0:00.00 ovsdb-serv+
25871 root      10 -10   26456   9856   8912 S   0,0  0,1   0:00.00 ovs-vswitc+
25934 root      20   0   20912   4972   4188 S   0,0  0,0   0:00.01 ovsdb-serv+
26004 root      20   0   20912   4900   4148 S   0,0  0,0   0:00.01 ovsdb-serv+
26084 root      20   0   22564   6052   5304 S   0,0  0,0   0:00.00 tcpdump
26085 root      20   0   22564   5972   5224 S   0,0  0,0   0:00.00 tcpdump
26086 root      20   0   22564   6004   5256 S   0,0  0,0   0:00.00 tcpdump
26087 root      20   0   22564   5964   5212 S   0,0  0,0   0:00.00 tcpdump
26088 root      20   0   22564   5996   5248 S   0,0  0,0   0:00.00 tcpdump
26089 root      20   0   22564   6260   5376 S   0,0  0,0   0:00.00 tcpdump
26090 root      20   0   22564   6216   5328 S   0,0  0,0   0:00.00 tcpdump
25938 root      20   0  985396 118532   8912 S   3,0  0,7   0:00.20 ovs-vswitc+
26008 root      20   0  985416 118548   8912 S   2,0  0,7   0:00.24 ovs-vswitc+
25832 root      10 -10   20924   4948   4196 S   0,0  0,0   0:00.00 ovsdb-serv+
25871 root      10 -10   26456   9856   8912 S   0,0  0,1   0:00.00 ovs-vswitc+
25934 root      20   0   20912   4972   4188 S   0,0  0,0   0:00.01 ovsdb-serv+
26004 root      20   0   20912   4900   4148 S   0,0  0,0   0:00.01 ovsdb-serv+
26084 root      20   0   22564   6052   5304 S   0,0  0,0   0:00.00 tcpdump
26085 root      20   0   22564   5972   5224 S   0,0  0,0   0:00.00 tcpdump
26086 root      20   0   22564   6004   5256 S   0,0  0,0   0:00.00 tcpdump
26087 root      20   0   22564   5964   5212 S   0,0  0,0   0:00.00 tcpdump
26088 root      20   0   22564   5996   5248 S   0,0  0,0   0:00.00 tcpdump
26089 root      20   0   22564   6260   5376 S   0,0  0,0   0:00.00 tcpdump
26090 root      20   0   22564   6216   5328 S   0,0  0,0   0:00.00 tcpdump
25938 root      20   0  985396 118532   8912 S   2,0  0,7   0:00.22 ovs-vswitc+
26008 root      20   0  985416 118548   8912 S   1,0  0,7   0:00.25 ovs-vswitc+
25832 root      10 -10   20924   4948   4196 S   0,0  0,0   0:00.00 ovsdb-serv+
25871 root      10 -10   26456   9856   8912 S   0,0  0,1   0:00.00 ovs-vswitc+
25934 root      20   0   20912   4972   4188 S   0,0  0,0   0:00.01 ovsdb-serv+
26004 root      20   0   20912   4900   4148 S   0,0  0,0   0:00.01 ovsdb-serv+
26084 root      20   0   22564   6052   5304 S   0,0  0,0   0:00.00 tcpdump
26085 root      20   0   22564   5972   5224 S   0,0  0,0   0:00.00 tcpdump
26086 root      20   0   22564   6004   5256 S   0,0  0,0   0:00.00 tcpdump
26087 root      20   0   22564   5964   5212 S   0,0  0,0   0:00.00 tcpdump
26088 root      20   0   22564   5996   5248 S   0,0  0,0   0:00.00 tcpdump
26089 root      20   0   22564   6260   5376 S   0,0  0,0   0:00.00 tcpdump
26090 root      20   0   22564   6216   5328 S   0,0  0,0   0:00.00 tcpdump
26008 root      20   0  985416 118548   8912 S   2,0  0,7   0:00.27 ovs-vswitc+
25832 root      10 -10   20924   4948   4196 S   0,0  0,0   0:00.00 ovsdb-serv+
25871 root      10 -10   26456   9856   8912 S   0,0  0,1   0:00.00 ovs-vswitc+
25934 root      20   0   20912   4972   4188 S   0,0  0,0   0:00.01 ovsdb-serv+
25938 root      20   0  985396 118532   8912 S   0,0  0,7   0:00.22 ovs-vswitc+
26004 root      20   0   20912   4900   4148 S   0,0  0,0   0:00.01 ovsdb-serv+
26084 root      20   0   22564   6052   5304 S   0,0  0,0   0:00.00 tcpdump
26085 root      20   0   22564   5972   5224 S   0,0  0,0   0:00.00 tcpdump
26086 root      20   0   22564   6004   5256 S   0,0  0,0   0:00.00 tcpdump
26087 root      20   0   22564   5964   5212 S   0,0  0,0   0:00.00 tcpdump
26088 root      20   0   22564   5996   5248 S   0,0  0,0   0:00.00 tcpdump
26089 root      20   0   22564   6260   5376 S   0,0  0,0   0:00.00 tcpdump
26090 root      20   0   22564   6216   5328 S   0,0  0,0   0:00.00 tcpdump
25938 root      20   0  985396 118532   8912 S   1,0  0,7   0:00.23 ovs-vswitc+
25832 root      10 -10   20924   4948   4196 S   0,0  0,0   0:00.00 ovsdb-serv+
25871 root      10 -10   26456   9856   8912 S   0,0  0,1   0:00.00 ovs-vswitc+
25934 root      20   0   20912   4972   4188 S   0,0  0,0   0:00.01 ovsdb-serv+
26004 root      20   0   20912   4900   4148 S   0,0  0,0   0:00.01 ovsdb-serv+
26008 root      20   0  985416 118548   8912 S   0,0  0,7   0:00.27 ovs-vswitc+
26084 root      20   0   22564   6052   5304 S   0,0  0,0   0:00.00 tcpdump
26085 root      20   0   22564   5972   5224 S   0,0  0,0   0:00.00 tcpdump
26086 root      20   0   22564   6004   5256 S   0,0  0,0   0:00.00 tcpdump
26087 root      20   0   22564   5964   5212 S   0,0  0,0   0:00.00 tcpdump
26088 root      20   0   22564   5996   5248 S   0,0  0,0   0:00.00 tcpdump
26089 root      20   0   22564   6260   5376 S   0,0  0,0   0:00.00 tcpdump
26090 root      20   0   22564   6216   5328 S   0,0  0,0   0:00.00 tcpdump
25938 root      20   0  985396 118532   8912 S   1,0  0,7   0:00.24 ovs-vswitc+
26008 root      20   0  985416 118548   8912 S   1,0  0,7   0:00.28 ovs-vswitc+
25832 root      10 -10   20924   4948   4196 S   0,0  0,0   0:00.00 ovsdb-serv+
25871 root      10 -10   26456   9856   8912 S   0,0  0,1   0:00.00 ovs-vswitc+
25934 root      20   0   20912   4972   4188 S   0,0  0,0   0:00.01 ovsdb-serv+
26004 root      20   0   20912   4900   4148 S   0,0  0,0   0:00.01 ovsdb-serv+
26084 root      20   0   22564   6052   5304 S   0,0  0,0   0:00.00 tcpdump
26085 root      20   0   22564   5972   5224 S   0,0  0,0   0:00.00 tcpdump
26086 root      20   0   22564   6004   5256 S   0,0  0,0   0:00.00 tcpdump
26087 root      20   0   22564   5964   5212 S   0,0  0,0   0:00.00 tcpdump
26088 root      20   0   22564   5996   5248 S   0,0  0,0   0:00.00 tcpdump
26089 root      20   0   22564   6260   5376 S   0,0  0,0   0:00.00 tcpdump
26090 root      20   0   22564   6216   5328 S   0,0  0,0   0:00.00 tcpdump
26008 root      20   0  985416 118548   8912 S   1,0  0,7   0:00.29 ovs-vswitc+
25832 root      10 -10   20924   4948   4196 S   0,0  0,0   0:00.00 ovsdb-serv+
25871 root      10 -10   26456   9856   8912 S   0,0  0,1   0:00.00 ovs-vswitc+
25934 root      20   0   20912   4972   4188 S   0,0  0,0   0:00.01 ovsdb-serv+
25938 root      20   0  985396 118532   8912 S   0,0  0,7   0:00.24 ovs-vswitc+
26004 root      20   0   20912   4900   4148 S   0,0  0,0   0:00.01 ovsdb-serv+
26084 root      20   0   22564   6052   5304 S   0,0  0,0   0:00.00 tcpdump
26085 root      20   0   22564   5972   5224 S   0,0  0,0   0:00.00 tcpdump
26086 root      20   0   22564   6004   5256 S   0,0  0,0   0:00.00 tcpdump
26087 root      20   0   22564   5964   5212 S   0,0  0,0   0:00.00 tcpdump
26088 root      20   0   22564   5996   5248 S   0,0  0,0   0:00.00 tcpdump
26089 root      20   0   22564   6260   5376 S   0,0  0,0   0:00.00 tcpdump
26090 root      20   0   22564   6216   5328 S   0,0  0,0   0:00.00 tcpdump
25938 root      20   0  985396 118532   8912 S   2,0  0,7   0:00.26 ovs-vswitc+
26008 root      20   0  985416 118548   8912 S   1,0  0,7   0:00.30 ovs-vswitc+
25832 root      10 -10   20924   4948   4196 S   0,0  0,0   0:00.00 ovsdb-serv+
25871 root      10 -10   26456   9856   8912 S   0,0  0,1   0:00.00 ovs-vswitc+
25934 root      20   0   20912   4972   4188 S   0,0  0,0   0:00.01 ovsdb-serv+
26004 root      20   0   20912   4900   4148 S   0,0  0,0   0:00.01 ovsdb-serv+
26084 root      20   0   22564   6052   5304 S   0,0  0,0   0:00.00 tcpdump
26085 root      20   0   22564   5972   5224 S   0,0  0,0   0:00.00 tcpdump
26086 root      20   0   22564   6004   5256 S   0,0  0,0   0:00.00 tcpdump
26087 root      20   0   22564   5964   5212 S   0,0  0,0   0:00.00 tcpdump
26088 root      20   0   22564   5996   5248 S   0,0  0,0   0:00.00 tcpdump
26089 root      20   0   22564   6260   5376 S   0,0  0,0   0:00.00 tcpdump
26090 root      20   0   22564   6216   5328 S   0,0  0,0   0:00.00 tcpdump
25832 root      10 -10   20924   4948   4196 S   0,0  0,0   0:00.00 ovsdb-serv+
25871 root      10 -10   26456   9856   8912 S   0,0  0,1   0:00.00 ovs-vswitc+
25934 root      20   0   20912   4972   4188 S   0,0  0,0   0:00.01 ovsdb-serv+
25938 root      20   0  985396 118532   8912 S   0,0  0,7   0:00.26 ovs-vswitc+
26004 root      20   0   20912   4900   4148 S   0,0  0,0   0:00.01 ovsdb-serv+
26008 root      20   0  985416 118548   8912 S   0,0  0,7   0:00.30 ovs-vswitc+
26084 root      20   0   22564   6052   5304 S   0,0  0,0   0:00.00 tcpdump
26085 root      20   0   22564   5972   5224 S   0,0  0,0   0:00.00 tcpdump
26086 root      20   0   22564   6004   5256 S   0,0  0,0   0:00.00 tcpdump
26087 root      20   0   22564   5964   5212 S   0,0  0,0   0:00.00 tcpdump
26088 root      20   0   22564   5996   5248 S   0,0  0,0   0:00.00 tcpdump
26089 root      20   0   22564   6260   5376 S   0,0  0,0   0:00.00 tcpdump
26090 root      20   0   22564   6216   5328 S   0,0  0,0   0:00.00 tcpdump
26008 root      20   0  985416 118548   8912 S   2,0  0,7   0:00.32 ovs-vswitc+
25938 root      20   0  985396 118532   8912 S   1,0  0,7   0:00.27 ovs-vswitc+
25832 root      10 -10   20924   4948   4196 S   0,0  0,0   0:00.00 ovsdb-serv+
25871 root      10 -10   26456   9856   8912 S   0,0  0,1   0:00.00 ovs-vswitc+
25934 root      20   0   20912   4972   4188 S   0,0  0,0   0:00.01 ovsdb-serv+
26004 root      20   0   20912   4900   4148 S   0,0  0,0   0:00.01 ovsdb-serv+
26084 root      20   0   22564   6052   5304 S   0,0  0,0   0:00.00 tcpdump
26085 root      20   0   22564   5972   5224 S   0,0  0,0   0:00.00 tcpdump
26086 root      20   0   22564   6004   5256 S   0,0  0,0   0:00.00 tcpdump
26087 root      20   0   22564   5964   5212 S   0,0  0,0   0:00.00 tcpdump
26088 root      20   0   22564   5996   5248 S   0,0  0,0   0:00.00 tcpdump
26089 root      20   0   22564   6260   5376 S   0,0  0,0   0:00.00 tcpdump
26090 root      20   0   22564   6216   5328 S   0,0  0,0   0:00.00 tcpdump
25938 root      20   0  985396 118532   8912 S   1,0  0,7   0:00.28 ovs-vswitc+
26008 root      20   0  985416 118548   8912 S   1,0  0,7   0:00.33 ovs-vswitc+
25832 root      10 -10   20924   4948   4196 S   0,0  0,0   0:00.00 ovsdb-serv+
25871 root      10 -10   26456   9856   8912 S   0,0  0,1   0:00.00 ovs-vswitc+
25934 root      20   0   20912   4972   4188 S   0,0  0,0   0:00.01 ovsdb-serv+
26004 root      20   0   20912   4900   4148 S   0,0  0,0   0:00.01 ovsdb-serv+
26084 root      20   0   22564   6052   5304 S   0,0  0,0   0:00.00 tcpdump
26085 root      20   0   22564   5972   5224 S   0,0  0,0   0:00.00 tcpdump
26086 root      20   0   22564   6004   5256 S   0,0  0,0   0:00.00 tcpdump
26087 root      20   0   22564   5964   5212 S   0,0  0,0   0:00.00 tcpdump
26088 root      20   0   22564   5996   5248 S   0,0  0,0   0:00.00 tcpdump
26089 root      20   0   22564   6260   5376 S   0,0  0,0   0:00.00 tcpdump
26090 root      20   0   22564   6216   5328 S   0,0  0,0   0:00.00 tcpdump
25938 root      20   0  985396 118532   8912 S   2,0  0,7   0:00.30 ovs-vswitc+
26008 root      20   0  985416 118548   8912 S   1,0  0,7   0:00.34 ovs-vswitc+
25832 root      10 -10   20924   4948   4196 S   0,0  0,0   0:00.00 ovsdb-serv+
25871 root      10 -10   26456   9856   8912 S   0,0  0,1   0:00.00 ovs-vswitc+
25934 root      20   0   20912   4972   4188 S   0,0  0,0   0:00.01 ovsdb-serv+
26004 root      20   0   20912   4900   4148 S   0,0  0,0   0:00.01 ovsdb-serv+
26084 root      20   0   22564   6052   5304 S   0,0  0,0   0:00.00 tcpdump
26085 root      20   0   22564   5972   5224 S   0,0  0,0   0:00.00 tcpdump
26086 root      20   0   22564   6004   5256 S   0,0  0,0   0:00.00 tcpdump
26087 root      20   0   22564   5964   5212 S   0,0  0,0   0:00.00 tcpdump
26088 root      20   0   22564   5996   5248 S   0,0  0,0   0:00.00 tcpdump
26089 root      20   0   22564   6260   5376 S   0,0  0,0   0:00.00 tcpdump
26090 root      20   0   22564   6216   5328 S   0,0  0,0   0:00.00 tcpdump
25938 root      20   0  985396 118532   8912 S   1,0  0,7   0:00.31 ovs-vswitc+
25832 root      10 -10   20924   4948   4196 S   0,0  0,0   0:00.00 ovsdb-serv+
25871 root      10 -10   26456   9856   8912 S   0,0  0,1   0:00.00 ovs-vswitc+
25934 root      20   0   20912   4972   4188 S   0,0  0,0   0:00.01 ovsdb-serv+
26004 root      20   0   20912   4900   4148 S   0,0  0,0   0:00.01 ovsdb-serv+
26008 root      20   0  985416 118548   8912 S   0,0  0,7   0:00.34 ovs-vswitc+
26084 root      20   0   22564   6052   5304 S   0,0  0,0   0:00.00 tcpdump
26085 root      20   0   22564   5972   5224 S   0,0  0,0   0:00.00 tcpdump
26086 root      20   0   22564   6004   5256 S   0,0  0,0   0:00.00 tcpdump
26087 root      20   0   22564   5964   5212 S   0,0  0,0   0:00.00 tcpdump
26088 root      20   0   22564   5996   5248 S   0,0  0,0   0:00.00 tcpdump
26089 root      20   0   22564   6260   5376 S   0,0  0,0   0:00.00 tcpdump
26090 root      20   0   22564   6216   5328 S   0,0  0,0   0:00.00 tcpdump
26008 root      20   0  985416 118548   8912 S   2,0  0,7   0:00.36 ovs-vswitc+
25938 root      20   0  985396 118532   8912 S   1,0  0,7   0:00.32 ovs-vswitc+
25832 root      10 -10   20924   4948   4196 S   0,0  0,0   0:00.00 ovsdb-serv+
25871 root      10 -10   26456   9856   8912 S   0,0  0,1   0:00.00 ovs-vswitc+
25934 root      20   0   20912   4972   4188 S   0,0  0,0   0:00.01 ovsdb-serv+
26004 root      20   0   20912   4900   4148 S   0,0  0,0   0:00.01 ovsdb-serv+
26084 root      20   0   22564   6052   5304 S   0,0  0,0   0:00.00 tcpdump
26085 root      20   0   22564   5972   5224 S   0,0  0,0   0:00.00 tcpdump
26086 root      20   0   22564   6004   5256 S   0,0  0,0   0:00.00 tcpdump
26087 root      20   0   22564   5964   5212 S   0,0  0,0   0:00.00 tcpdump
26088 root      20   0   22564   5996   5248 S   0,0  0,0   0:00.00 tcpdump
26089 root      20   0   22564   6260   5376 S   0,0  0,0   0:00.00 tcpdump
26090 root      20   0   22564   6216   5328 S   0,0  0,0   0:00.00 tcpdump
25938 root      20   0  985396 118532   8912 S   1,0  0,7   0:00.33 ovs-vswitc+
26008 root      20   0  985416 118548   8912 S   1,0  0,7   0:00.37 ovs-vswitc+
25832 root      10 -10   20924   4948   4196 S   0,0  0,0   0:00.00 ovsdb-serv+
25871 root      10 -10   26456   9856   8912 S   0,0  0,1   0:00.00 ovs-vswitc+
25934 root      20   0   20912   4972   4188 S   0,0  0,0   0:00.01 ovsdb-serv+
26004 root      20   0   20912   4900   4148 S   0,0  0,0   0:00.01 ovsdb-serv+
26084 root      20   0   22564   6052   5304 S   0,0  0,0   0:00.00 tcpdump
26085 root      20   0   22564   5972   5224 S   0,0  0,0   0:00.00 tcpdump
26086 root      20   0   22564   6004   5256 S   0,0  0,0   0:00.00 tcpdump
26087 root      20   0   22564   5964   5212 S   0,0  0,0   0:00.00 tcpdump
26088 root      20   0   22564   5996   5248 S   0,0  0,0   0:00.00 tcpdump
26089 root      20   0   22564   6260   5376 S   0,0  0,0   0:00.00 tcpdump
26090 root      20   0   22564   6216   5328 S   0,0  0,0   0:00.00 tcpdump
25938 root      20   0  985396 118792   8912 R   5,9  0,7   0:00.39 ovs-vswitc+
26008 root      20   0  985448 118840   8912 R   5,0  0,7   0:00.42 ovs-vswitc+
25832 root      10 -10   20924   4948   4196 S   0,0  0,0   0:00.00 ovsdb-serv+
25871 root      10 -10   26456   9856   8912 S   0,0  0,1   0:00.00 ovs-vswitc+
25934 root      20   0   20912   4972   4188 S   0,0  0,0   0:00.01 ovsdb-serv+
26004 root      20   0   20912   4900   4148 S   0,0  0,0   0:00.01 ovsdb-serv+
26084 root      20   0   22564   6052   5304 S   0,0  0,0   0:00.00 tcpdump
26085 root      20   0   22564   5972   5224 S   0,0  0,0   0:00.00 tcpdump
26086 root      20   0   22564   6004   5256 S   0,0  0,0   0:00.00 tcpdump
26087 root      20   0   22564   5964   5212 S   0,0  0,0   0:00.00 tcpdump
26088 root      20   0   22564   5996   5248 S   0,0  0,0   0:00.00 tcpdump
26089 root      20   0   22564   6260   5376 S   0,0  0,0   0:00.00 tcpdump
26090 root      20   0   22564   6216   5328 S   0,0  0,0   0:00.00 tcpdump
25938 root      20   0  985396 128820   8912 S  86,1  0,8   0:01.26 ovs-vswitc+
26008 root      20   0  985448 128868   8912 R  83,2  0,8   0:01.26 ovs-vswitc+
26088 root      20   0   22564   5996   5248 S   1,0  0,0   0:00.01 tcpdump
25832 root      10 -10   20924   4948   4196 S   0,0  0,0   0:00.00 ovsdb-serv+
25871 root      10 -10   26456   9856   8912 S   0,0  0,1   0:00.00 ovs-vswitc+
25934 root      20   0   20912   4972   4188 S   0,0  0,0   0:00.01 ovsdb-serv+
26004 root      20   0   20912   4900   4148 S   0,0  0,0   0:00.01 ovsdb-serv+
26084 root      20   0   22564   6052   5304 S   0,0  0,0   0:00.00 tcpdump
26085 root      20   0   22564   5972   5224 S   0,0  0,0   0:00.00 tcpdump
26086 root      20   0   22564   6004   5256 S   0,0  0,0   0:00.00 tcpdump
26087 root      20   0   22564   5964   5212 S   0,0  0,0   0:00.00 tcpdump
26089 root      20   0   22564   6260   5376 S   0,0  0,0   0:00.00 tcpdump
26090 root      20   0   22564   6216   5328 S   0,0  0,0   0:00.00 tcpdump
25938 root      20   0  985396 138852   8912 S  67,3  0,9   0:01.94 ovs-vswitc+
26008 root      20   0  985448 129660   8912 S   7,9  0,8   0:01.34 ovs-vswitc+
25832 root      10 -10   20924   4948   4196 S   0,0  0,0   0:00.00 ovsdb-serv+
25871 root      10 -10   26456   9856   8912 S   0,0  0,1   0:00.00 ovs-vswitc+
25934 root      20   0   20912   4972   4188 S   0,0  0,0   0:00.01 ovsdb-serv+
26004 root      20   0   20912   4900   4148 S   0,0  0,0   0:00.01 ovsdb-serv+
26084 root      20   0   22564   6052   5304 S   0,0  0,0   0:00.00 tcpdump
26085 root      20   0   22564   5972   5224 S   0,0  0,0   0:00.00 tcpdump
26086 root      20   0   22564   6004   5256 S   0,0  0,0   0:00.00 tcpdump
26087 root      20   0   22564   5964   5212 S   0,0  0,0   0:00.00 tcpdump
26088 root      20   0   22564   5996   5248 S   0,0  0,0   0:00.01 tcpdump
26089 root      20   0   22564   6260   5376 S   0,0  0,0   0:00.00 tcpdump
26090 root      20   0   22564   6216   5328 S   0,0  0,0   0:00.00 tcpdump
25938 root      20   0  985396 141756   8912 S  66,7  0,9   0:02.62 ovs-vswitc+
26008 root      20   0  985448 129660   8912 S   1,0  0,8   0:01.35 ovs-vswitc+
26085 root      20   0   22564   5972   5224 S   1,0  0,0   0:00.01 tcpdump
26086 root      20   0   22564   6004   5256 S   1,0  0,0   0:00.01 tcpdump
25832 root      10 -10   20924   4948   4196 S   0,0  0,0   0:00.00 ovsdb-serv+
25871 root      10 -10   26456   9856   8912 S   0,0  0,1   0:00.00 ovs-vswitc+
25934 root      20   0   20912   4972   4188 S   0,0  0,0   0:00.01 ovsdb-serv+
26004 root      20   0   20912   4900   4148 S   0,0  0,0   0:00.01 ovsdb-serv+
26084 root      20   0   22564   6052   5304 S   0,0  0,0   0:00.00 tcpdump
26087 root      20   0   22564   5964   5212 S   0,0  0,0   0:00.00 tcpdump
26088 root      20   0   22564   5996   5248 S   0,0  0,0   0:00.01 tcpdump
26089 root      20   0   22564   6260   5376 S   0,0  0,0   0:00.00 tcpdump
26090 root      20   0   22564   6216   5328 S   0,0  0,0   0:00.00 tcpdump
25938 root      20   0  985396 141756   8912 S  20,8  0,9   0:02.83 ovs-vswitc+
26008 root      20   0  985448 129660   8912 S   4,0  0,8   0:01.39 ovs-vswitc+
25832 root      10 -10   20924   4948   4196 S   0,0  0,0   0:00.00 ovsdb-serv+
25871 root      10 -10   26456   9856   8912 S   0,0  0,1   0:00.00 ovs-vswitc+
25934 root      20   0   20912   4972   4188 S   0,0  0,0   0:00.01 ovsdb-serv+
26004 root      20   0   20912   4900   4148 S   0,0  0,0   0:00.01 ovsdb-serv+
26084 root      20   0   22564   6052   5304 S   0,0  0,0   0:00.00 tcpdump
26085 root      20   0   22564   5972   5224 S   0,0  0,0   0:00.01 tcpdump
26086 root      20   0   22564   6004   5256 S   0,0  0,0   0:00.01 tcpdump
26087 root      20   0   22564   5964   5212 S   0,0  0,0   0:00.00 tcpdump
26088 root      20   0   22564   5996   5248 S   0,0  0,0   0:00.01 tcpdump
26089 root      20   0   22564   6260   5376 S   0,0  0,0   0:00.00 tcpdump
26090 root      20   0   22564   6216   5328 S   0,0  0,0   0:00.00 tcpdump
26008 root      20   0  985448 129660   8912 S   3,9  0,8   0:01.43 ovs-vswitc+
25938 root      20   0  985396 141756   8912 S   2,9  0,9   0:02.86 ovs-vswitc+
25832 root      10 -10   20924   4948   4196 S   0,0  0,0   0:00.00 ovsdb-serv+
25871 root      10 -10   26456   9856   8912 S   0,0  0,1   0:00.00 ovs-vswitc+
25934 root      20   0   20912   4972   4188 S   0,0  0,0   0:00.01 ovsdb-serv+
26004 root      20   0   20912   4900   4148 S   0,0  0,0   0:00.01 ovsdb-serv+
26084 root      20   0   22564   6052   5304 S   0,0  0,0   0:00.00 tcpdump
26085 root      20   0   22564   5972   5224 S   0,0  0,0   0:00.01 tcpdump
26086 root      20   0   22564   6004   5256 S   0,0  0,0   0:00.01 tcpdump
26087 root      20   0   22564   5964   5212 S   0,0  0,0   0:00.00 tcpdump
26088 root      20   0   22564   5996   5248 S   0,0  0,0   0:00.01 tcpdump
26089 root      20   0   22564   6260   5376 S   0,0  0,0   0:00.00 tcpdump
26090 root      20   0   22564   6216   5328 S   0,0  0,0   0:00.00 tcpdump
26008 root      20   0  985448 129660   8912 S   4,0  0,8   0:01.47 ovs-vswitc+
25938 root      20   0  985428 141788   8912 S   3,0  0,9   0:02.89 ovs-vswitc+
25832 root      10 -10   20924   4948   4196 S   0,0  0,0   0:00.00 ovsdb-serv+
25871 root      10 -10   26456   9856   8912 S   0,0  0,1   0:00.00 ovs-vswitc+
25934 root      20   0   20912   4972   4188 S   0,0  0,0   0:00.01 ovsdb-serv+
26004 root      20   0   20912   4900   4148 S   0,0  0,0   0:00.01 ovsdb-serv+
26084 root      20   0   22564   6052   5304 S   0,0  0,0   0:00.00 tcpdump
26085 root      20   0   22564   5972   5224 S   0,0  0,0   0:00.01 tcpdump
26086 root      20   0   22564   6004   5256 S   0,0  0,0   0:00.01 tcpdump
26087 root      20   0   22564   5964   5212 S   0,0  0,0   0:00.00 tcpdump
26088 root      20   0   22564   5996   5248 S   0,0  0,0   0:00.01 tcpdump
26089 root      20   0   22564   6260   5376 S   0,0  0,0   0:00.00 tcpdump
26090 root      20   0   22564   6216   5328 S   0,0  0,0   0:00.00 tcpdump
25938 root      20   0  985428 141788   8912 S   3,9  0,9   0:02.93 ovs-vswitc+
26008 root      20   0  985448 129660   8912 S   3,9  0,8   0:01.51 ovs-vswitc+
25832 root      10 -10   20924   4948   4196 S   0,0  0,0   0:00.00 ovsdb-serv+
25871 root      10 -10   26456   9856   8912 S   0,0  0,1   0:00.00 ovs-vswitc+
25934 root      20   0   20912   4972   4188 S   0,0  0,0   0:00.01 ovsdb-serv+
26004 root      20   0   20912   4900   4148 S   0,0  0,0   0:00.01 ovsdb-serv+
26084 root      20   0   22564   6052   5304 S   0,0  0,0   0:00.00 tcpdump
26085 root      20   0   22564   5972   5224 S   0,0  0,0   0:00.01 tcpdump
26086 root      20   0   22564   6004   5256 S   0,0  0,0   0:00.01 tcpdump
26087 root      20   0   22564   5964   5212 S   0,0  0,0   0:00.00 tcpdump
26088 root      20   0   22564   5996   5248 S   0,0  0,0   0:00.01 tcpdump
26089 root      20   0   22564   6260   5376 S   0,0  0,0   0:00.00 tcpdump
26090 root      20   0   22564   6216   5328 S   0,0  0,0   0:00.00 tcpdump
25938 root      20   0  985428 141788   8912 S   2,9  0,9   0:02.96 ovs-vswitc+
26008 root      20   0  985448 129660   8912 S   2,9  0,8   0:01.54 ovs-vswitc+
25832 root      10 -10   20924   4948   4196 S   0,0  0,0   0:00.00 ovsdb-serv+
25871 root      10 -10   26456   9856   8912 S   0,0  0,1   0:00.00 ovs-vswitc+
25934 root      20   0   20912   4972   4188 S   0,0  0,0   0:00.01 ovsdb-serv+
26004 root      20   0   20912   4900   4148 S   0,0  0,0   0:00.01 ovsdb-serv+
26084 root      20   0   22564   6052   5304 S   0,0  0,0   0:00.00 tcpdump
26085 root      20   0   22564   5972   5224 S   0,0  0,0   0:00.01 tcpdump
26086 root      20   0   22564   6004   5256 S   0,0  0,0   0:00.01 tcpdump
26087 root      20   0   22564   5964   5212 S   0,0  0,0   0:00.00 tcpdump
26088 root      20   0   22564   5996   5248 S   0,0  0,0   0:00.01 tcpdump
26089 root      20   0   22564   6260   5376 S   0,0  0,0   0:00.00 tcpdump
26090 root      20   0   22564   6216   5328 S   0,0  0,0   0:00.00 tcpdump
25938 root      20   0  985428 141788   8912 S   4,0  0,9   0:03.00 ovs-vswitc+
26008 root      20   0  985448 129660   8912 S   4,0  0,8   0:01.58 ovs-vswitc+
25832 root      10 -10   20924   4948   4196 S   0,0  0,0   0:00.00 ovsdb-serv+
25871 root      10 -10   26456   9856   8912 S   0,0  0,1   0:00.00 ovs-vswitc+
25934 root      20   0   20912   4972   4188 S   0,0  0,0   0:00.01 ovsdb-serv+
26004 root      20   0   20912   4900   4148 S   0,0  0,0   0:00.01 ovsdb-serv+
26084 root      20   0   22564   6052   5304 S   0,0  0,0   0:00.00 tcpdump
26085 root      20   0   22564   5972   5224 S   0,0  0,0   0:00.01 tcpdump
26086 root      20   0   22564   6004   5256 S   0,0  0,0   0:00.01 tcpdump
26087 root      20   0   22564   5964   5212 S   0,0  0,0   0:00.00 tcpdump
26088 root      20   0   22564   5996   5248 S   0,0  0,0   0:00.01 tcpdump
26089 root      20   0   22564   6260   5376 S   0,0  0,0   0:00.00 tcpdump
26090 root      20   0   22564   6216   5328 S   0,0  0,0   0:00.00 tcpdump
26008 root      20   0  985448 129660   8912 S   3,9  0,8   0:01.62 ovs-vswitc+
25938 root      20   0  985428 141788   8912 S   2,9  0,9   0:03.03 ovs-vswitc+
25832 root      10 -10   20924   4948   4196 S   0,0  0,0   0:00.00 ovsdb-serv+
25871 root      10 -10   26456   9856   8912 S   0,0  0,1   0:00.00 ovs-vswitc+
25934 root      20   0   20912   4972   4188 S   0,0  0,0   0:00.01 ovsdb-serv+
26004 root      20   0   20912   4900   4148 S   0,0  0,0   0:00.01 ovsdb-serv+
26084 root      20   0   22564   6052   5304 S   0,0  0,0   0:00.00 tcpdump
26085 root      20   0   22564   5972   5224 S   0,0  0,0   0:00.01 tcpdump
26086 root      20   0   22564   6004   5256 S   0,0  0,0   0:00.01 tcpdump
26087 root      20   0   22564   5964   5212 S   0,0  0,0   0:00.00 tcpdump
26088 root      20   0   22564   5996   5248 S   0,0  0,0   0:00.01 tcpdump
26089 root      20   0   22564   6260   5376 S   0,0  0,0   0:00.00 tcpdump
26090 root      20   0   22564   6216   5328 S   0,0  0,0   0:00.00 tcpdump
26008 root      20   0  985448 129660   8912 S   4,9  0,8   0:01.67 ovs-vswitc+
25938 root      20   0  985428 141788   8912 S   2,0  0,9   0:03.05 ovs-vswitc+
25832 root      10 -10   20924   4948   4196 S   0,0  0,0   0:00.00 ovsdb-serv+
25871 root      10 -10   26456   9856   8912 S   0,0  0,1   0:00.00 ovs-vswitc+
25934 root      20   0   20912   4972   4188 S   0,0  0,0   0:00.01 ovsdb-serv+
26004 root      20   0   20912   4900   4148 S   0,0  0,0   0:00.01 ovsdb-serv+
26084 root      20   0   22564   6052   5304 S   0,0  0,0   0:00.00 tcpdump
26085 root      20   0   22564   5972   5224 S   0,0  0,0   0:00.01 tcpdump
26086 root      20   0   22564   6004   5256 S   0,0  0,0   0:00.01 tcpdump
26087 root      20   0   22564   5964   5212 S   0,0  0,0   0:00.00 tcpdump
26088 root      20   0   22564   5996   5248 S   0,0  0,0   0:00.01 tcpdump
26089 root      20   0   22564   6260   5376 S   0,0  0,0   0:00.00 tcpdump
26090 root      20   0   22564   6216   5328 S   0,0  0,0   0:00.00 tcpdump
25938 root      20   0  985428 141788   8912 S   3,0  0,9   0:03.08 ovs-vswitc+
26004 root      20   0   20912   4900   4148 S   1,0  0,0   0:00.02 ovsdb-serv+
26008 root      20   0  985448 129660   8912 S   1,0  0,8   0:01.68 ovs-vswitc+
25832 root      10 -10   20924   4948   4196 S   0,0  0,0   0:00.00 ovsdb-serv+
25871 root      10 -10   26456   9856   8912 S   0,0  0,1   0:00.00 ovs-vswitc+
25934 root      20   0   20912   4972   4188 S   0,0  0,0   0:00.01 ovsdb-serv+
26084 root      20   0   22564   6052   5304 S   0,0  0,0   0:00.00 tcpdump
26085 root      20   0   22564   5972   5224 S   0,0  0,0   0:00.01 tcpdump
26086 root      20   0   22564   6004   5256 S   0,0  0,0   0:00.01 tcpdump
26087 root      20   0   22564   5964   5212 S   0,0  0,0   0:00.00 tcpdump
26088 root      20   0   22564   5996   5248 S   0,0  0,0   0:00.01 tcpdump
26089 root      20   0   22564   6260   5376 S   0,0  0,0   0:00.00 tcpdump
26090 root      20   0   22564   6216   5328 S   0,0  0,0   0:00.00 tcpdump
25938 root      20   0  985428 141788   8912 S   2,0  0,9   0:03.10 ovs-vswitc+
26008 root      20   0  985448 129660   8912 S   1,0  0,8   0:01.69 ovs-vswitc+
25832 root      10 -10   20924   4948   4196 S   0,0  0,0   0:00.00 ovsdb-serv+
25871 root      10 -10   26456   9856   8912 S   0,0  0,1   0:00.00 ovs-vswitc+
25934 root      20   0   20912   4972   4188 S   0,0  0,0   0:00.01 ovsdb-serv+
26004 root      20   0   20912   4900   4148 S   0,0  0,0   0:00.02 ovsdb-serv+
26084 root      20   0   22564   6052   5304 S   0,0  0,0   0:00.00 tcpdump
26085 root      20   0   22564   5972   5224 S   0,0  0,0   0:00.01 tcpdump
26086 root      20   0   22564   6004   5256 S   0,0  0,0   0:00.01 tcpdump
26087 root      20   0   22564   5964   5212 S   0,0  0,0   0:00.00 tcpdump
26088 root      20   0   22564   5996   5248 S   0,0  0,0   0:00.01 tcpdump
26089 root      20   0   22564   6260   5376 S   0,0  0,0   0:00.00 tcpdump
26090 root      20   0   22564   6216   5328 S   0,0  0,0   0:00.00 tcpdump
25938 root      20   0  985428 141788   8912 S   3,9  0,9   0:03.14 ovs-vswitc+
26008 root      20   0  985448 129660   8912 S   1,0  0,8   0:01.70 ovs-vswitc+
25832 root      10 -10   20924   4948   4196 S   0,0  0,0   0:00.00 ovsdb-serv+
25871 root      10 -10   26456   9856   8912 S   0,0  0,1   0:00.00 ovs-vswitc+
25934 root      20   0   20912   4972   4188 S   0,0  0,0   0:00.01 ovsdb-serv+
26004 root      20   0   20912   4900   4148 S   0,0  0,0   0:00.02 ovsdb-serv+
26084 root      20   0   22564   6052   5304 S   0,0  0,0   0:00.00 tcpdump
26085 root      20   0   22564   5972   5224 S   0,0  0,0   0:00.01 tcpdump
26086 root      20   0   22564   6004   5256 S   0,0  0,0   0:00.01 tcpdump
26087 root      20   0   22564   5964   5212 S   0,0  0,0   0:00.00 tcpdump
26088 root      20   0   22564   5996   5248 S   0,0  0,0   0:00.01 tcpdump
26089 root      20   0   22564   6260   5376 S   0,0  0,0   0:00.00 tcpdump
26090 root      20   0   22564   6216   5328 S   0,0  0,0   0:00.00 tcpdump
25938 root      20   0  985428 141788   8912 S   1,0  0,9   0:03.15 ovs-vswitc+
26008 root      20   0  985448 129660   8912 S   1,0  0,8   0:01.71 ovs-vswitc+
25832 root      10 -10   20924   4948   4196 S   0,0  0,0   0:00.00 ovsdb-serv+
25871 root      10 -10   26456   9856   8912 S   0,0  0,1   0:00.00 ovs-vswitc+
25934 root      20   0   20912   4972   4188 S   0,0  0,0   0:00.01 ovsdb-serv+
26004 root      20   0   20912   4900   4148 S   0,0  0,0   0:00.02 ovsdb-serv+
26084 root      20   0   22564   6052   5304 S   0,0  0,0   0:00.00 tcpdump
26085 root      20   0   22564   5972   5224 S   0,0  0,0   0:00.01 tcpdump
26086 root      20   0   22564   6004   5256 S   0,0  0,0   0:00.01 tcpdump
26087 root      20   0   22564   5964   5212 S   0,0  0,0   0:00.00 tcpdump
26088 root      20   0   22564   5996   5248 S   0,0  0,0   0:00.01 tcpdump
26089 root      20   0   22564   6260   5376 S   0,0  0,0   0:00.00 tcpdump
26090 root      20   0   22564   6216   5328 S   0,0  0,0   0:00.00 tcpdump
25938 root      20   0  985428 141788   8912 S   1,0  0,9   0:03.16 ovs-vswitc+
25832 root      10 -10   20924   4948   4196 S   0,0  0,0   0:00.00 ovsdb-serv+
25871 root      10 -10   26456   9856   8912 S   0,0  0,1   0:00.00 ovs-vswitc+
25934 root      20   0   20912   4972   4188 S   0,0  0,0   0:00.01 ovsdb-serv+
26004 root      20   0   20912   4900   4148 S   0,0  0,0   0:00.02 ovsdb-serv+
26008 root      20   0  985448 129660   8912 S   0,0  0,8   0:01.71 ovs-vswitc+
26084 root      20   0   22564   6052   5304 S   0,0  0,0   0:00.00 tcpdump
26085 root      20   0   22564   5972   5224 S   0,0  0,0   0:00.01 tcpdump
26086 root      20   0   22564   6004   5256 S   0,0  0,0   0:00.01 tcpdump
26087 root      20   0   22564   5964   5212 S   0,0  0,0   0:00.00 tcpdump
26088 root      20   0   22564   5996   5248 S   0,0  0,0   0:00.01 tcpdump
26089 root      20   0   22564   6260   5376 S   0,0  0,0   0:00.00 tcpdump
26090 root      20   0   22564   6216   5328 S   0,0  0,0   0:00.00 tcpdump
26008 root      20   0  985448 129660   8912 S   2,0  0,8   0:01.73 ovs-vswitc+
25938 root      20   0  985428 141788   8912 S   1,0  0,9   0:03.17 ovs-vswitc+
25832 root      10 -10   20924   4948   4196 S   0,0  0,0   0:00.00 ovsdb-serv+
25871 root      10 -10   26456   9856   8912 S   0,0  0,1   0:00.00 ovs-vswitc+
25934 root      20   0   20912   4972   4188 S   0,0  0,0   0:00.01 ovsdb-serv+
26004 root      20   0   20912   4900   4148 S   0,0  0,0   0:00.02 ovsdb-serv+
26084 root      20   0   22564   6052   5304 S   0,0  0,0   0:00.00 tcpdump
26085 root      20   0   22564   5972   5224 S   0,0  0,0   0:00.01 tcpdump
26086 root      20   0   22564   6004   5256 S   0,0  0,0   0:00.01 tcpdump
26087 root      20   0   22564   5964   5212 S   0,0  0,0   0:00.00 tcpdump
26088 root      20   0   22564   5996   5248 S   0,0  0,0   0:00.01 tcpdump
26089 root      20   0   22564   6260   5376 S   0,0  0,0   0:00.00 tcpdump
26090 root      20   0   22564   6216   5328 S   0,0  0,0   0:00.00 tcpdump
25938 root      20   0  985428 141788   8912 S   1,0  0,9   0:03.18 ovs-vswitc+
25832 root      10 -10   20924   4948   4196 S   0,0  0,0   0:00.00 ovsdb-serv+
25871 root      10 -10   26456   9856   8912 S   0,0  0,1   0:00.00 ovs-vswitc+
25934 root      20   0   20912   4972   4188 S   0,0  0,0   0:00.01 ovsdb-serv+
26004 root      20   0   20912   4900   4148 S   0,0  0,0   0:00.02 ovsdb-serv+
26008 root      20   0  985448 129660   8912 S   0,0  0,8   0:01.73 ovs-vswitc+
26084 root      20   0   22564   6052   5304 S   0,0  0,0   0:00.00 tcpdump
26085 root      20   0   22564   5972   5224 S   0,0  0,0   0:00.01 tcpdump
26086 root      20   0   22564   6004   5256 S   0,0  0,0   0:00.01 tcpdump
26087 root      20   0   22564   5964   5212 S   0,0  0,0   0:00.00 tcpdump
26088 root      20   0   22564   5996   5248 S   0,0  0,0   0:00.01 tcpdump
26089 root      20   0   22564   6260   5376 S   0,0  0,0   0:00.00 tcpdump
26090 root      20   0   22564   6216   5328 S   0,0  0,0   0:00.00 tcpdump
25938 root      20   0  985428 141788   8912 S   1,0  0,9   0:03.19 ovs-vswitc+
26008 root      20   0  985448 129660   8912 S   1,0  0,8   0:01.74 ovs-vswitc+
25832 root      10 -10   20924   4948   4196 S   0,0  0,0   0:00.00 ovsdb-serv+
25871 root      10 -10   26456   9856   8912 S   0,0  0,1   0:00.00 ovs-vswitc+
25934 root      20   0   20912   4972   4188 S   0,0  0,0   0:00.01 ovsdb-serv+
26004 root      20   0   20912   4900   4148 S   0,0  0,0   0:00.02 ovsdb-serv+
26084 root      20   0   22564   6052   5304 S   0,0  0,0   0:00.00 tcpdump
26085 root      20   0   22564   5972   5224 S   0,0  0,0   0:00.01 tcpdump
26086 root      20   0   22564   6004   5256 S   0,0  0,0   0:00.01 tcpdump
26087 root      20   0   22564   5964   5212 S   0,0  0,0   0:00.00 tcpdump
26088 root      20   0   22564   5996   5248 S   0,0  0,0   0:00.01 tcpdump
26089 root      20   0   22564   6260   5376 S   0,0  0,0   0:00.00 tcpdump
26090 root      20   0   22564   6216   5328 S   0,0  0,0   0:00.00 tcpdump
25938 root      20   0  985428 141788   8912 S   1,0  0,9   0:03.20 ovs-vswitc+
26008 root      20   0  985448 129660   8912 S   1,0  0,8   0:01.75 ovs-vswitc+
25832 root      10 -10   20924   4948   4196 S   0,0  0,0   0:00.00 ovsdb-serv+
25871 root      10 -10   26456   9856   8912 S   0,0  0,1   0:00.00 ovs-vswitc+
25934 root      20   0   20912   4972   4188 S   0,0  0,0   0:00.01 ovsdb-serv+
26004 root      20   0   20912   4900   4148 S   0,0  0,0   0:00.02 ovsdb-serv+
26084 root      20   0   22564   6052   5304 S   0,0  0,0   0:00.00 tcpdump
26085 root      20   0   22564   5972   5224 S   0,0  0,0   0:00.01 tcpdump
26086 root      20   0   22564   6004   5256 S   0,0  0,0   0:00.01 tcpdump
26087 root      20   0   22564   5964   5212 S   0,0  0,0   0:00.00 tcpdump
26088 root      20   0   22564   5996   5248 S   0,0  0,0   0:00.01 tcpdump
26089 root      20   0   22564   6260   5376 S   0,0  0,0   0:00.00 tcpdump
26090 root      20   0   22564   6216   5328 S   0,0  0,0   0:00.00 tcpdump
25938 root      20   0  985428 141788   8912 S   1,0  0,9   0:03.21 ovs-vswitc+
26008 root      20   0  985448 129660   8912 S   1,0  0,8   0:01.76 ovs-vswitc+
25832 root      10 -10   20924   4948   4196 S   0,0  0,0   0:00.00 ovsdb-serv+
25871 root      10 -10   26456   9856   8912 S   0,0  0,1   0:00.00 ovs-vswitc+
25934 root      20   0   20912   4972   4188 S   0,0  0,0   0:00.01 ovsdb-serv+
26004 root      20   0   20912   4900   4148 S   0,0  0,0   0:00.02 ovsdb-serv+
26084 root      20   0   22564   6052   5304 S   0,0  0,0   0:00.00 tcpdump
26085 root      20   0   22564   5972   5224 S   0,0  0,0   0:00.01 tcpdump
26086 root      20   0   22564   6004   5256 S   0,0  0,0   0:00.01 tcpdump
26087 root      20   0   22564   5964   5212 S   0,0  0,0   0:00.00 tcpdump
26088 root      20   0   22564   5996   5248 S   0,0  0,0   0:00.01 tcpdump
26089 root      20   0   22564   6260   5376 S   0,0  0,0   0:00.00 tcpdump
26090 root      20   0   22564   6216   5328 S   0,0  0,0   0:00.00 tcpdump
25938 root      20   0  985428 141788   8912 S   1,0  0,9   0:03.22 ovs-vswitc+
26008 root      20   0  985448 129660   8912 S   1,0  0,8   0:01.77 ovs-vswitc+
25832 root      10 -10   20924   4948   4196 S   0,0  0,0   0:00.00 ovsdb-serv+
25871 root      10 -10   26456   9856   8912 S   0,0  0,1   0:00.00 ovs-vswitc+
25934 root      20   0   20912   4972   4188 S   0,0  0,0   0:00.01 ovsdb-serv+
26004 root      20   0   20912   4900   4148 S   0,0  0,0   0:00.02 ovsdb-serv+
26084 root      20   0   22564   6052   5304 S   0,0  0,0   0:00.00 tcpdump
26085 root      20   0   22564   5972   5224 S   0,0  0,0   0:00.01 tcpdump
26086 root      20   0   22564   6004   5256 S   0,0  0,0   0:00.01 tcpdump
26087 root      20   0   22564   5964   5212 S   0,0  0,0   0:00.00 tcpdump
26088 root      20   0   22564   5996   5248 S   0,0  0,0   0:00.01 tcpdump
26089 root      20   0   22564   6260   5376 S   0,0  0,0   0:00.00 tcpdump
26090 root      20   0   22564   6216   5328 S   0,0  0,0   0:00.00 tcpdump
26008 root      20   0  985448 129660   8912 S   2,0  0,8   0:01.79 ovs-vswitc+
25938 root      20   0  985428 141788   8912 S   1,0  0,9   0:03.23 ovs-vswitc+
25832 root      10 -10   20924   4948   4196 S   0,0  0,0   0:00.00 ovsdb-serv+
25871 root      10 -10   26456   9856   8912 S   0,0  0,1   0:00.00 ovs-vswitc+
25934 root      20   0   20912   4972   4188 S   0,0  0,0   0:00.01 ovsdb-serv+
26004 root      20   0   20912   4900   4148 S   0,0  0,0   0:00.02 ovsdb-serv+
26084 root      20   0   22564   6052   5304 S   0,0  0,0   0:00.00 tcpdump
26085 root      20   0   22564   5972   5224 S   0,0  0,0   0:00.01 tcpdump
26086 root      20   0   22564   6004   5256 S   0,0  0,0   0:00.01 tcpdump
26087 root      20   0   22564   5964   5212 S   0,0  0,0   0:00.00 tcpdump
26088 root      20   0   22564   5996   5248 S   0,0  0,0   0:00.01 tcpdump
26089 root      20   0   22564   6260   5376 S   0,0  0,0   0:00.00 tcpdump
26090 root      20   0   22564   6216   5328 S   0,0  0,0   0:00.00 tcpdump
25938 root      20   0  985428 141788   8912 S   1,0  0,9   0:03.24 ovs-vswitc+
25832 root      10 -10   20924   4948   4196 S   0,0  0,0   0:00.00 ovsdb-serv+
25871 root      10 -10   26456   9856   8912 S   0,0  0,1   0:00.00 ovs-vswitc+
25934 root      20   0   20912   4972   4188 S   0,0  0,0   0:00.01 ovsdb-serv+
26004 root      20   0   20912   4900   4148 S   0,0  0,0   0:00.02 ovsdb-serv+
26008 root      20   0  985448 129660   8912 S   0,0  0,8   0:01.79 ovs-vswitc+
26084 root      20   0   22564   6052   5304 S   0,0  0,0   0:00.00 tcpdump
26085 root      20   0   22564   5972   5224 S   0,0  0,0   0:00.01 tcpdump
26086 root      20   0   22564   6004   5256 S   0,0  0,0   0:00.01 tcpdump
26087 root      20   0   22564   5964   5212 S   0,0  0,0   0:00.00 tcpdump
26088 root      20   0   22564   5996   5248 S   0,0  0,0   0:00.01 tcpdump
26089 root      20   0   22564   6260   5376 S   0,0  0,0   0:00.00 tcpdump
26090 root      20   0   22564   6216   5328 S   0,0  0,0   0:00.00 tcpdump
26008 root      20   0  985448 129660   8912 S   2,0  0,8   0:01.81 ovs-vswitc+
25938 root      20   0  985428 141788   8912 S   1,0  0,9   0:03.25 ovs-vswitc+
25832 root      10 -10   20924   4948   4196 S   0,0  0,0   0:00.00 ovsdb-serv+
25871 root      10 -10   26456   9856   8912 S   0,0  0,1   0:00.00 ovs-vswitc+
25934 root      20   0   20912   4972   4188 S   0,0  0,0   0:00.01 ovsdb-serv+
26004 root      20   0   20912   4900   4148 S   0,0  0,0   0:00.02 ovsdb-serv+
26084 root      20   0   22564   6052   5304 S   0,0  0,0   0:00.00 tcpdump
26085 root      20   0   22564   5972   5224 S   0,0  0,0   0:00.01 tcpdump
26086 root      20   0   22564   6004   5256 S   0,0  0,0   0:00.01 tcpdump
26087 root      20   0   22564   5964   5212 S   0,0  0,0   0:00.00 tcpdump
26088 root      20   0   22564   5996   5248 S   0,0  0,0   0:00.01 tcpdump
26089 root      20   0   22564   6260   5376 S   0,0  0,0   0:00.00 tcpdump
26090 root      20   0   22564   6216   5328 S   0,0  0,0   0:00.00 tcpdump
25934 root      20   0   20912   4972   4188 S   1,0  0,0   0:00.02 ovsdb-serv+
25938 root      20   0  985428 141788   8912 S   1,0  0,9   0:03.26 ovs-vswitc+
25832 root      10 -10   20924   4948   4196 S   0,0  0,0   0:00.00 ovsdb-serv+
25871 root      10 -10   26456   9856   8912 S   0,0  0,1   0:00.00 ovs-vswitc+
26004 root      20   0   20912   4900   4148 S   0,0  0,0   0:00.02 ovsdb-serv+
26008 root      20   0  985448 129660   8912 S   0,0  0,8   0:01.81 ovs-vswitc+
26084 root      20   0   22564   6052   5304 S   0,0  0,0   0:00.00 tcpdump
26085 root      20   0   22564   5972   5224 S   0,0  0,0   0:00.01 tcpdump
26086 root      20   0   22564   6004   5256 S   0,0  0,0   0:00.01 tcpdump
26087 root      20   0   22564   5964   5212 S   0,0  0,0   0:00.00 tcpdump
26088 root      20   0   22564   5996   5248 S   0,0  0,0   0:00.01 tcpdump
26089 root      20   0   22564   6260   5376 S   0,0  0,0   0:00.00 tcpdump
26090 root      20   0   22564   6216   5328 S   0,0  0,0   0:00.00 tcpdump
26008 root      20   0  985448 129660   8912 S   2,0  0,8   0:01.83 ovs-vswitc+
25938 root      20   0  985428 141788   8912 S   1,0  0,9   0:03.27 ovs-vswitc+
25832 root      10 -10   20924   4948   4196 S   0,0  0,0   0:00.00 ovsdb-serv+
25871 root      10 -10   26456   9856   8912 S   0,0  0,1   0:00.00 ovs-vswitc+
25934 root      20   0   20912   4972   4188 S   0,0  0,0   0:00.02 ovsdb-serv+
26004 root      20   0   20912   4900   4148 S   0,0  0,0   0:00.02 ovsdb-serv+
26084 root      20   0   22564   6052   5304 S   0,0  0,0   0:00.00 tcpdump
26085 root      20   0   22564   5972   5224 S   0,0  0,0   0:00.01 tcpdump
26086 root      20   0   22564   6004   5256 S   0,0  0,0   0:00.01 tcpdump
26087 root      20   0   22564   5964   5212 S   0,0  0,0   0:00.00 tcpdump
26088 root      20   0   22564   5996   5248 S   0,0  0,0   0:00.01 tcpdump
26089 root      20   0   22564   6260   5376 S   0,0  0,0   0:00.00 tcpdump
26090 root      20   0   22564   6216   5328 S   0,0  0,0   0:00.00 tcpdump
25938 root      20   0  985428 141788   8912 S   1,0  0,9   0:03.28 ovs-vswitc+
25832 root      10 -10   20924   4948   4196 S   0,0  0,0   0:00.00 ovsdb-serv+
25871 root      10 -10   26456   9856   8912 S   0,0  0,1   0:00.00 ovs-vswitc+
25934 root      20   0   20912   4972   4188 S   0,0  0,0   0:00.02 ovsdb-serv+
26004 root      20   0   20912   4900   4148 S   0,0  0,0   0:00.02 ovsdb-serv+
26008 root      20   0  985448 129660   8912 S   0,0  0,8   0:01.83 ovs-vswitc+
26084 root      20   0   22564   6052   5304 S   0,0  0,0   0:00.00 tcpdump
26085 root      20   0   22564   5972   5224 S   0,0  0,0   0:00.01 tcpdump
26086 root      20   0   22564   6004   5256 S   0,0  0,0   0:00.01 tcpdump
26087 root      20   0   22564   5964   5212 S   0,0  0,0   0:00.00 tcpdump
26088 root      20   0   22564   5996   5248 S   0,0  0,0   0:00.01 tcpdump
26089 root      20   0   22564   6260   5376 S   0,0  0,0   0:00.00 tcpdump
26090 root      20   0   22564   6216   5328 S   0,0  0,0   0:00.00 tcpdump
26008 root      20   0  985448 129660   8912 S   1,0  0,8   0:01.84 ovs-vswitc+
25832 root      10 -10   20924   4948   4196 S   0,0  0,0   0:00.00 ovsdb-serv+
25871 root      10 -10   26456   9856   8912 S   0,0  0,1   0:00.00 ovs-vswitc+
25934 root      20   0   20912   4972   4188 S   0,0  0,0   0:00.02 ovsdb-serv+
25938 root      20   0  985428 141788   8912 S   0,0  0,9   0:03.28 ovs-vswitc+
26004 root      20   0   20912   4900   4148 S   0,0  0,0   0:00.02 ovsdb-serv+
26084 root      20   0   22564   6052   5304 S   0,0  0,0   0:00.00 tcpdump
26085 root      20   0   22564   5972   5224 S   0,0  0,0   0:00.01 