28527 root      20   0  985304 118368   8912 S  31,2  0,7   0:00.17 ovs-vswitc+
28457 root      20   0  985300 118368   8912 S  18,8  0,7   0:00.12 ovs-vswitc+
28351 root      10 -10   20924   4888   4136 S   0,0  0,0   0:00.00 ovsdb-serv+
28390 root      10 -10   26456   9856   8912 S   0,0  0,1   0:00.00 ovs-vswitc+
28453 root      20   0   20912   5096   4316 S   0,0  0,0   0:00.00 ovsdb-serv+
28523 root      20   0   20912   4888   4108 S   0,0  0,0   0:00.01 ovsdb-serv+
28603 root      20   0   22564   5996   5248 S   0,0  0,0   0:00.00 tcpdump
28604 root      20   0   22564   5992   5240 S   0,0  0,0   0:00.00 tcpdump
28605 root      20   0   22564   6160   5408 S   0,0  0,0   0:00.00 tcpdump
28606 root      20   0   22564   6064   5316 S   0,0  0,0   0:00.00 tcpdump
28607 root      20   0   22564   6120   5372 S   0,0  0,0   0:00.00 tcpdump
28608 root      20   0   22564   6276   5388 S   0,0  0,0   0:00.00 tcpdump
28609 root      20   0   22564   6188   5304 S   0,0  0,0   0:00.00 tcpdump
28527 root      20   0  985304 118368   8912 S   1,0  0,7   0:00.18 ovs-vswitc+
28351 root      10 -10   20924   4888   4136 S   0,0  0,0   0:00.00 ovsdb-serv+
28390 root      10 -10   26456   9856   8912 S   0,0  0,1   0:00.00 ovs-vswitc+
28453 root      20   0   20912   5096   4316 S   0,0  0,0   0:00.00 ovsdb-serv+
28457 root      20   0  985300 118368   8912 S   0,0  0,7   0:00.12 ovs-vswitc+
28523 root      20   0   20912   4888   4108 S   0,0  0,0   0:00.01 ovsdb-serv+
28603 root      20   0   22564   5996   5248 S   0,0  0,0   0:00.00 tcpdump
28604 root      20   0   22564   5992   5240 S   0,0  0,0   0:00.00 tcpdump
28605 root      20   0   22564   6160   5408 S   0,0  0,0   0:00.00 tcpdump
28606 root      20   0   22564   6064   5316 S   0,0  0,0   0:00.00 tcpdump
28607 root      20   0   22564   6120   5372 S   0,0  0,0   0:00.00 tcpdump
28608 root      20   0   22564   6276   5388 S   0,0  0,0   0:00.00 tcpdump
28609 root      20   0   22564   6188   5304 S   0,0  0,0   0:00.00 tcpdump
28453 root      20   0   20912   5096   4316 S   1,0  0,0   0:00.01 ovsdb-serv+
28457 root      20   0  985300 118368   8912 S   1,0  0,7   0:00.13 ovs-vswitc+
28351 root      10 -10   20924   4888   4136 S   0,0  0,0   0:00.00 ovsdb-serv+
28390 root      10 -10   26456   9856   8912 S   0,0  0,1   0:00.00 ovs-vswitc+
28523 root      20   0   20912   4888   4108 S   0,0  0,0   0:00.01 ovsdb-serv+
28527 root      20   0  985304 118368   8912 S   0,0  0,7   0:00.18 ovs-vswitc+
28603 root      20   0   22564   5996   5248 S   0,0  0,0   0:00.00 tcpdump
28604 root      20   0   22564   5992   5240 S   0,0  0,0   0:00.00 tcpdump
28605 root      20   0   22564   6160   5408 S   0,0  0,0   0:00.00 tcpdump
28606 root      20   0   22564   6064   5316 S   0,0  0,0   0:00.00 tcpdump
28607 root      20   0   22564   6120   5372 S   0,0  0,0   0:00.00 tcpdump
28608 root      20   0   22564   6276   5388 S   0,0  0,0   0:00.00 tcpdump
28609 root      20   0   22564   6188   5304 S   0,0  0,0   0:00.00 tcpdump
28527 root      20   0  985304 118368   8912 S   3,0  0,7   0:00.21 ovs-vswitc+
28351 root      10 -10   20924   4888   4136 S   0,0  0,0   0:00.00 ovsdb-serv+
28390 root      10 -10   26456   9856   8912 S   0,0  0,1   0:00.00 ovs-vswitc+
28453 root      20   0   20912   5096   4316 S   0,0  0,0   0:00.01 ovsdb-serv+
28457 root      20   0  985300 118368   8912 S   0,0  0,7   0:00.13 ovs-vswitc+
28523 root      20   0   20912   4888   4108 S   0,0  0,0   0:00.01 ovsdb-serv+
28603 root      20   0   22564   5996   5248 S   0,0  0,0   0:00.00 tcpdump
28604 root      20   0   22564   5992   5240 S   0,0  0,0   0:00.00 tcpdump
28605 root      20   0   22564   6160   5408 S   0,0  0,0   0:00.00 tcpdump
28606 root      20   0   22564   6064   5316 S   0,0  0,0   0:00.00 tcpdump
28607 root      20   0   22564   6120   5372 S   0,0  0,0   0:00.00 tcpdump
28608 root      20   0   22564   6276   5388 S   0,0  0,0   0:00.00 tcpdump
28609 root      20   0   22564   6188   5304 S   0,0  0,0   0:00.00 tcpdump
28527 root      20   0  985304 118368   8912 S   1,0  0,7   0:00.22 ovs-vswitc+
28351 root      10 -10   20924   4888   4136 S   0,0  0,0   0:00.00 ovsdb-serv+
28390 root      10 -10   26456   9856   8912 S   0,0  0,1   0:00.00 ovs-vswitc+
28453 root      20   0   20912   5096   4316 S   0,0  0,0   0:00.01 ovsdb-serv+
28457 root      20   0  985300 118368   8912 S   0,0  0,7   0:00.13 ovs-vswitc+
28523 root      20   0   20912   4888   4108 S   0,0  0,0   0:00.01 ovsdb-serv+
28603 root      20   0   22564   5996   5248 S   0,0  0,0   0:00.00 tcpdump
28604 root      20   0   22564   5992   5240 S   0,0  0,0   0:00.00 tcpdump
28605 root      20   0   22564   6160   5408 S   0,0  0,0   0:00.00 tcpdump
28606 root      20   0   22564   6064   5316 S   0,0  0,0   0:00.00 tcpdump
28607 root      20   0   22564   6120   5372 S   0,0  0,0   0:00.00 tcpdump
28608 root      20   0   22564   6276   5388 S   0,0  0,0   0:00.00 tcpdump
28609 root      20   0   22564   6188   5304 S   0,0  0,0   0:00.00 tcpdump
28457 root      20   0  985300 118368   8912 S   1,0  0,7   0:00.14 ovs-vswitc+
28527 root      20   0  985304 118368   8912 S   1,0  0,7   0:00.23 ovs-vswitc+
28351 root      10 -10   20924   4888   4136 S   0,0  0,0   0:00.00 ovsdb-serv+
28390 root      10 -10   26456   9856   8912 S   0,0  0,1   0:00.00 ovs-vswitc+
28453 root      20   0   20912   5096   4316 S   0,0  0,0   0:00.01 ovsdb-serv+
28523 root      20   0   20912   4888   4108 S   0,0  0,0   0:00.01 ovsdb-serv+
28603 root      20   0   22564   5996   5248 S   0,0  0,0   0:00.00 tcpdump
28604 root      20   0   22564   5992   5240 S   0,0  0,0   0:00.00 tcpdump
28605 root      20   0   22564   6160   5408 S   0,0  0,0   0:00.00 tcpdump
28606 root      20   0   22564   6064   5316 S   0,0  0,0   0:00.00 tcpdump
28607 root      20   0   22564   6120   5372 S   0,0  0,0   0:00.00 tcpdump
28608 root      20   0   22564   6276   5388 S   0,0  0,0   0:00.00 tcpdump
28609 root      20   0   22564   6188   5304 S   0,0  0,0   0:00.00 tcpdump
28457 root      20   0  985300 118368   8912 S   1,0  0,7   0:00.15 ovs-vswitc+
28351 root      10 -10   20924   4888   4136 S   0,0  0,0   0:00.00 ovsdb-serv+
28390 root      10 -10   26456   9856   8912 S   0,0  0,1   0:00.00 ovs-vswitc+
28453 root      20   0   20912   5096   4316 S   0,0  0,0   0:00.01 ovsdb-serv+
28523 root      20   0   20912   4888   4108 S   0,0  0,0   0:00.01 ovsdb-serv+
28527 root      20   0  985304 118368   8912 S   0,0  0,7   0:00.23 ovs-vswitc+
28603 root      20   0   22564   5996   5248 S   0,0  0,0   0:00.00 tcpdump
28604 root      20   0   22564   5992   5240 S   0,0  0,0   0:00.00 tcpdump
28605 root      20   0   22564   6160   5408 S   0,0  0,0   0:00.00 tcpdump
28606 root      20   0   22564   6064   5316 S   0,0  0,0   0:00.00 tcpdump
28607 root      20   0   22564   6120   5372 S   0,0  0,0   0:00.00 tcpdump
28608 root      20   0   22564   6276   5388 S   0,0  0,0   0:00.00 tcpdump
28609 root      20   0   22564   6188   5304 S   0,0  0,0   0:00.00 tcpdump
28527 root      20   0  985420 118552   8912 S   2,9  0,7   0:00.26 ovs-vswitc+
28457 root      20   0  985300 118368   8912 S   1,0  0,7   0:00.16 ovs-vswitc+
28351 root      10 -10   20924   4888   4136 S   0,0  0,0   0:00.00 ovsdb-serv+
28390 root      10 -10   26456   9856   8912 S   0,0  0,1   0:00.00 ovs-vswitc+
28453 root      20   0   20912   5096   4316 S   0,0  0,0   0:00.01 ovsdb-serv+
28523 root      20   0   20912   4888   4108 S   0,0  0,0   0:00.01 ovsdb-serv+
28603 root      20   0   22564   5996   5248 S   0,0  0,0   0:00.00 tcpdump
28604 root      20   0   22564   5992   5240 S   0,0  0,0   0:00.00 tcpdump
28605 root      20   0   22564   6160   5408 S   0,0  0,0   0:00.00 tcpdump
28606 root      20   0   22564   6064   5316 S   0,0  0,0   0:00.00 tcpdump
28607 root      20   0   22564   6120   5372 S   0,0  0,0   0:00.00 tcpdump
28608 root      20   0   22564   6276   5388 S   0,0  0,0   0:00.00 tcpdump
28609 root      20   0   22564   6188   5304 S   0,0  0,0   0:00.00 tcpdump
28457 root      20   0  985396 118532   8912 S   2,0  0,7   0:00.18 ovs-vswitc+
28527 root      20   0  985420 118552   8912 S   2,0  0,7   0:00.28 ovs-vswitc+
28351 root      10 -10   20924   4888   4136 S   0,0  0,0   0:00.00 ovsdb-serv+
28390 root      10 -10   26456   9856   8912 S   0,0  0,1   0:00.00 ovs-vswitc+
28453 root      20   0   20912   5096   4316 S   0,0  0,0   0:00.01 ovsdb-serv+
28523 root      20   0   20912   4888   4108 S   0,0  0,0   0:00.01 ovsdb-serv+
28603 root      20   0   22564   5996   5248 S   0,0  0,0   0:00.00 tcpdump
28604 root      20   0   22564   5992   5240 S   0,0  0,0   0:00.00 tcpdump
28605 root      20   0   22564   6160   5408 S   0,0  0,0   0:00.00 tcpdump
28606 root      20   0   22564   6064   5316 S   0,0  0,0   0:00.00 tcpdump
28607 root      20   0   22564   6120   5372 S   0,0  0,0   0:00.00 tcpdump
28608 root      20   0   22564   6276   5388 S   0,0  0,0   0:00.00 tcpdump
28609 root      20   0   22564   6188   5304 S   0,0  0,0   0:00.00 tcpdump
28457 root      20   0  985396 118532   8912 S   1,0  0,7   0:00.19 ovs-vswitc+
28527 root      20   0  985420 118552   8912 S   1,0  0,7   0:00.29 ovs-vswitc+
28351 root      10 -10   20924   4888   4136 S   0,0  0,0   0:00.00 ovsdb-serv+
28390 root      10 -10   26456   9856   8912 S   0,0  0,1   0:00.00 ovs-vswitc+
28453 root      20   0   20912   5096   4316 S   0,0  0,0   0:00.01 ovsdb-serv+
28523 root      20   0   20912   4888   4108 S   0,0  0,0   0:00.01 ovsdb-serv+
28603 root      20   0   22564   5996   5248 S   0,0  0,0   0:00.00 tcpdump
28604 root      20   0   22564   5992   5240 S   0,0  0,0   0:00.00 tcpdump
28605 root      20   0   22564   6160   5408 S   0,0  0,0   0:00.00 tcpdump
28606 root      20   0   22564   6064   5316 S   0,0  0,0   0:00.00 tcpdump
28607 root      20   0   22564   6120   5372 S   0,0  0,0   0:00.00 tcpdump
28608 root      20   0   22564   6276   5388 S   0,0  0,0   0:00.00 tcpdump
28609 root      20   0   22564   6188   5304 S   0,0  0,0   0:00.00 tcpdump
28457 root      20   0  985396 118532   8912 S   1,0  0,7   0:00.20 ovs-vswitc+
28527 root      20   0  985420 118552   8912 S   1,0  0,7   0:00.30 ovs-vswitc+
28351 root      10 -10   20924   4888   4136 S   0,0  0,0   0:00.00 ovsdb-serv+
28390 root      10 -10   26456   9856   8912 S   0,0  0,1   0:00.00 ovs-vswitc+
28453 root      20   0   20912   5096   4316 S   0,0  0,0   0:00.01 ovsdb-serv+
28523 root      20   0   20912   4888   4108 S   0,0  0,0   0:00.01 ovsdb-serv+
28603 root      20   0   22564   5996   5248 S   0,0  0,0   0:00.00 tcpdump
28604 root      20   0   22564   5992   5240 S   0,0  0,0   0:00.00 tcpdump
28605 root      20   0   22564   6160   5408 S   0,0  0,0   0:00.00 tcpdump
28606 root      20   0   22564   6064   5316 S   0,0  0,0   0:00.00 tcpdump
28607 root      20   0   22564   6120   5372 S   0,0  0,0   0:00.00 tcpdump
28608 root      20   0   22564   6276   5388 S   0,0  0,0   0:00.00 tcpdump
28609 root      20   0   22564   6188   5304 S   0,0  0,0   0:00.00 tcpdump
28457 root      20   0  985396 118532   8912 S   1,0  0,7   0:00.21 ovs-vswitc+
28527 root      20   0  985420 118552   8912 S   1,0  0,7   0:00.31 ovs-vswitc+
28351 root      10 -10   20924   4888   4136 S   0,0  0,0   0:00.00 ovsdb-serv+
28390 root      10 -10   26456   9856   8912 S   0,0  0,1   0:00.00 ovs-vswitc+
28453 root      20   0   20912   5096   4316 S   0,0  0,0   0:00.01 ovsdb-serv+
28523 root      20   0   20912   4888   4108 S   0,0  0,0   0:00.01 ovsdb-serv+
28603 root      20   0   22564   5996   5248 S   0,0  0,0   0:00.00 tcpdump
28604 root      20   0   22564   5992   5240 S   0,0  0,0   0:00.00 tcpdump
28605 root      20   0   22564   6160   5408 S   0,0  0,0   0:00.00 tcpdump
28606 root      20   0   22564   6064   5316 S   0,0  0,0   0:00.00 tcpdump
28607 root      20   0   22564   6120   5372 S   0,0  0,0   0:00.00 tcpdump
28608 root      20   0   22564   6276   5388 S   0,0  0,0   0:00.00 tcpdump
28609 root      20   0   22564   6188   5304 S   0,0  0,0   0:00.00 tcpdump
28457 root      20   0  985396 118532   8912 S   1,0  0,7   0:00.22 ovs-vswitc+
28527 root      20   0  985420 118552   8912 S   1,0  0,7   0:00.32 ovs-vswitc+
28351 root      10 -10   20924   4888   4136 S   0,0  0,0   0:00.00 ovsdb-serv+
28390 root      10 -10   26456   9856   8912 S   0,0  0,1   0:00.00 ovs-vswitc+
28453 root      20   0   20912   5096   4316 S   0,0  0,0   0:00.01 ovsdb-serv+
28523 root      20   0   20912   4888   4108 S   0,0  0,0   0:00.01 ovsdb-serv+
28603 root      20   0   22564   5996   5248 S   0,0  0,0   0:00.00 tcpdump
28604 root      20   0   22564   5992   5240 S   0,0  0,0   0:00.00 tcpdump
28605 root      20   0   22564   6160   5408 S   0,0  0,0   0:00.00 tcpdump
28606 root      20   0   22564   6064   5316 S   0,0  0,0   0:00.00 tcpdump
28607 root      20   0   22564   6120   5372 S   0,0  0,0   0:00.00 tcpdump
28608 root      20   0   22564   6276   5388 S   0,0  0,0   0:00.00 tcpdump
28609 root      20   0   22564   6188   5304 S   0,0  0,0   0:00.00 tcpdump
28457 root      20   0  985396 118532   8912 S   1,0  0,7   0:00.23 ovs-vswitc+
28527 root      20   0  985420 118552   8912 S   1,0  0,7   0:00.33 ovs-vswitc+
28351 root      10 -10   20924   4888   4136 S   0,0  0,0   0:00.00 ovsdb-serv+
28390 root      10 -10   26456   9856   8912 S   0,0  0,1   0:00.00 ovs-vswitc+
28453 root      20   0   20912   5096   4316 S   0,0  0,0   0:00.01 ovsdb-serv+
28523 root      20   0   20912   4888   4108 S   0,0  0,0   0:00.01 ovsdb-serv+
28603 root      20   0   22564   5996   5248 S   0,0  0,0   0:00.00 tcpdump
28604 root      20   0   22564   5992   5240 S   0,0  0,0   0:00.00 tcpdump
28605 root      20   0   22564   6160   5408 S   0,0  0,0   0:00.00 tcpdump
28606 root      20   0   22564   6064   5316 S   0,0  0,0   0:00.00 tcpdump
28607 root      20   0   22564   6120   5372 S   0,0  0,0   0:00.00 tcpdump
28608 root      20   0   22564   6276   5388 S   0,0  0,0   0:00.00 tcpdump
28609 root      20   0   22564   6188   5304 S   0,0  0,0   0:00.00 tcpdump
28457 root      20   0  985396 118532   8912 S   1,0  0,7   0:00.24 ovs-vswitc+
28527 root      20   0  985420 118552   8912 S   1,0  0,7   0:00.34 ovs-vswitc+
28351 root      10 -10   20924   4888   4136 S   0,0  0,0   0:00.00 ovsdb-serv+
28390 root      10 -10   26456   9856   8912 S   0,0  0,1   0:00.00 ovs-vswitc+
28453 root      20   0   20912   5096   4316 S   0,0  0,0   0:00.01 ovsdb-serv+
28523 root      20   0   20912   4888   4108 S   0,0  0,0   0:00.01 ovsdb-serv+
28603 root      20   0   22564   5996   5248 S   0,0  0,0   0:00.00 tcpdump
28604 root      20   0   22564   5992   5240 S   0,0  0,0   0:00.00 tcpdump
28605 root      20   0   22564   6160   5408 S   0,0  0,0   0:00.00 tcpdump
28606 root      20   0   22564   6064   5316 S   0,0  0,0   0:00.00 tcpdump
28607 root      20   0   22564   6120   5372 S   0,0  0,0   0:00.00 tcpdump
28608 root      20   0   22564   6276   5388 S   0,0  0,0   0:00.00 tcpdump
28609 root      20   0   22564   6188   5304 S   0,0  0,0   0:00.00 tcpdump
28527 root      20   0  985420 118552   8912 S   1,0  0,7   0:00.35 ovs-vswitc+
28351 root      10 -10   20924   4888   4136 S   0,0  0,0   0:00.00 ovsdb-serv+
28390 root      10 -10   26456   9856   8912 S   0,0  0,1   0:00.00 ovs-vswitc+
28453 root      20   0   20912   5096   4316 S   0,0  0,0   0:00.01 ovsdb-serv+
28457 root      20   0  985396 118532   8912 S   0,0  0,7   0:00.24 ovs-vswitc+
28523 root      20   0   20912   4888   4108 S   0,0  0,0   0:00.01 ovsdb-serv+
28603 root      20   0   22564   5996   5248 S   0,0  0,0   0:00.00 tcpdump
28604 root      20   0   22564   5992   5240 S   0,0  0,0   0:00.00 tcpdump
28605 root      20   0   22564   6160   5408 S   0,0  0,0   0:00.00 tcpdump
28606 root      20   0   22564   6064   5316 S   0,0  0,0   0:00.00 tcpdump
28607 root      20   0   22564   6120   5372 S   0,0  0,0   0:00.00 tcpdump
28608 root      20   0   22564   6276   5388 S   0,0  0,0   0:00.00 tcpdump
28609 root      20   0   22564   6188   5304 S   0,0  0,0   0:00.00 tcpdump
28457 root      20   0  985396 118532   8912 S   2,0  0,7   0:00.26 ovs-vswitc+
28351 root      10 -10   20924   4888   4136 S   0,0  0,0   0:00.00 ovsdb-serv+
28390 root      10 -10   26456   9856   8912 S   0,0  0,1   0:00.00 ovs-vswitc+
28453 root      20   0   20912   5096   4316 S   0,0  0,0   0:00.01 ovsdb-serv+
28523 root      20   0   20912   4888   4108 S   0,0  0,0   0:00.01 ovsdb-serv+
28527 root      20   0  985420 118552   8912 S   0,0  0,7   0:00.35 ovs-vswitc+
28603 root      20   0   22564   5996   5248 S   0,0  0,0   0:00.00 tcpdump
28604 root      20   0   22564   5992   5240 S   0,0  0,0   0:00.00 tcpdump
28605 root      20   0   22564   6160   5408 S   0,0  0,0   0:00.00 tcpdump
28606 root      20   0   22564   6064   5316 S   0,0  0,0   0:00.00 tcpdump
28607 root      20   0   22564   6120   5372 S   0,0  0,0   0:00.00 tcpdump
28608 root      20   0   22564   6276   5388 S   0,0  0,0   0:00.00 tcpdump
28609 root      20   0   22564   6188   5304 S   0,0  0,0   0:00.00 tcpdump
28527 root      20   0  985420 118552   8912 S   2,0  0,7   0:00.37 ovs-vswitc+
28351 root      10 -10   20924   4888   4136 S   0,0  0,0   0:00.00 ovsdb-serv+
28390 root      10 -10   26456   9856   8912 S   0,0  0,1   0:00.00 ovs-vswitc+
28453 root      20   0   20912   5096   4316 S   0,0  0,0   0:00.01 ovsdb-serv+
28457 root      20   0  985396 118532   8912 S   0,0  0,7   0:00.26 ovs-vswitc+
28523 root      20   0   20912   4888   4108 S   0,0  0,0   0:00.01 ovsdb-serv+
28603 root      20   0   22564   5996   5248 S   0,0  0,0   0:00.00 tcpdump
28604 root      20   0   22564   5992   5240 S   0,0  0,0   0:00.00 tcpdump
28605 root      20   0   22564   6160   5408 S   0,0  0,0   0:00.00 tcpdump
28606 root      20   0   22564   6064   5316 S   0,0  0,0   0:00.00 tcpdump
28607 root      20   0   22564   6120   5372 S   0,0  0,0   0:00.00 tcpdump
28608 root      20   0   22564   6276   5388 S   0,0  0,0   0:00.00 tcpdump
28609 root      20   0   22564   6188   5304 S   0,0  0,0   0:00.00 tcpdump
28457 root      20   0  985396 118532   8912 S   1,0  0,7   0:00.27 ovs-vswitc+
28527 root      20   0  985420 118552   8912 S   1,0  0,7   0:00.38 ovs-vswitc+
28351 root      10 -10   20924   4888   4136 S   0,0  0,0   0:00.00 ovsdb-serv+
28390 root      10 -10   26456   9856   8912 S   0,0  0,1   0:00.00 ovs-vswitc+
28453 root      20   0   20912   5096   4316 S   0,0  0,0   0:00.01 ovsdb-serv+
28523 root      20   0   20912   4888   4108 S   0,0  0,0   0:00.01 ovsdb-serv+
28603 root      20   0   22564   5996   5248 S   0,0  0,0   0:00.00 tcpdump
28604 root      20   0   22564   5992   5240 S   0,0  0,0   0:00.00 tcpdump
28605 root      20   0   22564   6160   5408 S   0,0  0,0   0:00.00 tcpdump
28606 root      20   0   22564   6064   5316 S   0,0  0,0   0:00.00 tcpdump
28607 root      20   0   22564   6120   5372 S   0,0  0,0   0:00.00 tcpdump
28608 root      20   0   22564   6276   5388 S   0,0  0,0   0:00.00 tcpdump
28609 root      20   0   22564   6188   5304 S   0,0  0,0   0:00.00 tcpdump
28457 root      20   0  985396 118532   8912 S   1,0  0,7   0:00.28 ovs-vswitc+
28527 root      20   0  985420 118552   8912 S   1,0  0,7   0:00.39 ovs-vswitc+
28351 root      10 -10   20924   4888   4136 S   0,0  0,0   0:00.00 ovsdb-serv+
28390 root      10 -10   26456   9856   8912 S   0,0  0,1   0:00.00 ovs-vswitc+
28453 root      20   0   20912   5096   4316 S   0,0  0,0   0:00.01 ovsdb-serv+
28523 root      20   0   20912   4888   4108 S   0,0  0,0   0:00.01 ovsdb-serv+
28603 root      20   0   22564   5996   5248 S   0,0  0,0   0:00.00 tcpdump
28604 root      20   0   22564   5992   5240 S   0,0  0,0   0:00.00 tcpdump
28605 root      20   0   22564   6160   5408 S   0,0  0,0   0:00.00 tcpdump
28606 root      20   0   22564   6064   5316 S   0,0  0,0   0:00.00 tcpdump
28607 root      20   0   22564   6120   5372 S   0,0  0,0   0:00.00 tcpdump
28608 root      20   0   22564   6276   5388 S   0,0  0,0   0:00.00 tcpdump
28609 root      20   0   22564   6188   5304 S   0,0  0,0   0:00.00 tcpdump
28523 root      20   0   20912   4888   4108 S   1,0  0,0   0:00.02 ovsdb-serv+
28527 root      20   0  985420 118552   8912 S   1,0  0,7   0:00.40 ovs-vswitc+
28351 root      10 -10   20924   4888   4136 S   0,0  0,0   0:00.00 ovsdb-serv+
28390 root      10 -10   26456   9856   8912 S   0,0  0,1   0:00.00 ovs-vswitc+
28453 root      20   0   20912   5096   4316 S   0,0  0,0   0:00.01 ovsdb-serv+
28457 root      20   0  985396 118532   8912 S   0,0  0,7   0:00.28 ovs-vswitc+
28603 root      20   0   22564   5996   5248 S   0,0  0,0   0:00.00 tcpdump
28604 root      20   0   22564   5992   5240 S   0,0  0,0   0:00.00 tcpdump
28605 root      20   0   22564   6160   5408 S   0,0  0,0   0:00.00 tcpdump
28606 root      20   0   22564   6064   5316 S   0,0  0,0   0:00.00 tcpdump
28607 root      20   0   22564   6120   5372 S   0,0  0,0   0:00.00 tcpdump
28608 root      20   0   22564   6276   5388 S   0,0  0,0   0:00.00 tcpdump
28609 root      20   0   22564   6188   5304 S   0,0  0,0   0:00.00 tcpdump
28457 root      20   0  985396 118532   8912 S   1,0  0,7   0:00.29 ovs-vswitc+
28351 root      10 -10   20924   4888   4136 S   0,0  0,0   0:00.00 ovsdb-serv+
28390 root      10 -10   26456   9856   8912 S   0,0  0,1   0:00.00 ovs-vswitc+
28453 root      20   0   20912   5096   4316 S   0,0  0,0   0:00.01 ovsdb-serv+
28523 root      20   0   20912   4888   4108 S   0,0  0,0   0:00.02 ovsdb-serv+
28527 root      20   0  985420 118552   8912 S   0,0  0,7   0:00.40 ovs-vswitc+
28603 root      20   0   22564   5996   5248 S   0,0  0,0   0:00.00 tcpdump
28604 root      20   0   22564   5992   5240 S   0,0  0,0   0:00.00 tcpdump
28605 root      20   0   22564   6160   5408 S   0,0  0,0   0:00.00 tcpdump
28606 root      20   0   22564   6064   5316 S   0,0  0,0   0:00.00 tcpdump
28607 root      20   0   22564   6120   5372 S   0,0  0,0   0:00.00 tcpdump
28608 root      20   0   22564   6276   5388 S   0,0  0,0   0:00.00 tcpdump
28609 root      20   0   22564   6188   5304 S   0,0  0,0   0:00.00 tcpdump
28527 root      20   0  985420 118552   8912 S   2,0  0,7   0:00.42 ovs-vswitc+
28457 root      20   0  985396 118532   8912 S   1,0  0,7   0:00.30 ovs-vswitc+
28351 root      10 -10   20924   4888   4136 S   0,0  0,0   0:00.00 ovsdb-serv+
28390 root      10 -10   26456   9856   8912 S   0,0  0,1   0:00.00 ovs-vswitc+
28453 root      20   0   20912   5096   4316 S   0,0  0,0   0:00.01 ovsdb-serv+
28523 root      20   0   20912   4888   4108 S   0,0  0,0   0:00.02 ovsdb-serv+
28603 root      20   0   22564   5996   5248 S   0,0  0,0   0:00.00 tcpdump
28604 root      20   0   22564   5992   5240 S   0,0  0,0   0:00.00 tcpdump
28605 root      20   0   22564   6160   5408 S   0,0  0,0   0:00.00 tcpdump
28606 root      20   0   22564   6064   5316 S   0,0  0,0   0:00.00 tcpdump
28607 root      20   0   22564   6120   5372 S   0,0  0,0   0:00.00 tcpdump
28608 root      20   0   22564   6276   5388 S   0,0  0,0   0:00.00 tcpdump
28609 root      20   0   22564   6188   5304 S   0,0  0,0   0:00.00 tcpdump
28457 root      20   0  985396 121696   8912 S  16,7  0,7   0:00.47 ovs-vswitc+
28527 root      20   0  985420 118812   8912 S   2,9  0,7   0:00.45 ovs-vswitc+
28351 root      10 -10   20924   4888   4136 S   0,0  0,0   0:00.00 ovsdb-serv+
28390 root      10 -10   26456   9856   8912 S   0,0  0,1   0:00.00 ovs-vswitc+
28453 root      20   0   20912   5096   4316 S   0,0  0,0   0:00.01 ovsdb-serv+
28523 root      20   0   20912   4888   4108 S   0,0  0,0   0:00.02 ovsdb-serv+
28603 root      20   0   22564   5996   5248 S   0,0  0,0   0:00.00 tcpdump
28604 root      20   0   22564   5992   5240 S   0,0  0,0   0:00.00 tcpdump
28605 root      20   0   22564   6160   5408 S   0,0  0,0   0:00.00 tcpdump
28606 root      20   0   22564   6064   5316 S   0,0  0,0   0:00.00 tcpdump
28607 root      20   0   22564   6120   5372 S   0,0  0,0   0:00.00 tcpdump
28608 root      20   0   22564   6276   5388 S   0,0  0,0   0:00.00 tcpdump
28609 root      20   0   22564   6188   5304 S   0,0  0,0   0:00.00 tcpdump
28527 root      20   0  985420 121716   8912 S  40,6  0,7   0:00.86 ovs-vswitc+
28457 root      20   0  985396 121696   8912 S  11,9  0,7   0:00.59 ovs-vswitc+
28351 root      10 -10   20924   4888   4136 S   0,0  0,0   0:00.00 ovsdb-serv+
28390 root      10 -10   26456   9856   8912 S   0,0  0,1   0:00.00 ovs-vswitc+
28453 root      20   0   20912   5096   4316 S   0,0  0,0   0:00.01 ovsdb-serv+
28523 root      20   0   20912   4888   4108 S   0,0  0,0   0:00.02 ovsdb-serv+
28603 root      20   0   22564   5996   5248 S   0,0  0,0   0:00.00 tcpdump
28604 root      20   0   22564   5992   5240 S   0,0  0,0   0:00.00 tcpdump
28605 root      20   0   22564   6160   5408 S   0,0  0,0   0:00.00 tcpdump
28606 root      20   0   22564   6064   5316 S   0,0  0,0   0:00.00 tcpdump
28607 root      20   0   22564   6120   5372 S   0,0  0,0   0:00.00 tcpdump
28608 root      20   0   22564   6276   5388 S   0,0  0,0   0:00.00 tcpdump
28609 root      20   0   22564   6188   5304 S   0,0  0,0   0:00.00 tcpdump
28457 root      20   0  985396 121696   8912 S   2,0  0,7   0:00.61 ovs-vswitc+
28527 root      20   0  985420 121716   8912 S   2,0  0,7   0:00.88 ovs-vswitc+
28351 root      10 -10   20924   4888   4136 S   0,0  0,0   0:00.00 ovsdb-serv+
28390 root      10 -10   26456   9856   8912 S   0,0  0,1   0:00.00 ovs-vswitc+
28453 root      20   0   20912   5096   4316 S   0,0  0,0   0:00.01 ovsdb-serv+
28523 root      20   0   20912   4888   4108 S   0,0  0,0   0:00.02 ovsdb-serv+
28603 root      20   0   22564   5996   5248 S   0,0  0,0   0:00.00 tcpdump
28604 root      20   0   22564   5992   5240 S   0,0  0,0   0:00.00 tcpdump
28605 root      20   0   22564   6160   5408 S   0,0  0,0   0:00.00 tcpdump
28606 root      20   0   22564   6064   5316 S   0,0  0,0   0:00.00 tcpdump
28607 root      20   0   22564   6120   5372 S   0,0  0,0   0:00.00 tcpdump
28608 root      20   0   22564   6276   5388 S   0,0  0,0   0:00.00 tcpdump
28609 root      20   0   22564   6188   5304 S   0,0  0,0   0:00.00 tcpdump
28457 root      20   0  985396 121696   8912 S   2,0  0,7   0:00.63 ovs-vswitc+
28527 root      20   0  985420 121716   8912 S   2,0  0,7   0:00.90 ovs-vswitc+
28351 root      10 -10   20924   4888   4136 S   0,0  0,0   0:00.00 ovsdb-serv+
28390 root      10 -10   26456   9856   8912 S   0,0  0,1   0:00.00 ovs-vswitc+
28453 root      20   0   20912   5096   4316 S   0,0  0,0   0:00.01 ovsdb-serv+
28523 root      20   0   20912   4888   4108 S   0,0  0,0   0:00.02 ovsdb-serv+
28603 root      20   0   22564   5996   5248 S   0,0  0,0   0:00.00 tcpdump
28604 root      20   0   22564   5992   5240 S   0,0  0,0   0:00.00 tcpdump
28605 root      20   0   22564   6160   5408 S   0,0  0,0   0:00.00 tcpdump
28606 root      20   0   22564   6064   5316 S   0,0  0,0   0:00.00 tcpdump
28607 root      20   0   22564   6120   5372 S   0,0  0,0   0:00.00 tcpdump
28608 root      20   0   22564   6276   5388 S   0,0  0,0   0:00.00 tcpdump
28609 root      20   0   22564   6188   5304 S   0,0  0,0   0:00.00 tcpdump
28527 root      20   0  985420 121716   8912 S   2,9  0,7   0:00.93 ovs-vswitc+
28457 root      20   0  985396 121696   8912 S   2,0  0,7   0:00.65 ovs-vswitc+
28351 root      10 -10   20924   4888   4136 S   0,0  0,0   0:00.00 ovsdb-serv+
28390 root      10 -10   26456   9856   8912 S   0,0  0,1   0:00.00 ovs-vswitc+
28453 root      20   0   20912   5096   4316 S   0,0  0,0   0:00.01 ovsdb-serv+
28523 root      20   0   20912   4888   4108 S   0,0  0,0   0:00.02 ovsdb-serv+
28603 root      20   0   22564   5996   5248 S   0,0  0,0   0:00.00 tcpdump
28604 root      20   0   22564   5992   5240 S   0,0  0,0   0:00.00 tcpdump
28605 root      20   0   22564   6160   5408 S   0,0  0,0   0:00.00 tcpdump
28606 root      20   0   22564   6064   5316 S   0,0  0,0   0:00.00 tcpdump
28607 root      20   0   22564   6120   5372 S   0,0  0,0   0:00.00 tcpdump
28608 root      20   0   22564   6276   5388 S   0,0  0,0   0:00.00 tcpdump
28609 root      20   0   22564   6188   5304 S   0,0  0,0   0:00.00 tcpdump
28457 root      20   0  985396 121696   8912 S   2,0  0,7   0:00.67 ovs-vswitc+
28527 root      20   0  985420 121716   8912 S   1,0  0,7   0:00.94 ovs-vswitc+
28351 root      10 -10   20924   4888   4136 S   0,0  0,0   0:00.00 ovsdb-serv+
28390 root      10 -10   26456   9856   8912 S   0,0  0,1   0:00.00 ovs-vswitc+
28453 root      20   0   20912   5096   4316 S   0,0  0,0   0:00.01 ovsdb-serv+
28523 root      20   0   20912   4888   4108 S   0,0  0,0   0:00.02 ovsdb-serv+
28603 root      20   0   22564   5996   5248 S   0,0  0,0   0:00.00 tcpdump
28604 root      20   0   22564   5992   5240 S   0,0  0,0   0:00.00 tcpdump
28605 root      20   0   22564   6160   5408 S   0,0  0,0   0:00.00 tcpdump
28606 root      20   0   22564   6064   5316 S   0,0  0,0   0:00.00 tcpdump
28607 root      20   0   22564   6120   5372 S   0,0  0,0   0:00.00 tcpdump
28608 root      20   0   22564   6276   5388 S   0,0  0,0   0:00.00 tcpdump
28609 root      20   0   22564   6188   5304 S   0,0  0,0   0:00.00 tcpdump
28457 root      20   0  985396 121696   8912 S   2,0  0,7   0:00.69 ovs-vswitc+
28527 root      20   0  985420 121716   8912 S   2,0  0,7   0:00.96 ovs-vswitc+
28351 root      10 -10   20924   4888   4136 S   0,0  0,0   0:00.00 ovsdb-serv+
28390 root      10 -10   26456   9856   8912 S   0,0  0,1   0:00.00 ovs-vswitc+
28453 root      20   0   20912   5096   4316 S   0,0  0,0   0:00.01 ovsdb-serv+
28523 root      20   0   20912   4888   4108 S   0,0  0,0   0:00.02 ovsdb-serv+
28603 root      20   0   22564   5996   5248 S   0,0  0,0   0:00.00 tcpdump
28604 root      20   0   22564   5992   5240 S   0,0  0,0   0:00.00 tcpdump
28605 root      20   0   22564   6160   5408 S   0,0  0,0   0:00.00 tcpdump
28606 root      20   0   22564   6064   5316 S   0,0  0,0   0:00.00 tcpdump
28607 root      20   0   22564   6120   5372 S   0,0  0,0   0:00.00 tcpdump
28608 root      20   0   22564   6276   5388 S   0,0  0,0   0:00.00 tcpdump
28609 root      20   0   22564   6188   5304 S   0,0  0,0   0:00.00 tcpdump
28527 root      20   0  985420 121716   8912 S   2,0  0,7   0:00.98 ovs-vswitc+
28457 root      20   0  985396 121696   8912 S   1,0  0,7   0:00.70 ovs-vswitc+
28351 root      10 -10   20924   4888   4136 S   0,0  0,0   0:00.00 ovsdb-serv+
28390 root      10 -10   26456   9856   8912 S   0,0  0,1   0:00.00 ovs-vswitc+
28453 root      20   0   20912   5096   4316 S   0,0  0,0   0:00.01 ovsdb-serv+
28523 root      20   0   20912   4888   4108 S   0,0  0,0   0:00.02 ovsdb-serv+
28603 root      20   0   22564   5996   5248 S   0,0  0,0   0:00.00 tcpdump
28604 root      20   0   22564   5992   5240 S   0,0  0,0   0:00.00 tcpdump
28605 root      20   0   22564   6160   5408 S   0,0  0,0   0:00.00 tcpdump
28606 root      20   0   22564   6064   5316 S   0,0  0,0   0:00.00 tcpdump
28607 root      20   0   22564   6120   5372 S   0,0  0,0   0:00.00 tcpdump
28608 root      20   0   22564   6276   5388 S   0,0  0,0   0:00.00 tcpdump
28609 root      20   0   22564   6188   5304 S   0,0  0,0   0:00.00 tcpdump
28527 root      20   0  985420 121716   8912 S   2,0  0,7   0:01.00 ovs-vswitc+
28457 root      20   0  985396 121696   8912 S   1,0  0,7   0:00.71 ovs-vswitc+
28351 root      10 -10   20924   4888   4136 S   0,0  0,0   0:00.00 ovsdb-serv+
28390 root      10 -10   26456   9856   8912 S   0,0  0,1   0:00.00 ovs-vswitc+
28453 root      20   0   20912   5096   4316 S   0,0  0,0   0:00.01 ovsdb-serv+
28523 root      20   0   20912   4888   4108 S   0,0  0,0   0:00.02 ovsdb-serv+
28603 root      20   0   22564   5996   5248 S   0,0  0,0   0:00.00 tcpdump
28604 root      20   0   22564   5992   5240 S   0,0  0,0   0:00.00 tcpdump
28605 root      20   0   22564   6160   5408 S   0,0  0,0   0:00.00 tcpdump
28606 root      20   0   22564   6064   5316 S   0,0  0,0   0:00.00 tcpdump
28607 root      20   0   22564   6120   5372 S   0,0  0,0   0:00.00 tcpdump
28608 root      20   0   22564   6276   5388 S   0,0  0,0   0:00.00 tcpdump
28609 root      20   0   22564   6188   5304 S   0,0  0,0   0:00.00 tcpdump
28457 root      20   0  985396 121696   8912 S   1,0  0,7   0:00.72 ovs-vswitc+
28527 root      20   0  985420 121716   8912 S   1,0  0,7   0:01.01 ovs-vswitc+
28351 root      10 -10   20924   4888   4136 S   0,0  0,0   0:00.00 ovsdb-serv+
28390 root      10 -10   26456   9856   8912 S   0,0  0,1   0:00.00 ovs-vswitc+
28453 root      20   0   20912   5096   4316 S   0,0  0,0   0:00.01 ovsdb-serv+
28523 root      20   0   20912   4888   4108 S   0,0  0,0   0:00.02 ovsdb-serv+
28603 root      20   0   22564   5996   5248 S   0,0  0,0   0:00.00 tcpdump
28604 root      20   0   22564   5992   5240 S   0,0  0,0   0:00.00 tcpdump
28605 root      20   0   22564   6160   5408 S   0,0  0,0   0:00.00 tcpdump
28606 root      20   0   22564   6064   5316 S   0,0  0,0   0:00.00 tcpdump
28607 root      20   0   22564   6120   5372 S   0,0  0,0   0:00.00 tcpdump
28608 root      20   0   22564   6276   5388 S   0,0  0,0   0:00.00 tcpdump
28609 root      20   0   22564   6188   5304 S   0,0  0,0   0:00.00 tcpdump
28457 root      20   0  985396 121696   8912 S   2,0  0,7   0:00.74 ovs-vswitc+
28527 root      20   0  985420 121716   8912 S   1,0  0,7   0:01.02 ovs-vswitc+
28351 root      10 -10   20924   4888   4136 S   0,0  0,0   0:00.00 ovsdb-serv+
28390 root      10 -10   26456   9856   8912 S   0,0  0,1   0:00.00 ovs-vswitc+
28453 root      20   0   20912   5096   4316 S   0,0  0,0   0:00.01 ovsdb-serv+
28523 root      20   0   20912   4888   4108 S   0,0  0,0   0:00.02 ovsdb-serv+
28603 root      20   0   22564   5996   5248 S   0,0  0,0   0:00.00 tcpdump
28604 root      20   0   22564   5992   5240 S   0,0  0,0   0:00.00 tcpdump
28605 root      20   0   22564   6160   5408 S   0,0  0,0   0:00.00 tcpdump
28606 root      20   0   22564   6064   5316 S   0,0  0,0   0:00.00 tcpdump
28607 root      20   0   22564   6120   5372 S   0,0  0,0   0:00.00 tcpdump
28608 root      20   0   22564   6276   5388 S   0,0  0,0   0:00.00 tcpdump
28609 root      20   0   22564   6188   5304 S   0,0  0,0   0:00.00 tcpdump
28527 root      20   0  985420 121716   8912 S   3,0  0,7   0:01.05 ovs-vswitc+
28457 root      20   0  985396 121696   8912 S   1,0  0,7   0:00.75 ovs-vswitc+
28351 root      10 -10   20924   4888   4136 S   0,0  0,0   0:00.00 ovsdb-serv+
28390 root      10 -10   26456   9856   8912 S   0,0  0,1   0:00.00 ovs-vswitc+
28453 root      20   0   20912   5096   4316 S   0,0  0,0   0:00.01 ovsdb-serv+
28523 root      20   0   20912   4888   4108 S   0,0  0,0   0:00.02 ovsdb-serv+
28603 root      20   0   22564   5996   5248 S   0,0  0,0   0:00.00 tcpdump
28604 root      20   0   22564   5992   5240 S   0,0  0,0   0:00.00 tcpdump
28605 root      20   0   22564   6160   5408 S   0,0  0,0   0:00.00 tcpdump
28606 root      20   0   22564   6064   5316 S   0,0  0,0   0:00.00 tcpdump
28607 root      20   0   22564   6120   5372 S   0,0  0,0   0:00.00 tcpdump
28608 root      20   0   22564   6276   5388 S   0,0  0,0   0:00.00 tcpdump
28609 root      20   0   22564   6188   5304 S   0,0  0,0   0:00.00 tcpdump
28457 root      20   0  985396 121696   8912 S   1,0  0,7   0:00.76 ovs-vswitc+
28527 root      20   0  985420 121716   8912 S   1,0  0,7   0:01.06 ovs-vswitc+
28607 root      20   0   22564   6120   5372 S   1,0  0,0   0:00.01 tcpdump
28351 root      10 -10   20924   4888   4136 S   0,0  0,0   0:00.00 ovsdb-serv+
28390 root      10 -10   26456   9856   8912 S   0,0  0,1   0:00.00 ovs-vswitc+
28453 root      20   0   20912   5096   4316 S   0,0  0,0   0:00.01 ovsdb-serv+
28523 root      20   0   20912   4888   4108 S   0,0  0,0   0:00.02 ovsdb-serv+
28603 root      20   0   22564   5996   5248 S   0,0  0,0   0:00.00 tcpdump
28604 root      20   0   22564   5992   5240 S   0,0  0,0   0:00.00 tcpdump
28605 root      20   0   22564   6160   5408 S   0,0  0,0   0:00.00 tcpdump
28606 root      20   0   22564   6064   5316 S   0,0  0,0   0:00.00 tcpdump
28608 root      20   0   22564   6276   5388 S   0,0  0,0   0:00.00 tcpdump
28609 root      20   0   22564   6188   5304 S   0,0  0,0   0:00.00 tcpdump
28457 root      20   0  985396 121696   8912 S   2,0  0,7   0:00.78 ovs-vswitc+
28351 root      10 -10   20924   4888   4136 S   0,0  0,0   0:00.00 ovsdb-serv+
28390 root      10 -10   26456   9856   8912 S   0,0  0,1   0:00.00 ovs-vswitc+
28453 root      20   0   20912   5096   4316 S   0,0  0,0   0:00.01 ovsdb-serv+
28523 root      20   0   20912   4888   4108 S   0,0  0,0   0:00.02 ovsdb-serv+
28527 root      20   0  985420 121716   8912 S   0,0  0,7   0:01.06 ovs-vswitc+
28603 root      20   0   22564   5996   5248 S   0,0  0,0   0:00.00 tcpdump
28604 root      20   0   22564   5992   5240 S   0,0  0,0   0:00.00 tcpdump
28605 root      20   0   22564   6160   5408 S   0,0  0,0   0:00.00 tcpdump
28606 root      20   0   22564   6064   5316 S   0,0  0,0   0:00.00 tcpdump
28607 root      20   0   22564   6120   5372 S   0,0  0,0   0:00.01 tcpdump
28608 root      20   0   22564   6276   5388 S   0,0  0,0   0:00.00 tcpdump
28609 root      20   0   22564   6188   5304 S   0,0  0,0   0:00.00 tcpdump
28527 root      20   0  985420 121716   8912 S   2,0  0,7   0:01.08 ovs-vswitc+
28351 root      10 -10   20924   4888   4136 S   0,0  0,0   0:00.00 ovsdb-serv+
28390 root      10 -10   26456   9856   8912 S   0,0  0,1   0:00.00 ovs-vswitc+
28453 root      20   0   20912   5096   4316 S   0,0  0,0   0:00.01 ovsdb-serv+
28457 root      20   0  985396 121696   8912 S   0,0  0,7   0:00.78 ovs-vswitc+
28523 root      20   0   20912   4888   4108 S   0,0  0,0   0:00.02 ovsdb-serv+
28603 root      20   0   22564   5996   5248 S   0,0  0,0   0:00.00 tcpdump
28604 root      20   0   22564   5992   5240 S   0,0  0,0   0:00.00 tcpdump
28605 root      20   0   22564   6160   5408 S   0,0  0,0   0:00.00 tcpdump
28606 root      20   0   22564   6064   5316 S   0,0  0,0   0:00.00 tcpdump
28607 root      20   0   22564   6120   5372 S   0,0  0,0   0:00.01 tcpdump
28608 root      20   0   22564   6276   5388 S   0,0  0,0   0:00.00 tcpdump
28609 root      20   0   22564   6188   5304 S   0,0  0,0   0:00.00 tcpdump
28457 root      20   0  985396 121696   8912 S   1,0  0,7   0:00.79 ovs-vswitc+
28527 root      20   0  985420 121716   8912 S   1,0  0,7   0:01.09 ovs-vswitc+
28351 root      10 -10   20924   4888   4136 S   0,0  0,0   0:00.00 ovsdb-serv+
28390 root      10 -10   26456   9856   8912 S   0,0  0,1   0:00.00 ovs-vswitc+
28453 root      20   0   20912   5096   4316 S   0,0  0,0   0:00.01 ovsdb-serv+
28523 root      20   0   20912   4888   4108 S   0,0  0,0   0:00.02 ovsdb-serv+
28603 root      20   0   22564   5996   5248 S   0,0  0,0   0:00.00 tcpdump
28604 root      20   0   22564   5992   5240 S   0,0  0,0   0:00.00 tcpdump
28605 root      20   0   22564   6160   5408 S   0,0  0,0   0:00.00 tcpdump
28606 root      20   0   22564   6064   5316 S   0,0  0,0   0:00.00 tcpdump
28607 root      20   0   22564   6120   5372 S   0,0  0,0   0:00.01 tcpdump
28608 root      20   0   22564   6276   5388 S   0,0  0,0   0:00.00 tcpdump
28609 root      20   0   22564   6188   5304 S   0,0  0,0   0:00.00 tcpdump
28457 root      20   0  985396 121696   8912 S   2,0  0,7   0:00.81 ovs-vswitc+
28453 root      20   0   20912   5096   4316 S   1,0  0,0   0:00.02 ovsdb-serv+
28527 root      20   0  985420 121716   8912 S   1,0  0,7   0:01.10 ovs-vswitc+
28351 root      10 -10   20924   4888   4136 S   0,0  0,0   0:00.00 ovsdb-serv+
28390 root      10 -10   26456   9856   8912 S   0,0  0,1   0:00.00 ovs-vswitc+
28523 root      20   0   20912   4888   4108 S   0,0  0,0   0:00.02 ovsdb-serv+
28603 root      20   0   22564   5996   5248 S   0,0  0,0   0:00.00 tcpdump
28604 root      20   0   22564   5992   5240 S   0,0  0,0   0:00.00 tcpdump
28605 root      20   0   22564   6160   5408 S   0,0  0,0   0:00.00 tcpdump
28606 root      20   0   22564   6064   5316 S   0,0  0,0   0:00.00 tcpdump
28607 root      20   0   22564   6120   5372 S   0,0  0,0   0:00.01 tcpdump
28608 root      20   0   22564   6276   5388 S   0,0  0,0   0:00.00 tcpdump
28609 root      20   0   22564   6188   5304 S   0,0  0,0   0:00.00 tcpdump
28457 root      20   0  985396 121696   8912 S   1,0  0,7   0:00.82 ovs-vswitc+
28527 root      20   0  985420 121716   8912 S   1,0  0,7   0:01.11 ovs-vswitc+
28351 root      10 -10   20924   4888   4136 S   0,0  0,0   0:00.00 ovsdb-serv+
28390 root      10 -10   26456   9856   8912 S   0,0  0,1   0:00.00 ovs-vswitc+
28453 root      20   0   20912   5096   4316 S   0,0  0,0   0:00.02 ovsdb-serv+
28523 root      20   0   20912   4888   4108 S   0,0  0,0   0:00.02 ovsdb-serv+
