 5122 root      20   0  985304 118364   8912 S  18,8  0,7   0:00.12 ovs-vswitc+
 4948 root      10 -10   20924   4976   4224 S   0,0  0,0   0:00.00 ovsdb-serv+
 4988 root      10 -10   26456   9860   8912 S   0,0  0,1   0:00.00 ovs-vswitc+
 5048 root      20   0   20912   4892   4108 S   0,0  0,0   0:00.01 ovsdb-serv+
 5052 root      20   0  985300 118368   8912 S   0,0  0,7   0:00.17 ovs-vswitc+
 5118 root      20   0   20912   4896   4116 S   0,0  0,0   0:00.01 ovsdb-serv+
 5199 root      20   0   22564   5996   5248 S   0,0  0,0   0:00.00 tcpdump
 5200 root      20   0   22564   6020   5272 S   0,0  0,0   0:00.00 tcpdump
 5201 root      20   0   22564   5936   5188 S   0,0  0,0   0:00.00 tcpdump
 5202 root      20   0   22564   6092   5340 S   0,0  0,0   0:00.00 tcpdump
 5203 root      20   0   22564   6084   5336 S   0,0  0,0   0:00.00 tcpdump
 5204 root      20   0   22564   6264   5380 S   0,0  0,0   0:00.00 tcpdump
 5205 root      20   0   22564   6260   5376 S   0,0  0,0   0:00.00 tcpdump
 5052 root      20   0  985300 118368   8912 S   1,0  0,7   0:00.18 ovs-vswitc+
 5122 root      20   0  985304 118364   8912 S   1,0  0,7   0:00.13 ovs-vswitc+
 4948 root      10 -10   20924   4976   4224 S   0,0  0,0   0:00.00 ovsdb-serv+
 4988 root      10 -10   26456   9860   8912 S   0,0  0,1   0:00.00 ovs-vswitc+
 5048 root      20   0   20912   4892   4108 S   0,0  0,0   0:00.01 ovsdb-serv+
 5118 root      20   0   20912   4896   4116 S   0,0  0,0   0:00.01 ovsdb-serv+
 5199 root      20   0   22564   5996   5248 S   0,0  0,0   0:00.00 tcpdump
 5200 root      20   0   22564   6020   5272 S   0,0  0,0   0:00.00 tcpdump
 5201 root      20   0   22564   5936   5188 S   0,0  0,0   0:00.00 tcpdump
 5202 root      20   0   22564   6092   5340 S   0,0  0,0   0:00.00 tcpdump
 5203 root      20   0   22564   6084   5336 S   0,0  0,0   0:00.00 tcpdump
 5204 root      20   0   22564   6264   5380 S   0,0  0,0   0:00.00 tcpdump
 5205 root      20   0   22564   6260   5376 S   0,0  0,0   0:00.00 tcpdump
 5052 root      20   0  985300 118368   8912 S   1,0  0,7   0:00.19 ovs-vswitc+
 4948 root      10 -10   20924   4976   4224 S   0,0  0,0   0:00.00 ovsdb-serv+
 4988 root      10 -10   26456   9860   8912 S   0,0  0,1   0:00.00 ovs-vswitc+
 5048 root      20   0   20912   4892   4108 S   0,0  0,0   0:00.01 ovsdb-serv+
 5118 root      20   0   20912   4896   4116 S   0,0  0,0   0:00.01 ovsdb-serv+
 5122 root      20   0  985304 118364   8912 S   0,0  0,7   0:00.13 ovs-vswitc+
 5199 root      20   0   22564   5996   5248 S   0,0  0,0   0:00.00 tcpdump
 5200 root      20   0   22564   6020   5272 S   0,0  0,0   0:00.00 tcpdump
 5201 root      20   0   22564   5936   5188 S   0,0  0,0   0:00.00 tcpdump
 5202 root      20   0   22564   6092   5340 S   0,0  0,0   0:00.00 tcpdump
 5203 root      20   0   22564   6084   5336 S   0,0  0,0   0:00.00 tcpdump
 5204 root      20   0   22564   6264   5380 S   0,0  0,0   0:00.00 tcpdump
 5205 root      20   0   22564   6260   5376 S   0,0  0,0   0:00.00 tcpdump
 5122 root      20   0  985304 118364   8912 S   2,0  0,7   0:00.15 ovs-vswitc+
 5052 root      20   0  985300 118368   8912 S   1,0  0,7   0:00.20 ovs-vswitc+
 4948 root      10 -10   20924   4976   4224 S   0,0  0,0   0:00.00 ovsdb-serv+
 4988 root      10 -10   26456   9860   8912 S   0,0  0,1   0:00.00 ovs-vswitc+
 5048 root      20   0   20912   4892   4108 S   0,0  0,0   0:00.01 ovsdb-serv+
 5118 root      20   0   20912   4896   4116 S   0,0  0,0   0:00.01 ovsdb-serv+
 5199 root      20   0   22564   5996   5248 S   0,0  0,0   0:00.00 tcpdump
 5200 root      20   0   22564   6020   5272 S   0,0  0,0   0:00.00 tcpdump
 5201 root      20   0   22564   5936   5188 S   0,0  0,0   0:00.00 tcpdump
 5202 root      20   0   22564   6092   5340 S   0,0  0,0   0:00.00 tcpdump
 5203 root      20   0   22564   6084   5336 S   0,0  0,0   0:00.00 tcpdump
 5204 root      20   0   22564   6264   5380 S   0,0  0,0   0:00.00 tcpdump
 5205 root      20   0   22564   6260   5376 S   0,0  0,0   0:00.00 tcpdump
 5052 root      20   0  985300 118368   8912 S   1,0  0,7   0:00.21 ovs-vswitc+
 5122 root      20   0  985304 118364   8912 S   1,0  0,7   0:00.16 ovs-vswitc+
 4948 root      10 -10   20924   4976   4224 S   0,0  0,0   0:00.00 ovsdb-serv+
 4988 root      10 -10   26456   9860   8912 S   0,0  0,1   0:00.00 ovs-vswitc+
 5048 root      20   0   20912   4892   4108 S   0,0  0,0   0:00.01 ovsdb-serv+
 5118 root      20   0   20912   4896   4116 S   0,0  0,0   0:00.01 ovsdb-serv+
 5199 root      20   0   22564   5996   5248 S   0,0  0,0   0:00.00 tcpdump
 5200 root      20   0   22564   6020   5272 S   0,0  0,0   0:00.00 tcpdump
 5201 root      20   0   22564   5936   5188 S   0,0  0,0   0:00.00 tcpdump
 5202 root      20   0   22564   6092   5340 S   0,0  0,0   0:00.00 tcpdump
 5203 root      20   0   22564   6084   5336 S   0,0  0,0   0:00.00 tcpdump
 5204 root      20   0   22564   6264   5380 S   0,0  0,0   0:00.00 tcpdump
 5205 root      20   0   22564   6260   5376 S   0,0  0,0   0:00.00 tcpdump
 5052 root      20   0  985300 118368   8912 S   1,0  0,7   0:00.22 ovs-vswitc+
 5122 root      20   0  985304 118364   8912 S   1,0  0,7   0:00.17 ovs-vswitc+
 4948 root      10 -10   20924   4976   4224 S   0,0  0,0   0:00.00 ovsdb-serv+
 4988 root      10 -10   26456   9860   8912 S   0,0  0,1   0:00.00 ovs-vswitc+
 5048 root      20   0   20912   4892   4108 S   0,0  0,0   0:00.01 ovsdb-serv+
 5118 root      20   0   20912   4896   4116 S   0,0  0,0   0:00.01 ovsdb-serv+
 5199 root      20   0   22564   5996   5248 S   0,0  0,0   0:00.00 tcpdump
 5200 root      20   0   22564   6020   5272 S   0,0  0,0   0:00.00 tcpdump
 5201 root      20   0   22564   5936   5188 S   0,0  0,0   0:00.00 tcpdump
 5202 root      20   0   22564   6092   5340 S   0,0  0,0   0:00.00 tcpdump
 5203 root      20   0   22564   6084   5336 S   0,0  0,0   0:00.00 tcpdump
 5204 root      20   0   22564   6264   5380 S   0,0  0,0   0:00.00 tcpdump
 5205 root      20   0   22564   6260   5376 S   0,0  0,0   0:00.00 tcpdump
 4948 root      10 -10   20924   4976   4224 S   0,0  0,0   0:00.00 ovsdb-serv+
 4988 root      10 -10   26456   9860   8912 S   0,0  0,1   0:00.00 ovs-vswitc+
 5048 root      20   0   20912   4892   4108 S   0,0  0,0   0:00.01 ovsdb-serv+
 5052 root      20   0  985300 118368   8912 S   0,0  0,7   0:00.22 ovs-vswitc+
 5118 root      20   0   20912   4896   4116 S   0,0  0,0   0:00.01 ovsdb-serv+
 5122 root      20   0  985304 118364   8912 S   0,0  0,7   0:00.17 ovs-vswitc+
 5199 root      20   0   22564   5996   5248 S   0,0  0,0   0:00.00 tcpdump
 5200 root      20   0   22564   6020   5272 S   0,0  0,0   0:00.00 tcpdump
 5201 root      20   0   22564   5936   5188 S   0,0  0,0   0:00.00 tcpdump
 5202 root      20   0   22564   6092   5340 S   0,0  0,0   0:00.00 tcpdump
 5203 root      20   0   22564   6084   5336 S   0,0  0,0   0:00.00 tcpdump
 5204 root      20   0   22564   6264   5380 S   0,0  0,0   0:00.00 tcpdump
 5205 root      20   0   22564   6260   5376 S   0,0  0,0   0:00.00 tcpdump
 5052 root      20   0  985300 118368   8912 S   1,0  0,7   0:00.23 ovs-vswitc+
 5122 root      20   0  985304 118364   8912 S   1,0  0,7   0:00.18 ovs-vswitc+
 4948 root      10 -10   20924   4976   4224 S   0,0  0,0   0:00.00 ovsdb-serv+
 4988 root      10 -10   26456   9860   8912 S   0,0  0,1   0:00.00 ovs-vswitc+
 5048 root      20   0   20912   4892   4108 S   0,0  0,0   0:00.01 ovsdb-serv+
 5118 root      20   0   20912   4896   4116 S   0,0  0,0   0:00.01 ovsdb-serv+
 5199 root      20   0   22564   5996   5248 S   0,0  0,0   0:00.00 tcpdump
 5200 root      20   0   22564   6020   5272 S   0,0  0,0   0:00.00 tcpdump
 5201 root      20   0   22564   5936   5188 S   0,0  0,0   0:00.00 tcpdump
 5202 root      20   0   22564   6092   5340 S   0,0  0,0   0:00.00 tcpdump
 5203 root      20   0   22564   6084   5336 S   0,0  0,0   0:00.00 tcpdump
 5204 root      20   0   22564   6264   5380 S   0,0  0,0   0:00.00 tcpdump
 5205 root      20   0   22564   6260   5376 S   0,0  0,0   0:00.00 tcpdump
 5122 root      20   0  985420 118548   8912 S   1,0  0,7   0:00.19 ovs-vswitc+
 4948 root      10 -10   20924   4976   4224 S   0,0  0,0   0:00.00 ovsdb-serv+
 4988 root      10 -10   26456   9860   8912 S   0,0  0,1   0:00.00 ovs-vswitc+
 5048 root      20   0   20912   4892   4108 S   0,0  0,0   0:00.01 ovsdb-serv+
 5052 root      20   0  985300 118368   8912 S   0,0  0,7   0:00.23 ovs-vswitc+
 5118 root      20   0   20912   4896   4116 S   0,0  0,0   0:00.01 ovsdb-serv+
 5199 root      20   0   22564   5996   5248 S   0,0  0,0   0:00.00 tcpdump
 5200 root      20   0   22564   6020   5272 S   0,0  0,0   0:00.00 tcpdump
 5201 root      20   0   22564   5936   5188 S   0,0  0,0   0:00.00 tcpdump
 5202 root      20   0   22564   6092   5340 S   0,0  0,0   0:00.00 tcpdump
 5203 root      20   0   22564   6084   5336 S   0,0  0,0   0:00.00 tcpdump
 5204 root      20   0   22564   6264   5380 S   0,0  0,0   0:00.00 tcpdump
 5205 root      20   0   22564   6260   5376 S   0,0  0,0   0:00.00 tcpdump
 5052 root      20   0  985396 118532   8912 S   2,0  0,7   0:00.25 ovs-vswitc+
 5122 root      20   0  985424 118548   8912 S   1,0  0,7   0:00.20 ovs-vswitc+
 4948 root      10 -10   20924   4976   4224 S   0,0  0,0   0:00.00 ovsdb-serv+
 4988 root      10 -10   26456   9860   8912 S   0,0  0,1   0:00.00 ovs-vswitc+
 5048 root      20   0   20912   4892   4108 S   0,0  0,0   0:00.01 ovsdb-serv+
 5118 root      20   0   20912   4896   4116 S   0,0  0,0   0:00.01 ovsdb-serv+
 5199 root      20   0   22564   5996   5248 S   0,0  0,0   0:00.00 tcpdump
 5200 root      20   0   22564   6020   5272 S   0,0  0,0   0:00.00 tcpdump
 5201 root      20   0   22564   5936   5188 S   0,0  0,0   0:00.00 tcpdump
 5202 root      20   0   22564   6092   5340 S   0,0  0,0   0:00.00 tcpdump
 5203 root      20   0   22564   6084   5336 S   0,0  0,0   0:00.00 tcpdump
 5204 root      20   0   22564   6264   5380 S   0,0  0,0   0:00.00 tcpdump
 5205 root      20   0   22564   6260   5376 S   0,0  0,0   0:00.00 tcpdump
 4948 root      10 -10   20924   4976   4224 S   0,0  0,0   0:00.00 ovsdb-serv+
 4988 root      10 -10   26456   9860   8912 S   0,0  0,1   0:00.00 ovs-vswitc+
 5048 root      20   0   20912   4892   4108 S   0,0  0,0   0:00.01 ovsdb-serv+
 5052 root      20   0  985396 118532   8912 S   0,0  0,7   0:00.25 ovs-vswitc+
 5118 root      20   0   20912   4896   4116 S   0,0  0,0   0:00.01 ovsdb-serv+
 5122 root      20   0  985424 118548   8912 S   0,0  0,7   0:00.20 ovs-vswitc+
 5199 root      20   0   22564   5996   5248 S   0,0  0,0   0:00.00 tcpdump
 5200 root      20   0   22564   6020   5272 S   0,0  0,0   0:00.00 tcpdump
 5201 root      20   0   22564   5936   5188 S   0,0  0,0   0:00.00 tcpdump
 5202 root      20   0   22564   6092   5340 S   0,0  0,0   0:00.00 tcpdump
 5203 root      20   0   22564   6084   5336 S   0,0  0,0   0:00.00 tcpdump
 5204 root      20   0   22564   6264   5380 S   0,0  0,0   0:00.00 tcpdump
 5205 root      20   0   22564   6260   5376 S   0,0  0,0   0:00.00 tcpdump
 5052 root      20   0  985396 118532   8912 S   1,0  0,7   0:00.26 ovs-vswitc+
 5122 root      20   0  985424 118548   8912 S   1,0  0,7   0:00.21 ovs-vswitc+
 4948 root      10 -10   20924   4976   4224 S   0,0  0,0   0:00.00 ovsdb-serv+
 4988 root      10 -10   26456   9860   8912 S   0,0  0,1   0:00.00 ovs-vswitc+
 5048 root      20   0   20912   4892   4108 S   0,0  0,0   0:00.01 ovsdb-serv+
 5118 root      20   0   20912   4896   4116 S   0,0  0,0   0:00.01 ovsdb-serv+
 5199 root      20   0   22564   5996   5248 S   0,0  0,0   0:00.00 tcpdump
 5200 root      20   0   22564   6020   5272 S   0,0  0,0   0:00.00 tcpdump
 5201 root      20   0   22564   5936   5188 S   0,0  0,0   0:00.00 tcpdump
 5202 root      20   0   22564   6092   5340 S   0,0  0,0   0:00.00 tcpdump
 5203 root      20   0   22564   6084   5336 S   0,0  0,0   0:00.00 tcpdump
 5204 root      20   0   22564   6264   5380 S   0,0  0,0   0:00.00 tcpdump
 5205 root      20   0   22564   6260   5376 S   0,0  0,0   0:00.00 tcpdump
 5052 root      20   0  985396 118532   8912 S   1,0  0,7   0:00.27 ovs-vswitc+
 4948 root      10 -10   20924   4976   4224 S   0,0  0,0   0:00.00 ovsdb-serv+
 4988 root      10 -10   26456   9860   8912 S   0,0  0,1   0:00.00 ovs-vswitc+
 5048 root      20   0   20912   4892   4108 S   0,0  0,0   0:00.01 ovsdb-serv+
 5118 root      20   0   20912   4896   4116 S   0,0  0,0   0:00.01 ovsdb-serv+
 5122 root      20   0  985424 118548   8912 S   0,0  0,7   0:00.21 ovs-vswitc+
 5199 root      20   0   22564   5996   5248 S   0,0  0,0   0:00.00 tcpdump
 5200 root      20   0   22564   6020   5272 S   0,0  0,0   0:00.00 tcpdump
 5201 root      20   0   22564   5936   5188 S   0,0  0,0   0:00.00 tcpdump
 5202 root      20   0   22564   6092   5340 S   0,0  0,0   0:00.00 tcpdump
 5203 root      20   0   22564   6084   5336 S   0,0  0,0   0:00.00 tcpdump
 5204 root      20   0   22564   6264   5380 S   0,0  0,0   0:00.00 tcpdump
 5205 root      20   0   22564   6260   5376 S   0,0  0,0   0:00.00 tcpdump
 5052 root      20   0  985396 118532   8912 S   1,0  0,7   0:00.28 ovs-vswitc+
 5122 root      20   0  985424 118548   8912 S   1,0  0,7   0:00.22 ovs-vswitc+
 4948 root      10 -10   20924   4976   4224 S   0,0  0,0   0:00.00 ovsdb-serv+
 4988 root      10 -10   26456   9860   8912 S   0,0  0,1   0:00.00 ovs-vswitc+
 5048 root      20   0   20912   4892   4108 S   0,0  0,0   0:00.01 ovsdb-serv+
 5118 root      20   0   20912   4896   4116 S   0,0  0,0   0:00.01 ovsdb-serv+
 5199 root      20   0   22564   5996   5248 S   0,0  0,0   0:00.00 tcpdump
 5200 root      20   0   22564   6020   5272 S   0,0  0,0   0:00.00 tcpdump
 5201 root      20   0   22564   5936   5188 S   0,0  0,0   0:00.00 tcpdump
 5202 root      20   0   22564   6092   5340 S   0,0  0,0   0:00.00 tcpdump
 5203 root      20   0   22564   6084   5336 S   0,0  0,0   0:00.00 tcpdump
 5204 root      20   0   22564   6264   5380 S   0,0  0,0   0:00.00 tcpdump
 5205 root      20   0   22564   6260   5376 S   0,0  0,0   0:00.00 tcpdump
 5052 root      20   0  985396 118532   8912 S   1,0  0,7   0:00.29 ovs-vswitc+
 5122 root      20   0  985424 118548   8912 S   1,0  0,7   0:00.23 ovs-vswitc+
 4948 root      10 -10   20924   4976   4224 S   0,0  0,0   0:00.00 ovsdb-serv+
 4988 root      10 -10   26456   9860   8912 S   0,0  0,1   0:00.00 ovs-vswitc+
 5048 root      20   0   20912   4892   4108 S   0,0  0,0   0:00.01 ovsdb-serv+
 5118 root      20   0   20912   4896   4116 S   0,0  0,0   0:00.01 ovsdb-serv+
 5199 root      20   0   22564   5996   5248 S   0,0  0,0   0:00.00 tcpdump
 5200 root      20   0   22564   6020   5272 S   0,0  0,0   0:00.00 tcpdump
 5201 root      20   0   22564   5936   5188 S   0,0  0,0   0:00.00 tcpdump
 5202 root      20   0   22564   6092   5340 S   0,0  0,0   0:00.00 tcpdump
 5203 root      20   0   22564   6084   5336 S   0,0  0,0   0:00.00 tcpdump
 5204 root      20   0   22564   6264   5380 S   0,0  0,0   0:00.00 tcpdump
 5205 root      20   0   22564   6260   5376 S   0,0  0,0   0:00.00 tcpdump
 5122 root      20   0  985424 118548   8912 S   1,0  0,7   0:00.24 ovs-vswitc+
 4948 root      10 -10   20924   4976   4224 S   0,0  0,0   0:00.00 ovsdb-serv+
 4988 root      10 -10   26456   9860   8912 S   0,0  0,1   0:00.00 ovs-vswitc+
 5048 root      20   0   20912   4892   4108 S   0,0  0,0   0:00.01 ovsdb-serv+
 5052 root      20   0  985396 118532   8912 S   0,0  0,7   0:00.29 ovs-vswitc+
 5118 root      20   0   20912   4896   4116 S   0,0  0,0   0:00.01 ovsdb-serv+
 5199 root      20   0   22564   5996   5248 S   0,0  0,0   0:00.00 tcpdump
 5200 root      20   0   22564   6020   5272 S   0,0  0,0   0:00.00 tcpdump
 5201 root      20   0   22564   5936   5188 S   0,0  0,0   0:00.00 tcpdump
 5202 root      20   0   22564   6092   5340 S   0,0  0,0   0:00.00 tcpdump
 5203 root      20   0   22564   6084   5336 S   0,0  0,0   0:00.00 tcpdump
 5204 root      20   0   22564   6264   5380 S   0,0  0,0   0:00.00 tcpdump
 5205 root      20   0   22564   6260   5376 S   0,0  0,0   0:00.00 tcpdump
 5052 root      20   0  985396 118532   8912 S   1,0  0,7   0:00.30 ovs-vswitc+
 5122 root      20   0  985424 118548   8912 S   1,0  0,7   0:00.25 ovs-vswitc+
 4948 root      10 -10   20924   4976   4224 S   0,0  0,0   0:00.00 ovsdb-serv+
 4988 root      10 -10   26456   9860   8912 S   0,0  0,1   0:00.00 ovs-vswitc+
 5048 root      20   0   20912   4892   4108 S   0,0  0,0   0:00.01 ovsdb-serv+
 5118 root      20   0   20912   4896   4116 S   0,0  0,0   0:00.01 ovsdb-serv+
 5199 root      20   0   22564   5996   5248 S   0,0  0,0   0:00.00 tcpdump
 5200 root      20   0   22564   6020   5272 S   0,0  0,0   0:00.00 tcpdump
 5201 root      20   0   22564   5936   5188 S   0,0  0,0   0:00.00 tcpdump
 5202 root      20   0   22564   6092   5340 S   0,0  0,0   0:00.00 tcpdump
 5203 root      20   0   22564   6084   5336 S   0,0  0,0   0:00.00 tcpdump
 5204 root      20   0   22564   6264   5380 S   0,0  0,0   0:00.00 tcpdump
 5205 root      20   0   22564   6260   5376 S   0,0  0,0   0:00.00 tcpdump
 5052 root      20   0  985396 118532   8912 S   1,0  0,7   0:00.31 ovs-vswitc+
 4948 root      10 -10   20924   4976   4224 S   0,0  0,0   0:00.00 ovsdb-serv+
 4988 root      10 -10   26456   9860   8912 S   0,0  0,1   0:00.00 ovs-vswitc+
 5048 root      20   0   20912   4892   4108 S   0,0  0,0   0:00.01 ovsdb-serv+
 5118 root      20   0   20912   4896   4116 S   0,0  0,0   0:00.01 ovsdb-serv+
 5122 root      20   0  985424 118548   8912 S   0,0  0,7   0:00.25 ovs-vswitc+
 5199 root      20   0   22564   5996   5248 S   0,0  0,0   0:00.00 tcpdump
 5200 root      20   0   22564   6020   5272 S   0,0  0,0   0:00.00 tcpdump
 5201 root      20   0   22564   5936   5188 S   0,0  0,0   0:00.00 tcpdump
 5202 root      20   0   22564   6092   5340 S   0,0  0,0   0:00.00 tcpdump
 5203 root      20   0   22564   6084   5336 S   0,0  0,0   0:00.00 tcpdump
 5204 root      20   0   22564   6264   5380 S   0,0  0,0   0:00.00 tcpdump
 5205 root      20   0   22564   6260   5376 S   0,0  0,0   0:00.00 tcpdump
 5052 root      20   0  985396 118532   8912 S   2,0  0,7   0:00.33 ovs-vswitc+
 5122 root      20   0  985424 118548   8912 S   2,0  0,7   0:00.27 ovs-vswitc+
 4948 root      10 -10   20924   4976   4224 S   0,0  0,0   0:00.00 ovsdb-serv+
 4988 root      10 -10   26456   9860   8912 S   0,0  0,1   0:00.00 ovs-vswitc+
 5048 root      20   0   20912   4892   4108 S   0,0  0,0   0:00.01 ovsdb-serv+
 5118 root      20   0   20912   4896   4116 S   0,0  0,0   0:00.01 ovsdb-serv+
 5199 root      20   0   22564   5996   5248 S   0,0  0,0   0:00.00 tcpdump
 5200 root      20   0   22564   6020   5272 S   0,0  0,0   0:00.00 tcpdump
 5201 root      20   0   22564   5936   5188 S   0,0  0,0   0:00.00 tcpdump
 5202 root      20   0   22564   6092   5340 S   0,0  0,0   0:00.00 tcpdump
 5203 root      20   0   22564   6084   5336 S   0,0  0,0   0:00.00 tcpdump
 5204 root      20   0   22564   6264   5380 S   0,0  0,0   0:00.00 tcpdump
 5205 root      20   0   22564   6260   5376 S   0,0  0,0   0:00.00 tcpdump
 4948 root      10 -10   20924   4976   4224 S   0,0  0,0   0:00.00 ovsdb-serv+
 4988 root      10 -10   26456   9860   8912 S   0,0  0,1   0:00.00 ovs-vswitc+
 5048 root      20   0   20912   4892   4108 S   0,0  0,0   0:00.01 ovsdb-serv+
 5052 root      20   0  985396 118532   8912 S   0,0  0,7   0:00.33 ovs-vswitc+
 5118 root      20   0   20912   4896   4116 S   0,0  0,0   0:00.01 ovsdb-serv+
 5122 root      20   0  985424 118548   8912 S   0,0  0,7   0:00.27 ovs-vswitc+
 5199 root      20   0   22564   5996   5248 S   0,0  0,0   0:00.00 tcpdump
 5200 root      20   0   22564   6020   5272 S   0,0  0,0   0:00.00 tcpdump
 5201 root      20   0   22564   5936   5188 S   0,0  0,0   0:00.00 tcpdump
 5202 root      20   0   22564   6092   5340 S   0,0  0,0   0:00.00 tcpdump
 5203 root      20   0   22564   6084   5336 S   0,0  0,0   0:00.00 tcpdump
 5204 root      20   0   22564   6264   5380 S   0,0  0,0   0:00.00 tcpdump
 5205 root      20   0   22564   6260   5376 S   0,0  0,0   0:00.00 tcpdump
 5122 root      20   0  985424 118548   8912 S   2,0  0,7   0:00.29 ovs-vswitc+
 5052 root      20   0  985396 118532   8912 S   1,0  0,7   0:00.34 ovs-vswitc+
 4948 root      10 -10   20924   4976   4224 S   0,0  0,0   0:00.00 ovsdb-serv+
 4988 root      10 -10   26456   9860   8912 S   0,0  0,1   0:00.00 ovs-vswitc+
 5048 root      20   0   20912   4892   4108 S   0,0  0,0   0:00.01 ovsdb-serv+
 5118 root      20   0   20912   4896   4116 S   0,0  0,0   0:00.01 ovsdb-serv+
 5199 root      20   0   22564   5996   5248 S   0,0  0,0   0:00.00 tcpdump
 5200 root      20   0   22564   6020   5272 S   0,0  0,0   0:00.00 tcpdump
 5201 root      20   0   22564   5936   5188 S   0,0  0,0   0:00.00 tcpdump
 5202 root      20   0   22564   6092   5340 S   0,0  0,0   0:00.00 tcpdump
 5203 root      20   0   22564   6084   5336 S   0,0  0,0   0:00.00 tcpdump
 5204 root      20   0   22564   6264   5380 S   0,0  0,0   0:00.00 tcpdump
 5205 root      20   0   22564   6260   5376 S   0,0  0,0   0:00.00 tcpdump
 5052 root      20   0  985396 118532   8912 S   1,0  0,7   0:00.35 ovs-vswitc+
 5122 root      20   0  985424 118548   8912 S   1,0  0,7   0:00.30 ovs-vswitc+
 4948 root      10 -10   20924   4976   4224 S   0,0  0,0   0:00.00 ovsdb-serv+
 4988 root      10 -10   26456   9860   8912 S   0,0  0,1   0:00.00 ovs-vswitc+
 5048 root      20   0   20912   4892   4108 S   0,0  0,0   0:00.01 ovsdb-serv+
 5118 root      20   0   20912   4896   4116 S   0,0  0,0   0:00.01 ovsdb-serv+
 5199 root      20   0   22564   5996   5248 S   0,0  0,0   0:00.00 tcpdump
 5200 root      20   0   22564   6020   5272 S   0,0  0,0   0:00.00 tcpdump
 5201 root      20   0   22564   5936   5188 S   0,0  0,0   0:00.00 tcpdump
 5202 root      20   0   22564   6092   5340 S   0,0  0,0   0:00.00 tcpdump
 5203 root      20   0   22564   6084   5336 S   0,0  0,0   0:00.00 tcpdump
 5204 root      20   0   22564   6264   5380 S   0,0  0,0   0:00.00 tcpdump
 5205 root      20   0   22564   6260   5376 S   0,0  0,0   0:00.00 tcpdump
 5052 root      20   0  985396 118532   8912 S   2,0  0,7   0:00.37 ovs-vswitc+
 5122 root      20   0  985424 118548   8912 S   1,0  0,7   0:00.31 ovs-vswitc+
 4948 root      10 -10   20924   4976   4224 S   0,0  0,0   0:00.00 ovsdb-serv+
 4988 root      10 -10   26456   9860   8912 S   0,0  0,1   0:00.00 ovs-vswitc+
 5048 root      20   0   20912   4892   4108 S   0,0  0,0   0:00.01 ovsdb-serv+
 5118 root      20   0   20912   4896   4116 S   0,0  0,0   0:00.01 ovsdb-serv+
 5199 root      20   0   22564   5996   5248 S   0,0  0,0   0:00.00 tcpdump
 5200 root      20   0   22564   6020   5272 S   0,0  0,0   0:00.00 tcpdump
 5201 root      20   0   22564   5936   5188 S   0,0  0,0   0:00.00 tcpdump
 5202 root      20   0   22564   6092   5340 S   0,0  0,0   0:00.00 tcpdump
 5203 root      20   0   22564   6084   5336 S   0,0  0,0   0:00.00 tcpdump
 5204 root      20   0   22564   6264   5380 S   0,0  0,0   0:00.00 tcpdump
 5205 root      20   0   22564   6260   5376 S   0,0  0,0   0:00.00 tcpdump
 5052 root      20   0  985396 119320   8912 S   8,9  0,7   0:00.46 ovs-vswitc+
 5122 root      20   0  985424 118808   8912 S   2,0  0,7   0:00.33 ovs-vswitc+
 4948 root      10 -10   20924   4976   4224 S   0,0  0,0   0:00.00 ovsdb-serv+
 4988 root      10 -10   26456   9860   8912 S   0,0  0,1   0:00.00 ovs-vswitc+
 5048 root      20   0   20912   4892   4108 S   0,0  0,0   0:00.01 ovsdb-serv+
 5118 root      20   0   20912   4896   4116 S   0,0  0,0   0:00.01 ovsdb-serv+
 5199 root      20   0   22564   5996   5248 S   0,0  0,0   0:00.00 tcpdump
 5200 root      20   0   22564   6020   5272 S   0,0  0,0   0:00.00 tcpdump
 5201 root      20   0   22564   5936   5188 S   0,0  0,0   0:00.00 tcpdump
 5202 root      20   0   22564   6092   5340 S   0,0  0,0   0:00.00 tcpdump
 5203 root      20   0   22564   6084   5336 S   0,0  0,0   0:00.00 tcpdump
 5204 root      20   0   22564   6264   5380 S   0,0  0,0   0:00.00 tcpdump
 5205 root      20   0   22564   6260   5376 S   0,0  0,0   0:00.00 tcpdump
 5052 root      20   0  985660 130388   8912 R 134,7  0,8   0:01.82 ovs-vswitc+
 5122 root      20   0  985424 121976   8912 S  11,9  0,7   0:00.45 ovs-vswitc+
 4948 root      10 -10   20924   4976   4224 S   0,0  0,0   0:00.00 ovsdb-serv+
 4988 root      10 -10   26456   9860   8912 S   0,0  0,1   0:00.00 ovs-vswitc+
 5048 root      20   0   20912   4892   4108 S   0,0  0,0   0:00.01 ovsdb-serv+
 5118 root      20   0   20912   4896   4116 S   0,0  0,0   0:00.01 ovsdb-serv+
 5199 root      20   0   22564   5996   5248 S   0,0  0,0   0:00.00 tcpdump
 5200 root      20   0   22564   6020   5272 S   0,0  0,0   0:00.00 tcpdump
 5201 root      20   0   22564   5936   5188 S   0,0  0,0   0:00.00 tcpdump
 5202 root      20   0   22564   6092   5340 S   0,0  0,0   0:00.00 tcpdump
 5203 root      20   0   22564   6084   5336 S   0,0  0,0   0:00.00 tcpdump
 5204 root      20   0   22564   6264   5380 S   0,0  0,0   0:00.00 tcpdump
 5205 root      20   0   22564   6260   5376 S   0,0  0,0   0:00.00 tcpdump
 5052 root      20   0  987240 143316   8912 S 422,8  0,9   0:06.09 ovs-vswitc+
 5122 root      20   0  985424 121976   8912 S   1,0  0,7   0:00.46 ovs-vswitc+
 4948 root      10 -10   20924   4976   4224 S   0,0  0,0   0:00.00 ovsdb-serv+
 4988 root      10 -10   26456   9860   8912 S   0,0  0,1   0:00.00 ovs-vswitc+
 5048 root      20   0   20912   4892   4108 S   0,0  0,0   0:00.01 ovsdb-serv+
 5118 root      20   0   20912   4896   4116 S   0,0  0,0   0:00.01 ovsdb-serv+
 5199 root      20   0   22564   5996   5248 S   0,0  0,0   0:00.00 tcpdump
 5200 root      20   0   22564   6020   5272 S   0,0  0,0   0:00.00 tcpdump
 5201 root      20   0   22564   5936   5188 S   0,0  0,0   0:00.00 tcpdump
 5202 root      20   0   22564   6092   5340 S   0,0  0,0   0:00.00 tcpdump
 5203 root      20   0   22564   6084   5336 S   0,0  0,0   0:00.00 tcpdump
 5204 root      20   0   22564   6264   5380 S   0,0  0,0   0:00.00 tcpdump
 5205 root      20   0   22564   6260   5376 S   0,0  0,0   0:00.00 tcpdump
 5052 root      20   0  988956 155988   8912 R 437,3  1,0   0:10.55 ovs-vswitc+
 5122 root      20   0  985424 121976   8912 S   2,9  0,7   0:00.49 ovs-vswitc+
 4948 root      10 -10   20924   4976   4224 S   0,0  0,0   0:00.00 ovsdb-serv+
 4988 root      10 -10   26456   9860   8912 S   0,0  0,1   0:00.00 ovs-vswitc+
 5048 root      20   0   20912   4892   4108 S   0,0  0,0   0:00.01 ovsdb-serv+
 5118 root      20   0   20912   4896   4116 S   0,0  0,0   0:00.01 ovsdb-serv+
 5199 root      20   0   22564   5996   5248 S   0,0  0,0   0:00.00 tcpdump
 5200 root      20   0   22564   6020   5272 S   0,0  0,0   0:00.00 tcpdump
 5201 root      20   0   22564   5936   5188 S   0,0  0,0   0:00.00 tcpdump
 5202 root      20   0   22564   6092   5340 S   0,0  0,0   0:00.00 tcpdump
 5203 root      20   0   22564   6084   5336 S   0,0  0,0   0:00.00 tcpdump
 5204 root      20   0   22564   6264   5380 S   0,0  0,0   0:00.00 tcpdump
 5205 root      20   0   22564   6260   5376 S   0,0  0,0   0:00.00 tcpdump
 5052 root      20   0  990408 160212   8912 S 399,0  1,0   0:14.58 ovs-vswitc+
 4948 root      10 -10   20924   4976   4224 S   0,0  0,0   0:00.00 ovsdb-serv+
 4988 root      10 -10   26456   9860   8912 S   0,0  0,1   0:00.00 ovs-vswitc+
 5048 root      20   0   20912   4892   4108 S   0,0  0,0   0:00.01 ovsdb-serv+
 5118 root      20   0   20912   4896   4116 S   0,0  0,0   0:00.01 ovsdb-serv+
 5122 root      20   0  985424 121976   8912 S   0,0  0,7   0:00.49 ovs-vswitc+
 5199 root      20   0   22564   5996   5248 S   0,0  0,0   0:00.00 tcpdump
 5200 root      20   0   22564   6020   5272 S   0,0  0,0   0:00.00 tcpdump
 5201 root      20   0   22564   5936   5188 S   0,0  0,0   0:00.00 tcpdump
 5202 root      20   0   22564   6092   5340 S   0,0  0,0   0:00.00 tcpdump
 5203 root      20   0   22564   6084   5336 S   0,0  0,0   0:00.00 tcpdump
 5204 root      20   0   22564   6264   5380 S   0,0  0,0   0:00.00 tcpdump
 5205 root      20   0   22564   6260   5376 S   0,0  0,0   0:00.00 tcpdump
 5052 root      20   0  991988 161672   8912 S 384,2  1,0   0:18.46 ovs-vswitc+
 4948 root      10 -10   20924   4976   4224 S   0,0  0,0   0:00.00 ovsdb-serv+
 4988 root      10 -10   26456   9860   8912 S   0,0  0,1   0:00.00 ovs-vswitc+
 5048 root      20   0   20912   4892   4108 S   0,0  0,0   0:00.01 ovsdb-serv+
 5118 root      20   0   20912   4896   4116 S   0,0  0,0   0:00.01 ovsdb-serv+
 5122 root      20   0  985424 121976   8912 S   0,0  0,7   0:00.49 ovs-vswitc+
 5199 root      20   0   22564   5996   5248 S   0,0  0,0   0:00.00 tcpdump
 5200 root      20   0   22564   6020   5272 S   0,0  0,0   0:00.00 tcpdump
 5201 root      20   0   22564   5936   5188 S   0,0  0,0   0:00.00 tcpdump
 5202 root      20   0   22564   6092   5340 S   0,0  0,0   0:00.00 tcpdump
 5203 root      20   0   22564   6084   5336 S   0,0  0,0   0:00.00 tcpdump
 5204 root      20   0   22564   6264   5380 S   0,0  0,0   0:00.00 tcpdump
 5205 root      20   0   22564   6260   5376 S   0,0  0,0   0:00.00 tcpdump
 5052 root      20   0  993440 162992   8912 S 383,2  1,0   0:22.33 ovs-vswitc+
 5122 root      20   0  985424 121976   8912 S   1,0  0,7   0:00.50 ovs-vswitc+
 4948 root      10 -10   20924   4976   4224 S   0,0  0,0   0:00.00 ovsdb-serv+
 4988 root      10 -10   26456   9860   8912 S   0,0  0,1   0:00.00 ovs-vswitc+
 5048 root      20   0   20912   4892   4108 S   0,0  0,0   0:00.01 ovsdb-serv+
 5118 root      20   0   20912   4896   4116 S   0,0  0,0   0:00.01 ovsdb-serv+
 5199 root      20   0   22564   5996   5248 S   0,0  0,0   0:00.00 tcpdump
 5200 root      20   0   22564   6020   5272 S   0,0  0,0   0:00.00 tcpdump
 5201 root      20   0   22564   5936   5188 S   0,0  0,0   0:00.00 tcpdump
 5202 root      20   0   22564   6092   5340 S   0,0  0,0   0:00.00 tcpdump
 5203 root      20   0   22564   6084   5336 S   0,0  0,0   0:00.00 tcpdump
 5204 root      20   0   22564   6264   5380 S   0,0  0,0   0:00.00 tcpdump
 5205 root      20   0   22564   6260   5376 S   0,0  0,0   0:00.00 tcpdump
 5052 root      20   0  995024 164576   8912 S 382,2  1,0   0:26.19 ovs-vswitc+
 5122 root      20   0  985424 121976   8912 S   1,0  0,7   0:00.51 ovs-vswitc+
 4948 root      10 -10   20924   4976   4224 S   0,0  0,0   0:00.00 ovsdb-serv+
 4988 root      10 -10   26456   9860   8912 S   0,0  0,1   0:00.00 ovs-vswitc+
 5048 root      20   0   20912   4892   4108 S   0,0  0,0   0:00.01 ovsdb-serv+
 5118 root      20   0   20912   4896   4116 S   0,0  0,0   0:00.01 ovsdb-serv+
 5199 root      20   0   22564   5996   5248 S   0,0  0,0   0:00.00 tcpdump
 5200 root      20   0   22564   6020   5272 S   0,0  0,0   0:00.00 tcpdump
 5201 root      20   0   22564   5936   5188 S   0,0  0,0   0:00.00 tcpdump
 5202 root      20   0   22564   6092   5340 S   0,0  0,0   0:00.00 tcpdump
 5203 root      20   0   22564   6084   5336 S   0,0  0,0   0:00.00 tcpdump
 5204 root      20   0   22564   6264   5380 S   0,0  0,0   0:00.00 tcpdump
 5205 root      20   0   22564   6260   5376 S   0,0  0,0   0:00.00 tcpdump
 5052 root      20   0  995288 164840   8912 S  97,0  1,0   0:27.17 ovs-vswitc+
 5122 root      20   0  985424 121976   8912 S   1,0  0,7   0:00.52 ovs-vswitc+
 4948 root      10 -10   20924   4976   4224 S   0,0  0,0   0:00.00 ovsdb-serv+
 4988 root      10 -10   26456   9860   8912 S   0,0  0,1   0:00.00 ovs-vswitc+
 5048 root      20   0   20912   4892   4108 S   0,0  0,0   0:00.01 ovsdb-serv+
 5118 root      20   0   20912   4896   4116 S   0,0  0,0   0:00.01 ovsdb-serv+
 5199 root      20   0   22564   5996   5248 S   0,0  0,0   0:00.00 tcpdump
 5200 root      20   0   22564   6020   5272 S   0,0  0,0   0:00.00 tcpdump
 5201 root      20   0   22564   5936   5188 S   0,0  0,0   0:00.00 tcpdump
 5202 root      20   0   22564   6092   5340 S   0,0  0,0   0:00.00 tcpdump
 5203 root      20   0   22564   6084   5336 S   0,0  0,0   0:00.00 tcpdump
 5204 root      20   0   22564   6264   5380 S   0,0  0,0   0:00.00 tcpdump
 5205 root      20   0   22564   6260   5376 S   0,0  0,0   0:00.00 tcpdump
 5052 root      20   0  995288 164840   8912 S   5,9  1,0   0:27.23 ovs-vswitc+
 5122 root      20   0  985424 121976   8912 S   1,0  0,7   0:00.53 ovs-vswitc+
 4948 root      10 -10   20924   4976   4224 S   0,0  0,0   0:00.00 ovsdb-serv+
 4988 root      10 -10   26456   9860   8912 S   0,0  0,1   0:00.00 ovs-vswitc+
 5048 root      20   0   20912   4892   4108 S   0,0  0,0   0:00.01 ovsdb-serv+
 5118 root      20   0   20912   4896   4116 S   0,0  0,0   0:00.01 ovsdb-serv+
 5199 root      20   0   22564   5996   5248 S   0,0  0,0   0:00.00 tcpdump
 5200 root      20   0   22564   6020   5272 S   0,0  0,0   0:00.00 tcpdump
 5201 root      20   0   22564   5936   5188 S   0,0  0,0   0:00.00 tcpdump
 5202 root      20   0   22564   6092   5340 S   0,0  0,0   0:00.00 tcpdump
 5203 root      20   0   22564   6084   5336 S   0,0  0,0   0:00.00 tcpdump
 5204 root      20   0   22564   6264   5380 S   0,0  0,0   0:00.00 tcpdump
 5205 root      20   0   22564   6260   5376 S   0,0  0,0   0:00.00 tcpdump
 5052 root      20   0  995288 164840   8912 S   5,9  1,0   0:27.29 ovs-vswitc+
 5122 root      20   0  985424 121976   8912 S   2,0  0,7   0:00.55 ovs-vswitc+
 4948 root      10 -10   20924   4976   4224 S   0,0  0,0   0:00.00 ovsdb-serv+
 4988 root      10 -10   26456   9860   8912 S   0,0  0,1   0:00.00 ovs-vswitc+
 5048 root      20   0   20912   4892   4108 S   0,0  0,0   0:00.01 ovsdb-serv+
 5118 root      20   0   20912   4896   4116 S   0,0  0,0   0:00.01 ovsdb-serv+
 5199 root      20   0   22564   5996   5248 S   0,0  0,0   0:00.00 tcpdump
 5200 root      20   0   22564   6020   5272 S   0,0  0,0   0:00.00 tcpdump
 5201 root      20   0   22564   5936   5188 S   0,0  0,0   0:00.00 tcpdump
 5202 root      20   0   22564   6092   5340 S   0,0  0,0   0:00.00 tcpdump
 5203 root      20   0   22564   6084   5336 S   0,0  0,0   0:00.00 tcpdump
 5204 root      20   0   22564   6264   5380 S   0,0  0,0   0:00.00 tcpdump
 5205 root      20   0   22564   6260   5376 S   0,0  0,0   0:00.00 tcpdump
 5052 root      20   0  995288 164840   8912 S   7,9  1,0   0:27.37 ovs-vswitc+
 5122 root      20   0  985424 121976   8912 S   1,0  0,7   0:00.56 ovs-vswitc+
 5200 root      20   0   22564   6020   5272 S   1,0  0,0   0:00.01 tcpdump
 4948 root      10 -10   20924   4976   4224 S   0,0  0,0   0:00.00 ovsdb-serv+
 4988 root      10 -10   26456   9860   8912 S   0,0  0,1   0:00.00 ovs-vswitc+
 5048 root      20   0   20912   4892   4108 S   0,0  0,0   0:00.01 ovsdb-serv+
 5118 root      20   0   20912   4896   4116 S   0,0  0,0   0:00.01 ovsdb-serv+
 5199 root      20   0   22564   5996   5248 S   0,0  0,0   0:00.00 tcpdump
 5201 root      20   0   22564   5936   5188 S   0,0  0,0   0:00.00 tcpdump
 5202 root      20   0   22564   6092   5340 S   0,0  0,0   0:00.00 tcpdump
 5203 root      20   0   22564   6084   5336 S   0,0  0,0   0:00.00 tcpdump
 5204 root      20   0   22564   6264   5380 S   0,0  0,0   0:00.00 tcpdump
 5205 root      20   0   22564   6260   5376 S   0,0  0,0   0:00.00 tcpdump
 5052 root      20   0  995288 164840   8912 S   8,8  1,0   0:27.46 ovs-vswitc+
 5118 root      20   0   20912   4896   4116 S   1,0  0,0   0:00.02 ovsdb-serv+
 5122 root      20   0  985424 121976   8912 S   1,0  0,7   0:00.57 ovs-vswitc+
 4948 root      10 -10   20924   4976   4224 S   0,0  0,0   0:00.00 ovsdb-serv+
 4988 root      10 -10   26456   9860   8912 S   0,0  0,1   0:00.00 ovs-vswitc+
 5048 root      20   0   20912   4892   4108 S   0,0  0,0   0:00.01 ovsdb-serv+
 5199 root      20   0   22564   5996   5248 S   0,0  0,0   0:00.00 tcpdump
 5200 root      20   0   22564   6020   5272 S   0,0  0,0   0:00.01 tcpdump
 5201 root      20   0   22564   5936   5188 S   0,0  0,0   0:00.00 tcpdump
 5202 root      20   0   22564   6092   5340 S   0,0  0,0   0:00.00 tcpdump
 5203 root      20   0   22564   6084   5336 S   0,0  0,0   0:00.00 tcpdump
 5204 root      20   0   22564   6264   5380 S   0,0  0,0   0:00.00 tcpdump
 5205 root      20   0   22564   6260   5376 S   0,0  0,0   0:00.00 tcpdump
 5052 root      20   0  995288 164840   8912 S   5,0  1,0   0:27.51 ovs-vswitc+
 5122 root      20   0  985424 121976   8912 S   1,0  0,7   0:00.58 ovs-vswitc+
 4948 root      10 -10   20924   4976   4224 S   0,0  0,0   0:00.00 ovsdb-serv+
 4988 root      10 -10   26456   9860   8912 S   0,0  0,1   0:00.00 ovs-vswitc+
 5048 root      20   0   20912   4892   4108 S   0,0  0,0   0:00.01 ovsdb-serv+
 5118 root      20   0   20912   4896   4116 S   0,0  0,0   0:00.02 ovsdb-serv+
 5199 root      20   0   22564   5996   5248 S   0,0  0,0   0:00.00 tcpdump
 5200 root      20   0   22564   6020   5272 S   0,0  0,0   0:00.01 tcpdump
 5201 root      20   0   22564   5936   5188 S   0,0  0,0   0:00.00 tcpdump
 5202 root      20   0   22564   6092   5340 S   0,0  0,0   0:00.00 tcpdump
 5203 root      20   0   22564   6084   5336 S   0,0  0,0   0:00.00 tcpdump
 5204 root      20   0   22564   6264   5380 S   0,0  0,0   0:00.00 tcpdump
 5205 root      20   0   22564   6260   5376 S   0,0  0,0   0:00.00 tcpdump
 5052 root      20   0  995288 164840   8912 S   2,0  1,0   0:27.53 ovs-vswitc+
 4948 root      10 -10   20924   4976   4224 S   0,0  0,0   0:00.00 ovsdb-serv+
 4988 root      10 -10   26456   9860   8912 S   0,0  0,1   0:00.00 ovs-vswitc+
 5048 root      20   0   20912   4892   4108 S   0,0  0,0   0:00.01 ovsdb-serv+
 5118 root      20   0   20912   4896   4116 S   0,0  0,0   0:00.02 ovsdb-serv+
 5122 root      20   0  985424 121976   8912 S   0,0  0,7   0:00.58 ovs-vswitc+
 5199 root      20   0   22564   5996   5248 S   0,0  0,0   0:00.00 tcpdump
 5200 root      20   0   22564   6020   5272 S   0,0  0,0   0:00.01 tcpdump
 5201 root      20   0   22564   5936   5188 S   0,0  0,0   0:00.00 tcpdump
 5202 root      20   0   22564   6092   5340 S   0,0  0,0   0:00.00 tcpdump
 5203 root      20   0   22564   6084   5336 S   0,0  0,0   0:00.00 tcpdump
 5204 root      20   0   22564   6264   5380 S   0,0  0,0   0:00.00 tcpdump
 5205 root      20   0   22564   6260   5376 S   0,0  0,0   0:00.00 tcpdump
 5052 root      20   0  995288 164840   8912 S   1,0  1,0   0:27.54 ovs-vswitc+
 5122 root      20   0  985424 121976   8912 S   1,0  0,7   0:00.59 ovs-vswitc+
 4948 root      10 -10   20924   4976   4224 S   0,0  0,0   0:00.00 ovsdb-serv+
 4988 root      10 -10   26456   9860   8912 S   0,0  0,1   0:00.00 ovs-vswitc+
 5048 root      20   0   20912   4892   4108 S   0,0  0,0   0:00.01 ovsdb-serv+
 5118 root      20   0   20912   4896   4116 S   0,0  0,0   0:00.02 ovsdb-serv+
 5199 root      20   0   22564   5996   5248 S   0,0  0,0   0:00.00 tcpdump
 5200 root      20   0   22564   6020   5272 S   0,0  0,0   0:00.01 tcpdump
 5201 root      20   0   22564   5936   5188 S   0,0  0,0   0:00.00 tcpdump
 5202 root      20   0   22564   6092   5340 S   0,0  0,0   0:00.00 tcpdump
 5203 root      20   0   22564   6084   5336 S   0,0  0,0   0:00.00 tcpdump
 5204 root      20   0   22564   6264   5380 S   0,0  0,0   0:00.00 tcpdump
 5205 root      20   0   22564   6260   5376 S   0,0  0,0   0:00.00 tcpdump
 5048 root      20   0   20912   4892   4108 S   1,0  0,0   0:00.02 ovsdb-serv+
 5052 root      20   0  995288 164840   8912 S   1,0  1,0   0:27.55 ovs-vswitc+
 5122 root      20   0  985424 121976   8912 S   1,0  0,7   0:00.60 ovs-vswitc+
 4948 root      10 -10   20924   4976   4224 S   0,0  0,0   0:00.00 ovsdb-serv+
 4988 root      10 -10   26456   9860   8912 S   0,0  0,1   0:00.00 ovs-vswitc+
 5118 root      20   0   20912   4896   4116 S   0,0  0,0   0:00.02 ovsdb-serv+
 5199 root      20   0   22564   5996   5248 S   0,0  0,0   0:00.00 tcpdump
 5200 root      20   0   22564   6020   5272 S   0,0  0,0   0:00.01 tcpdump
 5201 root      20   0   22564   5936   5188 S   0,0  0,0   0:00.00 tcpdump
 5202 root      20   0   22564   6092   5340 S   0,0  0,0   0:00.00 tcpdump
 5203 root      20   0   22564   6084   5336 S   0,0  0,0   0:00.00 tcpdump
 5204 root      20   0   22564   6264   5380 S   0,0  0,0   0:00.00 tcpdump
 5205 root      20   0   22564   6260   5376 S   0,0  0,0   0:00.00 tcpdump
 5122 root      20   0  985424 121976   8912 S   2,0  0,7   0:00.62 ovs-vswitc+
 4948 root      10 -10   20924   4976   4224 S   0,0  0,0   0:00.00 ovsdb-serv+
 4988 root      10 -10   26456   9860   8912 S   0,0  0,1   0:00.00 ovs-vswitc+
 5048 root      20   0   20912   4892   4108 S   0,0  0,0   0:00.02 ovsdb-serv+
 5052 root      20   0  995288 164840   8912 S   0,0  1,0   0:27.55 ovs-vswitc+
 5118 root      20   0   20912   4896   4116 S   0,0  0,0   0:00.02 ovsdb-serv+
 5199 root      20   0   22564   5996   5248 S   0,0  0,0   0:00.00 tcpdump
 5200 root      20   0   22564   6020   5272 S   0,0  0,0   0:00.01 tcpdump
 5201 root      20   0   22564   5936   5188 S   0,0  0,0   0:00.00 tcpdump
 5202 root      20   0   22564   6092   5340 S   0,0  0,0   0:00.00 tcpdump
 5203 root      20   0   22564   6084   5336 S   0,0  0,0   0:00.00 tcpdump
 5204 root      20   0   22564   6264   5380 S   0,0  0,0   0:00.00 tcpdump
 5205 root      20   0   22564   6260   5376 S   0,0  0,0   0:00.00 tcpdump
 5052 root      20   0  995288 164840   8912 S   2,0  1,0   0:27.57 ovs-vswitc+
 5122 root      20   0  985424 121976   8912 S   1,0  0,7   0:00.63 ovs-vswitc+
 4948 root      10 -10   20924   4976   4224 S   0,0  0,0   0:00.00 ovsdb-serv+
 4988 root      10 -10   26456   9860   8912 S   0,0  0,1   0:00.00 ovs-vswitc+
 5048 root      20   0   20912   4892   4108 S   0,0  0,0   0:00.02 ovsdb-serv+
 5118 root      20   0   20912   4896   4116 S   0,0  0,0   0:00.02 ovsdb-serv+
 5199 root      20   0   22564   5996   5248 S   0,0  0,0   0:00.00 tcpdump
 5200 root      20   0   22564   6020   5272 S   0,0  0,0   0:00.01 tcpdump
 5201 root      20   0   22564   5936   5188 S   0,0  0,0   0:00.00 tcpdump
 5202 root      20   0   22564   6092   5340 S   0,0  0,0   0:00.00 tcpdump
 5203 root      20   0   22564   6084   5336 S   0,0  0,0   0:00.00 tcpdump
 5204 root      20   0   22564   6264   5380 S   0,0  0,0   0:00.00 tcpdump
 5205 root      20   0   22564   6260   5376 S   0,0  0,0   0:00.00 tcpdump
 5052 root      20   0  995288 164840   8912 S   1,0  1,0   0:27.58 ovs-vswitc+
 4948 root      10 -10   20924   4976   4224 S   0,0  0,0   0:00.00 ovsdb-serv+
 4988 root      10 -10   26456   9860   8912 S   0,0  0,1   0:00.00 ovs-vswitc+
 5048 root      20   0   20912   4892   4108 S   0,0  0,0   0:00.02 ovsdb-serv+
 5118 root      20   0   20912   4896   4116 S   0,0  0,0   0:00.02 ovsdb-serv+
 5122 root      20   0  985424 121976   8912 S   0,0  0,7   0:00.63 ovs-vswitc+
 5199 root      20   0   22564   5996   5248 S   0,0  0,0   0:00.00 tcpdump
 5200 root      20   0   22564   6020   5272 S   0,0  0,0   0:00.01 tcpdump
 5201 root      20   0   22564   5936   5188 S   0,0  0,0   0:00.00 tcpdump
 5202 root      20   0   22564   6092   5340 S   0,0  0,0   0:00.00 tcpdump
 5203 root      20   0   22564   6084   5336 S   0,0  0,0   0:00.00 tcpdump
 5204 root      20   0   22564   6264   5380 S   0,0  0,0   0:00.00 tcpdump
 5205 root      20   0   22564   6260   5376 S   0,0  0,0   0:00.00 tcpdump
 5052 root      20   0  995288 164840   8912 S   1,0  1,0   0:27.59 ovs-vswitc+
 5122 root      20   0  985424 121976   8912 S   1,0  0,7   0:00.64 ovs-vswitc+
 4948 root      10 -10   20924   4976   4224 S   0,0  0,0   0:00.00 ovsdb-serv+
 4988 root      10 -10   26456   9860   8912 S   0,0  0,1   0:00.00 ovs-vswitc+
 5048 root      20   0   20912   4892   4108 S   0,0  0,0   0:00.02 ovsdb-serv+
 5118 root      20   0   20912   4896   4116 S   0,0  0,0   0:00.02 ovsdb-serv+
 5199 root      20   0   22564   5996   5248 S   0,0  0,0   0:00.00 tcpdump
 5200 root      20   0   22564   6020   5272 S   0,0  0,0   0:00.01 tcpdump
 5201 root      20   0   22564   5936   5188 S   0,0  0,0   0:00.00 tcpdump
 5202 root      20   0   22564   6092   5340 S   0,0  0,0   0:00.00 tcpdump
 5203 root      20   0   22564   6084   5336 S   0,0  0,0   0:00.00 tcpdump
 5204 root      20   0   22564   6264   5380 S   0,0  0,0   0:00.00 tcpdump
 5205 root      20   0   22564   6260   5376 S   0,0  0,0   0:00.00 tcpdump
 5052 root      20   0  995288 164840   8912 S   2,0  1,0   0:27.61 ovs-vswitc+
 5122 root      20   0  985424 121976   8912 S   1,0  0,7   0:00.65 ovs-vswitc+
 4948 root      10 -10   20924   4976   4224 S   0,0  0,0   0:00.00 ovsdb-serv+
 4988 root      10 -10   26456   9860   8912 S   0,0  0,1   0:00.00 ovs-vswitc+
 5048 root      20   0   20912   4892   4108 S   0,0  0,0   0:00.02 ovsdb-serv+
 5118 root      20   0   20912   4896   4116 S   0,0  0,0   0:00.02 ovsdb-serv+
 5199 root      20   0   22564   5996   5248 S   0,0  0,0   0:00.00 tcpdump
 5200 root      20   0   22564   6020   5272 S   0,0  0,0   0:00.01 tcpdump
 5201 root      20   0   22564   5936   5188 S   0,0  0,0   0:00.00 tcpdump
 5202 root      20   0   22564   6092   5340 S   0,0  0,0   0:00.00 tcpdump
 5203 root      20   0   22564   6084   5336 S   0,0  0,0   0:00.00 tcpdump
 5204 root      20   0   22564   6264   5380 S   0,0  0,0   0:00.00 tcpdump
 5205 root      20   0   22564   6260   5376 S   0,0  0,0   0:00.00 tcpdump
 5122 root      20   0  985424 121976   8912 S   1,0  0,7   0:00.66 ovs-vswitc+
 4948 root      10 -10   20924   4976   4224 S   0,0  0,0   0:00.00 ovsdb-serv+
 4988 root      10 -10   26456   9860   8912 S   0,0  0,1   0:00.00 ovs-vswitc+
 5048 root      20   0   20912   4892   4108 S   0,0  0,0   0:00.02 ovsdb-serv+
 5052 root      20   0  995288 164840   8912 S   0,0  1,0   0:27.61 ovs-vswitc+
 5118 root      20   0   20912   4896   4116 S   0,0  0,0   0:00.02 ovsdb-serv+
 5199 root      20   0   22564   5996   5248 S   0,0  0,0   0:00.00 tcpdump
 5200 root      20   0   22564   6020   5272 S   0,0  0,0   0:00.01 tcpdump
 5201 root      20   0   22564   5936   5188 S   0,0  0,0   0:00.00 tcpdump
 5202 root      20   0   22564   6092   5340 S   0,0  0,0   0:00.00 tcpdump
 5203 root      20   0   22564   6084   5336 S   0,0  0,0   0:00.00 tcpdump
 5204 root      20   0   22564   6264   5380 S   0,0  0,0   0:00.00 tcpdump
 5205 root      20   0   22564   6260   5376 S   0,0  0,0   0:00.00 tcpdump
 5052 root      20   0  995288 164840   8912 S   2,0  1,0   0:27.63 ovs-vswitc+
 5122 root      20   0  985424 121976   8912 S   2,0  0,7   0:00.68 ovs-vswitc+
 5201 root      20   0   22564   5936   5188 S   1,0  0,0   0:00.01 tcpdump
 4948 root      10 -10   20924   4976   4224 S   0,0  0,0   0:00.00 ovsdb-serv+
 4988 root      10 -10   26456   9860   8912 S   0,0  0,1   0:00.00 ovs-vswitc+
 5048 root      20   0   20912   4892   4108 S   0,0  0,0   0:00.02 ovsdb-serv+
 5118 root      20   0   20912   4896   4116 S   0,0  0,0   0:00.02 ovsdb-serv+
 5199 root      20   0   22564   5996   5248 S   0,0  0,0   0:00.00 tcpdump
 5200 root      20   0   22564   6020   5272 S   0,0  0,0   0:00.01 tcpdump
 5202 root      20   0   22564   6092   5340 S   0,0  0,0   0:00.00 tcpdump
 5203 root      20   0   22564   6084   5336 S   0,0  0,0   0:00.00 tcpdump
 5204 root      20   0   22564   6264   5380 S   0,0  0,0   0:00.00 tcpdump
 5205 root      20   0   22564   6260   5376 S   0,0  0,0   0:00.00 tcpdump
 5052 root      20   0  995288 164840   8912 S   1,0  1,0   0:27.64 ovs-vswitc+
 4948 root      10 -10   20924   4976   4224 S   0,0  0,0   0:00.00 ovsdb-serv+
 4988 root      10 -10   26456   9860   8912 S   0,0  0,1   0:00.00 ovs-vswitc+
 5048 root      20   0   20912   4892   4108 S   0,0  0,0   0:00.02 ovsdb-serv+
 5118 root      20   0   20912   4896   4116 S   0,0  0,0   0:00.02 ovsdb-serv+
 5122 root      20   0  985424 121976   8912 S   0,0  0,7   0:00.68 ovs-vswitc+
 5199 root      20   0   22564   5996   5248 S   0,0  0,0   0:00.00 tcpdump
 5200 root      20   0   22564   6020   5272 S   0,0  0,0   0:00.01 tcpdump
 5201 root      20   0   22564   5936   5188 S   0,0  0,0   0:00.01 tcpdump
 5202 root      20   0   22564   6092   5340 S   0,0  0,0   0:00.00 tcpdump
 5203 root      20   0   22564   6084   5336 S   0,0  0,0   0:00.00 tcpdump
 5204 root      20   0   22564   6264   5380 S   0,0  0,0   0:00.00 tcpdump
 5205 root      20   0   22564   6260   5376 S   0,0  0,0   0:00.00 tcpdump
 5122 root      20   0  985424 121976   8912 S   1,0  0,7   0:00.69 ovs-vswitc+
 4948 root      10 -10   20924   4976   4224 S   0,0  0,0   0:00.00 ovsdb-serv+
 4988 root      10 -10   26456   9860   8912 S   0,0  0,1   0:00.00 ovs-vswitc+
 5048 root      20   0   20912   4892   4108 S   0,0  0,0   0:00.02 ovsdb-serv+
 5052 root      20   0  995288 164840   8912 S   0,0  1,0   0:27.64 ovs-vswitc+
 5118 root      20   0   20912   4896   4116 S   0,0  0,0   0:00.02 ovsdb-serv+
 5199 root      20   0   22564   5996   5248 S   0,0  0,0   0:00.00 tcpdump
 5200 root      20   0   22564   6020   5272 S   0,0  0,0   0:00.01 tcpdump
 5201 root      20   0   22564   5936   5188 S   0,0  0,0   0:00.01 tcpdump
 5202 root      20   0   22564   6092   5340 S   0,0  0,0   0:00.00 tcpdump
 5203 root      20   0   22564   6084   5336 S   0,0  0,0   0:00.00 tcpdump
 5204 root      20   0   22564   6264   5380 S   0,0  0,0   0:00.00 tcpdump
 5205 root      20   0   22564   6260   5376 S   0,0  0,0   0:00.00 tcpdump
 5052 root      20   0  995288 164840   8912 S   1,0  1,0   0:27.65 ovs-vswitc+
 5122 root      20   0  985424 121976   8912 S   1,0  0,7   0:00.70 ovs-vswitc+
 4948 root      10 -10   20924   4976   4224 S   0,0  0,0   0:00.00 ovsdb-serv+
 4988 root      10 -10   26456   9860   8912 S   0,0  0,1   0:00.00 ovs-vswitc+
 5048 root      20   0   20912   4892   4108 S   0,0  0,0   0:00.02 ovsdb-serv+
 5118 root      20   0   20912   4896   4116 S   0,0  0,0   0:00.02 ovsdb-serv+
 5199 root      20   0   22564   5996   5248 S   0,0  0,0   0:00.00 tcpdump
 5200 root      20   0   22564   6020   5272 S   0,0  0,0   0:00.01 tcpdump
 5201 root      20   0   22564   5936   5188 S   0,0  0,0   0:00.01 tcpdump
 5202 root      20   0   22564   6092   5340 S   0,0  0,0   0:00.00 tcpdump
 5203 root      20   0   22564   6084   5336 S   0,0  0,0   0:00.00 tcpdump
 5204 root      20   0   22564   6264   5380 S   0,0  0,0   0:00.00 tcpdump
 5205 root      20   0   22564   6260   5376 S   0,0  0,0   0:00.00 tcpdump
 5052 root      20   0  995288 164840   8912 S   1,0  1,0   0:27.66 ovs-vswitc+
 5122 root      20   0  985424 121976   8912 S   1,0  0,7   0:00.71 ovs-vswitc+
 4948 root      10 -10   20924   4976   4224 S   0,0  0,0   0:00.00 ovsdb-serv+
 4988 root      10 -10   26456   9860   8912 S   0,0  0,1   0:00.00 ovs-vswitc+
 5048 root      20   0   20912   4892   4108 S   0,0  0,0   0:00.02 ovsdb-serv+
 5118 root      20   0   20912   4896   4116 S   0,0  0,0   0:00.02 ovsdb-serv+
 5199 root      20   0   22564   5996   5248 S   0,0  0,0   0:00.00 tcpdump
 5200 root      20   0   22564   6020   5272 S   0,0  0,0   0:00.01 tcpdump
 5201 root      20   0   22564   5936   5188 S   0,0  0,0   0:00.01 tcpdump
 5202 root      20   0   22564   6092   5340 S   0,0  0,0   0:00.00 tcpdump
 5203 root      20   0   22564   6084   5336 S   0,0  0,0   0:00.00 tcpdump
 5204 root      20   0   22564   6264   5380 S   0,0  0,0   0:00.00 tcpdump
 5205 root      20   0   22564   6260   5376 S   0,0  0,0   0:00.00 tcpdump
 5052 root      20   0  995288 164840   8912 S   1,0  1,0   0:27.67 ovs-vswitc+
 5122 root      20   0  985424 121976   8912 S   1,0  0,7   0:00.72 ovs-vswitc+
 4948 root      10 -10   20924   4976   4224 S   0,0  0,0   0:00.00 ovsdb-serv+
 4988 root      10 -10   26456   9860   8912 S   0,0  0,1   0:00.00 ovs-vswitc+
 5048 root      20   0   20912   4892   4108 S   0,0  0,0   0:00.02 ovsdb-serv+
 5118 root      20   0   20912   4896   4116 S   0,0  0,0   0:00.02 ovsdb-serv+
 5199 root      20   0   22564   5996   5248 S   0,0  0,0   0:00.00 tcpdump
 5200 root      20   0   22564   6020   5272 S   0,0  0,0   0:00.01 tcpdump
 5201 root      20   0   22564   5936   5188 S   0,0  0,0   0:00.01 tcpdump
 5202 root      20   0   22564   6092   5340 S   0,0  0,0   0:00.00 tcpdump
 5203 root      20   0   22564   6084   5336 S   0,0  0,0   0:00.00 tcpdump
 5204 root      20   0   22564   6264   5380 S   0,0  0,0   0:00.00 tcpdump
 5205 root      20   0   22564   6260   5376 S   0,0  0,0   0:00.00 tcpdump
 5052 root      20   0  995288 164840   8912 S   1,0  1,0   0:27.68 ovs-vswitc+
 5122 root      20   0  985424 121976   8912 S   1,0  0,7   0:00.73 ovs-vswitc+
 4948 root      10 -10   20924   4976   4224 S   0,0  0,0   0:00.00 ovsdb-serv+
 4988 root      10 -10   26456   9860   8912 S   0,0  0,1   0:00.00 ovs-vswitc+
 5048 root      20   0   20912   4892   4108 S   0,0  0,0   0:00.02 ovsdb-serv+
 5118 root      20   0   20912   4896   4116 S   0,0  0,0   0:00.02 ovsdb-serv+
 5199 root      20   0   22564   5996   5248 S   0,0  0,0   0:00.00 tcpdump
 5200 root      20   0   22564   6020   5272 S   0,0  0,0   0:00.01 