 6039 root      20   0  985300 118364   8912 S  18,8  0,7   0:00.12 ovs-vswitc+
 5914 root      20   0  985296 118364   8912 S  12,5  0,7   0:00.10 ovs-vswitc+
 5808 root      10 -10   20924   4912   4156 S   0,0  0,0   0:00.00 ovsdb-serv+
 5847 root      10 -10   26456   9856   8912 S   0,0  0,1   0:00.00 ovs-vswitc+
 5900 root      20   0   20912   4960   4176 S   0,0  0,0   0:00.00 ovsdb-serv+
 6018 root      20   0   20912   5020   4236 S   0,0  0,0   0:00.00 ovsdb-serv+
 6178 root      20   0   22564   6112   5364 S   0,0  0,0   0:00.00 tcpdump
 6179 root      20   0   22564   6080   5328 S   0,0  0,0   0:00.00 tcpdump
 6180 root      20   0   22564   5972   5224 S   0,0  0,0   0:00.00 tcpdump
 6181 root      20   0   22564   6076   5324 S   0,0  0,0   0:00.00 tcpdump
 6182 root      20   0   22564   5996   5248 S   0,0  0,0   0:00.00 tcpdump
 6183 root      20   0   22564   6152   5268 S   0,0  0,0   0:00.00 tcpdump
 6184 root      20   0   22564   6112   5228 S   0,0  0,0   0:00.00 tcpdump
 5914 root      20   0  985296 118364   8912 S   1,0  0,7   0:00.11 ovs-vswitc+
 6039 root      20   0  985300 118364   8912 S   1,0  0,7   0:00.13 ovs-vswitc+
 5808 root      10 -10   20924   4912   4156 S   0,0  0,0   0:00.00 ovsdb-serv+
 5847 root      10 -10   26456   9856   8912 S   0,0  0,1   0:00.00 ovs-vswitc+
 5900 root      20   0   20912   4960   4176 S   0,0  0,0   0:00.00 ovsdb-serv+
 6018 root      20   0   20912   5020   4236 S   0,0  0,0   0:00.00 ovsdb-serv+
 6178 root      20   0   22564   6112   5364 S   0,0  0,0   0:00.00 tcpdump
 6179 root      20   0   22564   6080   5328 S   0,0  0,0   0:00.00 tcpdump
 6180 root      20   0   22564   5972   5224 S   0,0  0,0   0:00.00 tcpdump
 6181 root      20   0   22564   6076   5324 S   0,0  0,0   0:00.00 tcpdump
 6182 root      20   0   22564   5996   5248 S   0,0  0,0   0:00.00 tcpdump
 6183 root      20   0   22564   6152   5268 S   0,0  0,0   0:00.00 tcpdump
 6184 root      20   0   22564   6112   5228 S   0,0  0,0   0:00.00 tcpdump
 5914 root      20   0  985296 118364   8912 S   2,0  0,7   0:00.13 ovs-vswitc+
 6039 root      20   0  985300 118364   8912 S   1,0  0,7   0:00.14 ovs-vswitc+
 5808 root      10 -10   20924   4912   4156 S   0,0  0,0   0:00.00 ovsdb-serv+
 5847 root      10 -10   26456   9856   8912 S   0,0  0,1   0:00.00 ovs-vswitc+
 5900 root      20   0   20912   4960   4176 S   0,0  0,0   0:00.00 ovsdb-serv+
 6018 root      20   0   20912   5020   4236 S   0,0  0,0   0:00.00 ovsdb-serv+
 6178 root      20   0   22564   6112   5364 S   0,0  0,0   0:00.00 tcpdump
 6179 root      20   0   22564   6080   5328 S   0,0  0,0   0:00.00 tcpdump
 6180 root      20   0   22564   5972   5224 S   0,0  0,0   0:00.00 tcpdump
 6181 root      20   0   22564   6076   5324 S   0,0  0,0   0:00.00 tcpdump
 6182 root      20   0   22564   5996   5248 S   0,0  0,0   0:00.00 tcpdump
 6183 root      20   0   22564   6152   5268 S   0,0  0,0   0:00.00 tcpdump
 6184 root      20   0   22564   6112   5228 S   0,0  0,0   0:00.00 tcpdump
 6039 root      20   0  985300 118364   8912 S   2,0  0,7   0:00.16 ovs-vswitc+
 5808 root      10 -10   20924   4912   4156 S   0,0  0,0   0:00.00 ovsdb-serv+
 5847 root      10 -10   26456   9856   8912 S   0,0  0,1   0:00.00 ovs-vswitc+
 5900 root      20   0   20912   4960   4176 S   0,0  0,0   0:00.00 ovsdb-serv+
 5914 root      20   0  985296 118364   8912 S   0,0  0,7   0:00.13 ovs-vswitc+
 6018 root      20   0   20912   5020   4236 S   0,0  0,0   0:00.00 ovsdb-serv+
 6178 root      20   0   22564   6112   5364 S   0,0  0,0   0:00.00 tcpdump
 6179 root      20   0   22564   6080   5328 S   0,0  0,0   0:00.00 tcpdump
 6180 root      20   0   22564   5972   5224 S   0,0  0,0   0:00.00 tcpdump
 6181 root      20   0   22564   6076   5324 S   0,0  0,0   0:00.00 tcpdump
 6182 root      20   0   22564   5996   5248 S   0,0  0,0   0:00.00 tcpdump
 6183 root      20   0   22564   6152   5268 S   0,0  0,0   0:00.00 tcpdump
 6184 root      20   0   22564   6112   5228 S   0,0  0,0   0:00.00 tcpdump
 5914 root      20   0  985296 118364   8912 S   1,0  0,7   0:00.14 ovs-vswitc+
 6039 root      20   0  985300 118364   8912 S   1,0  0,7   0:00.17 ovs-vswitc+
 5808 root      10 -10   20924   4912   4156 S   0,0  0,0   0:00.00 ovsdb-serv+
 5847 root      10 -10   26456   9856   8912 S   0,0  0,1   0:00.00 ovs-vswitc+
 5900 root      20   0   20912   4960   4176 S   0,0  0,0   0:00.00 ovsdb-serv+
 6018 root      20   0   20912   5020   4236 S   0,0  0,0   0:00.00 ovsdb-serv+
 6178 root      20   0   22564   6112   5364 S   0,0  0,0   0:00.00 tcpdump
 6179 root      20   0   22564   6080   5328 S   0,0  0,0   0:00.00 tcpdump
 6180 root      20   0   22564   5972   5224 S   0,0  0,0   0:00.00 tcpdump
 6181 root      20   0   22564   6076   5324 S   0,0  0,0   0:00.00 tcpdump
 6182 root      20   0   22564   5996   5248 S   0,0  0,0   0:00.00 tcpdump
 6183 root      20   0   22564   6152   5268 S   0,0  0,0   0:00.00 tcpdump
 6184 root      20   0   22564   6112   5228 S   0,0  0,0   0:00.00 tcpdump
 5808 root      10 -10   20924   4912   4156 S   0,0  0,0   0:00.00 ovsdb-serv+
 5847 root      10 -10   26456   9856   8912 S   0,0  0,1   0:00.00 ovs-vswitc+
 5900 root      20   0   20912   4960   4176 S   0,0  0,0   0:00.00 ovsdb-serv+
 5914 root      20   0  985296 118364   8912 S   0,0  0,7   0:00.14 ovs-vswitc+
 6018 root      20   0   20912   5020   4236 S   0,0  0,0   0:00.00 ovsdb-serv+
 6039 root      20   0  985300 118364   8912 S   0,0  0,7   0:00.17 ovs-vswitc+
 6178 root      20   0   22564   6112   5364 S   0,0  0,0   0:00.00 tcpdump
 6179 root      20   0   22564   6080   5328 S   0,0  0,0   0:00.00 tcpdump
 6180 root      20   0   22564   5972   5224 S   0,0  0,0   0:00.00 tcpdump
 6181 root      20   0   22564   6076   5324 S   0,0  0,0   0:00.00 tcpdump
 6182 root      20   0   22564   5996   5248 S   0,0  0,0   0:00.00 tcpdump
 6183 root      20   0   22564   6152   5268 S   0,0  0,0   0:00.00 tcpdump
 6184 root      20   0   22564   6112   5228 S   0,0  0,0   0:00.00 tcpdump
 5914 root      20   0  985296 118364   8912 S   1,0  0,7   0:00.15 ovs-vswitc+
 6039 root      20   0  985300 118364   8912 S   1,0  0,7   0:00.18 ovs-vswitc+
 5808 root      10 -10   20924   4912   4156 S   0,0  0,0   0:00.00 ovsdb-serv+
 5847 root      10 -10   26456   9856   8912 S   0,0  0,1   0:00.00 ovs-vswitc+
 5900 root      20   0   20912   4960   4176 S   0,0  0,0   0:00.00 ovsdb-serv+
 6018 root      20   0   20912   5020   4236 S   0,0  0,0   0:00.00 ovsdb-serv+
 6178 root      20   0   22564   6112   5364 S   0,0  0,0   0:00.00 tcpdump
 6179 root      20   0   22564   6080   5328 S   0,0  0,0   0:00.00 tcpdump
 6180 root      20   0   22564   5972   5224 S   0,0  0,0   0:00.00 tcpdump
 6181 root      20   0   22564   6076   5324 S   0,0  0,0   0:00.00 tcpdump
 6182 root      20   0   22564   5996   5248 S   0,0  0,0   0:00.00 tcpdump
 6183 root      20   0   22564   6152   5268 S   0,0  0,0   0:00.00 tcpdump
 6184 root      20   0   22564   6112   5228 S   0,0  0,0   0:00.00 tcpdump
 6039 root      20   0  985300 118364   8912 S   2,0  0,7   0:00.20 ovs-vswitc+
 5914 root      20   0  985296 118364   8912 S   1,0  0,7   0:00.16 ovs-vswitc+
 5808 root      10 -10   20924   4912   4156 S   0,0  0,0   0:00.00 ovsdb-serv+
 5847 root      10 -10   26456   9856   8912 S   0,0  0,1   0:00.00 ovs-vswitc+
 5900 root      20   0   20912   4960   4176 S   0,0  0,0   0:00.00 ovsdb-serv+
 6018 root      20   0   20912   5020   4236 S   0,0  0,0   0:00.00 ovsdb-serv+
 6178 root      20   0   22564   6112   5364 S   0,0  0,0   0:00.00 tcpdump
 6179 root      20   0   22564   6080   5328 S   0,0  0,0   0:00.00 tcpdump
 6180 root      20   0   22564   5972   5224 S   0,0  0,0   0:00.00 tcpdump
 6181 root      20   0   22564   6076   5324 S   0,0  0,0   0:00.00 tcpdump
 6182 root      20   0   22564   5996   5248 S   0,0  0,0   0:00.00 tcpdump
 6183 root      20   0   22564   6152   5268 S   0,0  0,0   0:00.00 tcpdump
 6184 root      20   0   22564   6112   5228 S   0,0  0,0   0:00.00 tcpdump
 5914 root      20   0  985296 118364   8912 S   1,0  0,7   0:00.17 ovs-vswitc+
 6039 root      20   0  985416 118548   8912 S   1,0  0,7   0:00.21 ovs-vswitc+
 5808 root      10 -10   20924   4912   4156 S   0,0  0,0   0:00.00 ovsdb-serv+
 5847 root      10 -10   26456   9856   8912 S   0,0  0,1   0:00.00 ovs-vswitc+
 5900 root      20   0   20912   4960   4176 S   0,0  0,0   0:00.00 ovsdb-serv+
 6018 root      20   0   20912   5020   4236 S   0,0  0,0   0:00.00 ovsdb-serv+
 6178 root      20   0   22564   6112   5364 S   0,0  0,0   0:00.00 tcpdump
 6179 root      20   0   22564   6080   5328 S   0,0  0,0   0:00.00 tcpdump
 6180 root      20   0   22564   5972   5224 S   0,0  0,0   0:00.00 tcpdump
 6181 root      20   0   22564   6076   5324 S   0,0  0,0   0:00.00 tcpdump
 6182 root      20   0   22564   5996   5248 S   0,0  0,0   0:00.00 tcpdump
 6183 root      20   0   22564   6152   5268 S   0,0  0,0   0:00.00 tcpdump
 6184 root      20   0   22564   6112   5228 S   0,0  0,0   0:00.00 tcpdump
 5914 root      20   0  985396 118532   8912 S   2,0  0,7   0:00.19 ovs-vswitc+
 6039 root      20   0  985416 118548   8912 S   2,0  0,7   0:00.23 ovs-vswitc+
 5808 root      10 -10   20924   4912   4156 S   0,0  0,0   0:00.00 ovsdb-serv+
 5847 root      10 -10   26456   9856   8912 S   0,0  0,1   0:00.00 ovs-vswitc+
 5900 root      20   0   20912   4960   4176 S   0,0  0,0   0:00.00 ovsdb-serv+
 6018 root      20   0   20912   5020   4236 S   0,0  0,0   0:00.00 ovsdb-serv+
 6178 root      20   0   22564   6112   5364 S   0,0  0,0   0:00.00 tcpdump
 6179 root      20   0   22564   6080   5328 S   0,0  0,0   0:00.00 tcpdump
 6180 root      20   0   22564   5972   5224 S   0,0  0,0   0:00.00 tcpdump
 6181 root      20   0   22564   6076   5324 S   0,0  0,0   0:00.00 tcpdump
 6182 root      20   0   22564   5996   5248 S   0,0  0,0   0:00.00 tcpdump
 6183 root      20   0   22564   6152   5268 S   0,0  0,0   0:00.00 tcpdump
 6184 root      20   0   22564   6112   5228 S   0,0  0,0   0:00.00 tcpdump
 6039 root      20   0  985416 118548   8912 S   2,0  0,7   0:00.25 ovs-vswitc+
 5808 root      10 -10   20924   4912   4156 S   0,0  0,0   0:00.00 ovsdb-serv+
 5847 root      10 -10   26456   9856   8912 S   0,0  0,1   0:00.00 ovs-vswitc+
 5900 root      20   0   20912   4960   4176 S   0,0  0,0   0:00.00 ovsdb-serv+
 5914 root      20   0  985396 118532   8912 S   0,0  0,7   0:00.19 ovs-vswitc+
 6018 root      20   0   20912   5020   4236 S   0,0  0,0   0:00.00 ovsdb-serv+
 6178 root      20   0   22564   6112   5364 S   0,0  0,0   0:00.00 tcpdump
 6179 root      20   0   22564   6080   5328 S   0,0  0,0   0:00.00 tcpdump
 6180 root      20   0   22564   5972   5224 S   0,0  0,0   0:00.00 tcpdump
 6181 root      20   0   22564   6076   5324 S   0,0  0,0   0:00.00 tcpdump
 6182 root      20   0   22564   5996   5248 S   0,0  0,0   0:00.00 tcpdump
 6183 root      20   0   22564   6152   5268 S   0,0  0,0   0:00.00 tcpdump
 6184 root      20   0   22564   6112   5228 S   0,0  0,0   0:00.00 tcpdump
 5914 root      20   0  985396 118532   8912 S   2,0  0,7   0:00.21 ovs-vswitc+
 5808 root      10 -10   20924   4912   4156 S   0,0  0,0   0:00.00 ovsdb-serv+
 5847 root      10 -10   26456   9856   8912 S   0,0  0,1   0:00.00 ovs-vswitc+
 5900 root      20   0   20912   4960   4176 S   0,0  0,0   0:00.00 ovsdb-serv+
 6018 root      20   0   20912   5020   4236 S   0,0  0,0   0:00.00 ovsdb-serv+
 6039 root      20   0  985416 118548   8912 S   0,0  0,7   0:00.25 ovs-vswitc+
 6178 root      20   0   22564   6112   5364 S   0,0  0,0   0:00.00 tcpdump
 6179 root      20   0   22564   6080   5328 S   0,0  0,0   0:00.00 tcpdump
 6180 root      20   0   22564   5972   5224 S   0,0  0,0   0:00.00 tcpdump
 6181 root      20   0   22564   6076   5324 S   0,0  0,0   0:00.00 tcpdump
 6182 root      20   0   22564   5996   5248 S   0,0  0,0   0:00.00 tcpdump
 6183 root      20   0   22564   6152   5268 S   0,0  0,0   0:00.00 tcpdump
 6184 root      20   0   22564   6112   5228 S   0,0  0,0   0:00.00 tcpdump
 5914 root      20   0  985396 118532   8912 S   1,0  0,7   0:00.22 ovs-vswitc+
 5808 root      10 -10   20924   4912   4156 S   0,0  0,0   0:00.00 ovsdb-serv+
 5847 root      10 -10   26456   9856   8912 S   0,0  0,1   0:00.00 ovs-vswitc+
 5900 root      20   0   20912   4960   4176 S   0,0  0,0   0:00.00 ovsdb-serv+
 6018 root      20   0   20912   5020   4236 S   0,0  0,0   0:00.00 ovsdb-serv+
 6039 root      20   0  985416 118548   8912 S   0,0  0,7   0:00.25 ovs-vswitc+
 6178 root      20   0   22564   6112   5364 S   0,0  0,0   0:00.00 tcpdump
 6179 root      20   0   22564   6080   5328 S   0,0  0,0   0:00.00 tcpdump
 6180 root      20   0   22564   5972   5224 S   0,0  0,0   0:00.00 tcpdump
 6181 root      20   0   22564   6076   5324 S   0,0  0,0   0:00.00 tcpdump
 6182 root      20   0   22564   5996   5248 S   0,0  0,0   0:00.00 tcpdump
 6183 root      20   0   22564   6152   5268 S   0,0  0,0   0:00.00 tcpdump
 6184 root      20   0   22564   6112   5228 S   0,0  0,0   0:00.00 tcpdump
 6039 root      20   0  985416 118548   8912 S   2,0  0,7   0:00.27 ovs-vswitc+
 5808 root      10 -10   20924   4912   4156 S   0,0  0,0   0:00.00 ovsdb-serv+
 5847 root      10 -10   26456   9856   8912 S   0,0  0,1   0:00.00 ovs-vswitc+
 5900 root      20   0   20912   4960   4176 S   0,0  0,0   0:00.00 ovsdb-serv+
 5914 root      20   0  985396 118532   8912 S   0,0  0,7   0:00.22 ovs-vswitc+
 6018 root      20   0   20912   5020   4236 S   0,0  0,0   0:00.00 ovsdb-serv+
 6178 root      20   0   22564   6112   5364 S   0,0  0,0   0:00.00 tcpdump
 6179 root      20   0   22564   6080   5328 S   0,0  0,0   0:00.00 tcpdump
 6180 root      20   0   22564   5972   5224 S   0,0  0,0   0:00.00 tcpdump
 6181 root      20   0   22564   6076   5324 S   0,0  0,0   0:00.00 tcpdump
 6182 root      20   0   22564   5996   5248 S   0,0  0,0   0:00.00 tcpdump
 6183 root      20   0   22564   6152   5268 S   0,0  0,0   0:00.00 tcpdump
 6184 root      20   0   22564   6112   5228 S   0,0  0,0   0:00.00 tcpdump
 5914 root      20   0  985396 118532   8912 S   1,0  0,7   0:00.23 ovs-vswitc+
 5808 root      10 -10   20924   4912   4156 S   0,0  0,0   0:00.00 ovsdb-serv+
 5847 root      10 -10   26456   9856   8912 S   0,0  0,1   0:00.00 ovs-vswitc+
 5900 root      20   0   20912   4960   4176 S   0,0  0,0   0:00.00 ovsdb-serv+
 6018 root      20   0   20912   5020   4236 S   0,0  0,0   0:00.00 ovsdb-serv+
 6039 root      20   0  985416 118548   8912 S   0,0  0,7   0:00.27 ovs-vswitc+
 6178 root      20   0   22564   6112   5364 S   0,0  0,0   0:00.00 tcpdump
 6179 root      20   0   22564   6080   5328 S   0,0  0,0   0:00.00 tcpdump
 6180 root      20   0   22564   5972   5224 S   0,0  0,0   0:00.00 tcpdump
 6181 root      20   0   22564   6076   5324 S   0,0  0,0   0:00.00 tcpdump
 6182 root      20   0   22564   5996   5248 S   0,0  0,0   0:00.00 tcpdump
 6183 root      20   0   22564   6152   5268 S   0,0  0,0   0:00.00 tcpdump
 6184 root      20   0   22564   6112   5228 S   0,0  0,0   0:00.00 tcpdump
 5914 root      20   0  985396 118532   8912 S   2,0  0,7   0:00.25 ovs-vswitc+
 6039 root      20   0  985416 118548   8912 S   1,0  0,7   0:00.28 ovs-vswitc+
 5808 root      10 -10   20924   4912   4156 S   0,0  0,0   0:00.00 ovsdb-serv+
 5847 root      10 -10   26456   9856   8912 S   0,0  0,1   0:00.00 ovs-vswitc+
 5900 root      20   0   20912   4960   4176 S   0,0  0,0   0:00.00 ovsdb-serv+
 6018 root      20   0   20912   5020   4236 S   0,0  0,0   0:00.00 ovsdb-serv+
 6178 root      20   0   22564   6112   5364 S   0,0  0,0   0:00.00 tcpdump
 6179 root      20   0   22564   6080   5328 S   0,0  0,0   0:00.00 tcpdump
 6180 root      20   0   22564   5972   5224 S   0,0  0,0   0:00.00 tcpdump
 6181 root      20   0   22564   6076   5324 S   0,0  0,0   0:00.00 tcpdump
 6182 root      20   0   22564   5996   5248 S   0,0  0,0   0:00.00 tcpdump
 6183 root      20   0   22564   6152   5268 S   0,0  0,0   0:00.00 tcpdump
 6184 root      20   0   22564   6112   5228 S   0,0  0,0   0:00.00 tcpdump
 6039 root      20   0  985416 118548   8912 S   2,0  0,7   0:00.30 ovs-vswitc+
 5808 root      10 -10   20924   4912   4156 S   0,0  0,0   0:00.00 ovsdb-serv+
 5847 root      10 -10   26456   9856   8912 S   0,0  0,1   0:00.00 ovs-vswitc+
 5900 root      20   0   20912   4960   4176 S   0,0  0,0   0:00.00 ovsdb-serv+
 5914 root      20   0  985396 118532   8912 S   0,0  0,7   0:00.25 ovs-vswitc+
 6018 root      20   0   20912   5020   4236 S   0,0  0,0   0:00.00 ovsdb-serv+
 6178 root      20   0   22564   6112   5364 S   0,0  0,0   0:00.00 tcpdump
 6179 root      20   0   22564   6080   5328 S   0,0  0,0   0:00.00 tcpdump
 6180 root      20   0   22564   5972   5224 S   0,0  0,0   0:00.00 tcpdump
 6181 root      20   0   22564   6076   5324 S   0,0  0,0   0:00.00 tcpdump
 6182 root      20   0   22564   5996   5248 S   0,0  0,0   0:00.00 tcpdump
 6183 root      20   0   22564   6152   5268 S   0,0  0,0   0:00.00 tcpdump
 6184 root      20   0   22564   6112   5228 S   0,0  0,0   0:00.00 tcpdump
 5914 root      20   0  985396 118532   8912 S   1,0  0,7   0:00.26 ovs-vswitc+
 6039 root      20   0  985416 118548   8912 S   1,0  0,7   0:00.31 ovs-vswitc+
 5808 root      10 -10   20924   4912   4156 S   0,0  0,0   0:00.00 ovsdb-serv+
 5847 root      10 -10   26456   9856   8912 S   0,0  0,1   0:00.00 ovs-vswitc+
 5900 root      20   0   20912   4960   4176 S   0,0  0,0   0:00.00 ovsdb-serv+
 6018 root      20   0   20912   5020   4236 S   0,0  0,0   0:00.00 ovsdb-serv+
 6178 root      20   0   22564   6112   5364 S   0,0  0,0   0:00.00 tcpdump
 6179 root      20   0   22564   6080   5328 S   0,0  0,0   0:00.00 tcpdump
 6180 root      20   0   22564   5972   5224 S   0,0  0,0   0:00.00 tcpdump
 6181 root      20   0   22564   6076   5324 S   0,0  0,0   0:00.00 tcpdump
 6182 root      20   0   22564   5996   5248 S   0,0  0,0   0:00.00 tcpdump
 6183 root      20   0   22564   6152   5268 S   0,0  0,0   0:00.00 tcpdump
 6184 root      20   0   22564   6112   5228 S   0,0  0,0   0:00.00 tcpdump
 5808 root      10 -10   20924   4912   4156 S   0,0  0,0   0:00.00 ovsdb-serv+
 5847 root      10 -10   26456   9856   8912 S   0,0  0,1   0:00.00 ovs-vswitc+
 5900 root      20   0   20912   4960   4176 S   0,0  0,0   0:00.00 ovsdb-serv+
 5914 root      20   0  985396 118532   8912 S   0,0  0,7   0:00.26 ovs-vswitc+
 6018 root      20   0   20912   5020   4236 S   0,0  0,0   0:00.00 ovsdb-serv+
 6039 root      20   0  985416 118548   8912 S   0,0  0,7   0:00.31 ovs-vswitc+
 6178 root      20   0   22564   6112   5364 S   0,0  0,0   0:00.00 tcpdump
 6179 root      20   0   22564   6080   5328 S   0,0  0,0   0:00.00 tcpdump
 6180 root      20   0   22564   5972   5224 S   0,0  0,0   0:00.00 tcpdump
 6181 root      20   0   22564   6076   5324 S   0,0  0,0   0:00.00 tcpdump
 6182 root      20   0   22564   5996   5248 S   0,0  0,0   0:00.00 tcpdump
 6183 root      20   0   22564   6152   5268 S   0,0  0,0   0:00.00 tcpdump
 6184 root      20   0   22564   6112   5228 S   0,0  0,0   0:00.00 tcpdump
 5914 root      20   0  985396 118532   8912 S   1,0  0,7   0:00.27 ovs-vswitc+
 6039 root      20   0  985416 118548   8912 S   1,0  0,7   0:00.32 ovs-vswitc+
 5808 root      10 -10   20924   4912   4156 S   0,0  0,0   0:00.00 ovsdb-serv+
 5847 root      10 -10   26456   9856   8912 S   0,0  0,1   0:00.00 ovs-vswitc+
 5900 root      20   0   20912   4960   4176 S   0,0  0,0   0:00.00 ovsdb-serv+
 6018 root      20   0   20912   5020   4236 S   0,0  0,0   0:00.00 ovsdb-serv+
 6178 root      20   0   22564   6112   5364 S   0,0  0,0   0:00.00 tcpdump
 6179 root      20   0   22564   6080   5328 S   0,0  0,0   0:00.00 tcpdump
 6180 root      20   0   22564   5972   5224 S   0,0  0,0   0:00.00 tcpdump
 6181 root      20   0   22564   6076   5324 S   0,0  0,0   0:00.00 tcpdump
 6182 root      20   0   22564   5996   5248 S   0,0  0,0   0:00.00 tcpdump
 6183 root      20   0   22564   6152   5268 S   0,0  0,0   0:00.00 tcpdump
 6184 root      20   0   22564   6112   5228 S   0,0  0,0   0:00.00 tcpdump
 5914 root      20   0  985396 118532   8912 S   1,0  0,7   0:00.28 ovs-vswitc+
 6039 root      20   0  985416 118548   8912 S   1,0  0,7   0:00.33 ovs-vswitc+
 5808 root      10 -10   20924   4912   4156 S   0,0  0,0   0:00.00 ovsdb-serv+
 5847 root      10 -10   26456   9856   8912 S   0,0  0,1   0:00.00 ovs-vswitc+
 5900 root      20   0   20912   4960   4176 S   0,0  0,0   0:00.00 ovsdb-serv+
 6018 root      20   0   20912   5020   4236 S   0,0  0,0   0:00.00 ovsdb-serv+
 6178 root      20   0   22564   6112   5364 S   0,0  0,0   0:00.00 tcpdump
 6179 root      20   0   22564   6080   5328 S   0,0  0,0   0:00.00 tcpdump
 6180 root      20   0   22564   5972   5224 S   0,0  0,0   0:00.00 tcpdump
 6181 root      20   0   22564   6076   5324 S   0,0  0,0   0:00.00 tcpdump
 6182 root      20   0   22564   5996   5248 S   0,0  0,0   0:00.00 tcpdump
 6183 root      20   0   22564   6152   5268 S   0,0  0,0   0:00.00 tcpdump
 6184 root      20   0   22564   6112   5228 S   0,0  0,0   0:00.00 tcpdump
 5808 root      10 -10   20924   4912   4156 S   0,0  0,0   0:00.00 ovsdb-serv+
 5847 root      10 -10   26456   9856   8912 S   0,0  0,1   0:00.00 ovs-vswitc+
 5900 root      20   0   20912   4960   4176 S   0,0  0,0   0:00.00 ovsdb-serv+
 5914 root      20   0  985396 118532   8912 S   0,0  0,7   0:00.28 ovs-vswitc+
 6018 root      20   0   20912   5020   4236 S   0,0  0,0   0:00.00 ovsdb-serv+
 6039 root      20   0  985416 118548   8912 S   0,0  0,7   0:00.33 ovs-vswitc+
 6178 root      20   0   22564   6112   5364 S   0,0  0,0   0:00.00 tcpdump
 6179 root      20   0   22564   6080   5328 S   0,0  0,0   0:00.00 tcpdump
 6180 root      20   0   22564   5972   5224 S   0,0  0,0   0:00.00 tcpdump
 6181 root      20   0   22564   6076   5324 S   0,0  0,0   0:00.00 tcpdump
 6182 root      20   0   22564   5996   5248 S   0,0  0,0   0:00.00 tcpdump
 6183 root      20   0   22564   6152   5268 S   0,0  0,0   0:00.00 tcpdump
 6184 root      20   0   22564   6112   5228 S   0,0  0,0   0:00.00 tcpdump
 5914 root      20   0  985396 118532   8912 S   1,0  0,7   0:00.29 ovs-vswitc+
 6018 root      20   0   20912   5020   4236 S   1,0  0,0   0:00.01 ovsdb-serv+
 6039 root      20   0  985416 118548   8912 S   1,0  0,7   0:00.34 ovs-vswitc+
 5808 root      10 -10   20924   4912   4156 S   0,0  0,0   0:00.00 ovsdb-serv+
 5847 root      10 -10   26456   9856   8912 S   0,0  0,1   0:00.00 ovs-vswitc+
 5900 root      20   0   20912   4960   4176 S   0,0  0,0   0:00.00 ovsdb-serv+
 6178 root      20   0   22564   6112   5364 S   0,0  0,0   0:00.00 tcpdump
 6179 root      20   0   22564   6080   5328 S   0,0  0,0   0:00.00 tcpdump
 6180 root      20   0   22564   5972   5224 S   0,0  0,0   0:00.00 tcpdump
 6181 root      20   0   22564   6076   5324 S   0,0  0,0   0:00.00 tcpdump
 6182 root      20   0   22564   5996   5248 S   0,0  0,0   0:00.00 tcpdump
 6183 root      20   0   22564   6152   5268 S   0,0  0,0   0:00.00 tcpdump
 6184 root      20   0   22564   6112   5228 S   0,0  0,0   0:00.00 tcpdump
 5914 root      20   0  985396 123280   8912 R  24,8  0,8   0:00.54 ovs-vswitc+
 6039 root      20   0  985416 118548   8912 S   2,0  0,7   0:00.36 ovs-vswitc+
 5808 root      10 -10   20924   4912   4156 S   0,0  0,0   0:00.00 ovsdb-serv+
 5847 root      10 -10   26456   9856   8912 S   0,0  0,1   0:00.00 ovs-vswitc+
 5900 root      20   0   20912   4960   4176 S   0,0  0,0   0:00.00 ovsdb-serv+
 6018 root      20   0   20912   5020   4236 S   0,0  0,0   0:00.01 ovsdb-serv+
 6178 root      20   0   22564   6112   5364 S   0,0  0,0   0:00.00 tcpdump
 6179 root      20   0   22564   6080   5328 S   0,0  0,0   0:00.00 tcpdump
 6180 root      20   0   22564   5972   5224 S   0,0  0,0   0:00.00 tcpdump
 6181 root      20   0   22564   6076   5324 S   0,0  0,0   0:00.00 tcpdump
 6182 root      20   0   22564   5996   5248 S   0,0  0,0   0:00.00 tcpdump
 6183 root      20   0   22564   6152   5268 S   0,0  0,0   0:00.00 tcpdump
 6184 root      20   0   22564   6112   5228 S   0,0  0,0   0:00.00 tcpdump
 5914 root      20   0  985660 138320   8912 R 172,3  0,8   0:02.28 ovs-vswitc+
 6039 root      20   0  985416 121976   8912 S  21,8  0,7   0:00.58 ovs-vswitc+
 5808 root      10 -10   20924   4912   4156 S   0,0  0,0   0:00.00 ovsdb-serv+
 5847 root      10 -10   26456   9856   8912 S   0,0  0,1   0:00.00 ovs-vswitc+
 5900 root      20   0   20912   4960   4176 S   0,0  0,0   0:00.00 ovsdb-serv+
 6018 root      20   0   20912   5020   4236 S   0,0  0,0   0:00.01 ovsdb-serv+
 6178 root      20   0   22564   6112   5364 S   0,0  0,0   0:00.00 tcpdump
 6179 root      20   0   22564   6080   5328 S   0,0  0,0   0:00.00 tcpdump
 6180 root      20   0   22564   5972   5224 S   0,0  0,0   0:00.00 tcpdump
 6181 root      20   0   22564   6076   5324 S   0,0  0,0   0:00.00 tcpdump
 6182 root      20   0   22564   5996   5248 S   0,0  0,0   0:00.00 tcpdump
 6183 root      20   0   22564   6152   5268 S   0,0  0,0   0:00.00 tcpdump
 6184 root      20   0   22564   6112   5228 S   0,0  0,0   0:00.00 tcpdump
 5914 root      20   0  987160 139640   8912 S  89,4  0,9   0:03.21 ovs-vswitc+
 6039 root      20   0  985416 121976   8912 S   1,9  0,7   0:00.60 ovs-vswitc+
 5808 root      10 -10   20924   4912   4156 S   0,0  0,0   0:00.00 ovsdb-serv+
 5847 root      10 -10   26456   9856   8912 S   0,0  0,1   0:00.00 ovs-vswitc+
 5900 root      20   0   20912   4960   4176 S   0,0  0,0   0:00.00 ovsdb-serv+
 6018 root      20   0   20912   5020   4236 S   0,0  0,0   0:00.01 ovsdb-serv+
 6178 root      20   0   22564   6112   5364 S   0,0  0,0   0:00.00 tcpdump
 6179 root      20   0   22564   6080   5328 S   0,0  0,0   0:00.00 tcpdump
 6180 root      20   0   22564   5972   5224 S   0,0  0,0   0:00.00 tcpdump
 6181 root      20   0   22564   6076   5324 S   0,0  0,0   0:00.00 tcpdump
 6182 root      20   0   22564   5996   5248 S   0,0  0,0   0:00.00 tcpdump
 6183 root      20   0   22564   6152   5268 S   0,0  0,0   0:00.00 tcpdump
 6184 root      20   0   22564   6112   5228 S   0,0  0,0   0:00.00 tcpdump
 5914 root      20   0  988744 141224   8912 S  77,2  0,9   0:03.99 ovs-vswitc+
 6039 root      20   0  985416 121976   8912 S   3,0  0,7   0:00.63 ovs-vswitc+
 6179 root      20   0   22564   6080   5328 S   1,0  0,0   0:00.01 tcpdump
 6180 root      20   0   22564   5972   5224 S   1,0  0,0   0:00.01 tcpdump
 6182 root      20   0   22564   5996   5248 S   1,0  0,0   0:00.01 tcpdump
 5808 root      10 -10   20924   4912   4156 S   0,0  0,0   0:00.00 ovsdb-serv+
 5847 root      10 -10   26456   9856   8912 S   0,0  0,1   0:00.00 ovs-vswitc+
 5900 root      20   0   20912   4960   4176 S   0,0  0,0   0:00.00 ovsdb-serv+
 6018 root      20   0   20912   5020   4236 S   0,0  0,0   0:00.01 ovsdb-serv+
 6178 root      20   0   22564   6112   5364 S   0,0  0,0   0:00.00 tcpdump
 6181 root      20   0   22564   6076   5324 S   0,0  0,0   0:00.00 tcpdump
 6183 root      20   0   22564   6152   5268 S   0,0  0,0   0:00.00 tcpdump
 6184 root      20   0   22564   6112   5228 S   0,0  0,0   0:00.00 tcpdump
 5914 root      20   0  988744 141224   8912 S   1,9  0,9   0:04.01 ovs-vswitc+
 6039 root      20   0  985416 121976   8912 S   1,9  0,7   0:00.65 ovs-vswitc+
 5808 root      10 -10   20924   4912   4156 S   0,0  0,0   0:00.00 ovsdb-serv+
 5847 root      10 -10   26456   9856   8912 S   0,0  0,1   0:00.00 ovs-vswitc+
 5900 root      20   0   20912   4960   4176 S   0,0  0,0   0:00.00 ovsdb-serv+
 6018 root      20   0   20912   5020   4236 S   0,0  0,0   0:00.01 ovsdb-serv+
 6178 root      20   0   22564   6112   5364 S   0,0  0,0   0:00.00 tcpdump
 6179 root      20   0   22564   6080   5328 S   0,0  0,0   0:00.01 tcpdump
 6180 root      20   0   22564   5972   5224 S   0,0  0,0   0:00.01 tcpdump
 6181 root      20   0   22564   6076   5324 S   0,0  0,0   0:00.00 tcpdump
 6182 root      20   0   22564   5996   5248 S   0,0  0,0   0:00.01 tcpdump
 6183 root      20   0   22564   6152   5268 S   0,0  0,0   0:00.00 tcpdump
 6184 root      20   0   22564   6112   5228 S   0,0  0,0   0:00.00 tcpdump
 6039 root      20   0  985416 121976   8912 S   1,0  0,7   0:00.66 ovs-vswitc+
 5808 root      10 -10   20924   4912   4156 S   0,0  0,0   0:00.00 ovsdb-serv+
 5847 root      10 -10   26456   9856   8912 S   0,0  0,1   0:00.00 ovs-vswitc+
 5900 root      20   0   20912   4960   4176 S   0,0  0,0   0:00.00 ovsdb-serv+
 5914 root      20   0  988744 141224   8912 S   0,0  0,9   0:04.01 ovs-vswitc+
 6018 root      20   0   20912   5020   4236 S   0,0  0,0   0:00.01 ovsdb-serv+
 6178 root      20   0   22564   6112   5364 S   0,0  0,0   0:00.00 tcpdump
 6179 root      20   0   22564   6080   5328 S   0,0  0,0   0:00.01 tcpdump
 6180 root      20   0   22564   5972   5224 S   0,0  0,0   0:00.01 tcpdump
 6181 root      20   0   22564   6076   5324 S   0,0  0,0   0:00.00 tcpdump
 6182 root      20   0   22564   5996   5248 S   0,0  0,0   0:00.01 tcpdump
 6183 root      20   0   22564   6152   5268 S   0,0  0,0   0:00.00 tcpdump
 6184 root      20   0   22564   6112   5228 S   0,0  0,0   0:00.00 tcpdump
 6039 root      20   0  985416 121976   8912 S   2,0  0,7   0:00.68 ovs-vswitc+
 5914 root      20   0  988744 141224   8912 S   1,0  0,9   0:04.02 ovs-vswitc+
 5808 root      10 -10   20924   4912   4156 S   0,0  0,0   0:00.00 ovsdb-serv+
 5847 root      10 -10   26456   9856   8912 S   0,0  0,1   0:00.00 ovs-vswitc+
 5900 root      20   0   20912   4960   4176 S   0,0  0,0   0:00.00 ovsdb-serv+
 6018 root      20   0   20912   5020   4236 S   0,0  0,0   0:00.01 ovsdb-serv+
 6178 root      20   0   22564   6112   5364 S   0,0  0,0   0:00.00 tcpdump
 6179 root      20   0   22564   6080   5328 S   0,0  0,0   0:00.01 tcpdump
 6180 root      20   0   22564   5972   5224 S   0,0  0,0   0:00.01 tcpdump
 6181 root      20   0   22564   6076   5324 S   0,0  0,0   0:00.00 tcpdump
 6182 root      20   0   22564   5996   5248 S   0,0  0,0   0:00.01 tcpdump
 6183 root      20   0   22564   6152   5268 S   0,0  0,0   0:00.00 tcpdump
 6184 root      20   0   22564   6112   5228 S   0,0  0,0   0:00.00 tcpdump
 6039 root      20   0  985416 121976   8912 S   3,0  0,7   0:00.71 ovs-vswitc+
 5914 root      20   0  988744 141224   8912 S   2,0  0,9   0:04.04 ovs-vswitc+
 5900 root      20   0   20912   4960   4176 S   1,0  0,0   0:00.01 ovsdb-serv+
 5808 root      10 -10   20924   4912   4156 S   0,0  0,0   0:00.00 ovsdb-serv+
 5847 root      10 -10   26456   9856   8912 S   0,0  0,1   0:00.00 ovs-vswitc+
 6018 root      20   0   20912   5020   4236 S   0,0  0,0   0:00.01 ovsdb-serv+
 6178 root      20   0   22564   6112   5364 S   0,0  0,0   0:00.00 tcpdump
 6179 root      20   0   22564   6080   5328 S   0,0  0,0   0:00.01 tcpdump
 6180 root      20   0   22564   5972   5224 S   0,0  0,0   0:00.01 tcpdump
 6181 root      20   0   22564   6076   5324 S   0,0  0,0   0:00.00 tcpdump
 6182 root      20   0   22564   5996   5248 S   0,0  0,0   0:00.01 tcpdump
 6183 root      20   0   22564   6152   5268 S   0,0  0,0   0:00.00 tcpdump
 6184 root      20   0   22564   6112   5228 S   0,0  0,0   0:00.00 tcpdump
 5914 root      20   0  988744 141224   8912 S   1,0  0,9   0:04.05 ovs-vswitc+
 6039 root      20   0  985416 121976   8912 S   1,0  0,7   0:00.72 ovs-vswitc+
 5808 root      10 -10   20924   4912   4156 S   0,0  0,0   0:00.00 ovsdb-serv+
 5847 root      10 -10   26456   9856   8912 S   0,0  0,1   0:00.00 ovs-vswitc+
 5900 root      20   0   20912   4960   4176 S   0,0  0,0   0:00.01 ovsdb-serv+
 6018 root      20   0   20912   5020   4236 S   0,0  0,0   0:00.01 ovsdb-serv+
 6178 root      20   0   22564   6112   5364 S   0,0  0,0   0:00.00 tcpdump
 6179 root      20   0   22564   6080   5328 S   0,0  0,0   0:00.01 tcpdump
 6180 root      20   0   22564   5972   5224 S   0,0  0,0   0:00.01 tcpdump
 6181 root      20   0   22564   6076   5324 S   0,0  0,0   0:00.00 tcpdump
 6182 root      20   0   22564   5996   5248 S   0,0  0,0   0:00.01 tcpdump
 6183 root      20   0   22564   6152   5268 S   0,0  0,0   0:00.00 tcpdump
 6184 root      20   0   22564   6112   5228 S   0,0  0,0   0:00.00 tcpdump
 6039 root      20   0  985416 121976   8912 S   2,0  0,7   0:00.74 ovs-vswitc+
 5808 root      10 -10   20924   4912   4156 S   0,0  0,0   0:00.00 ovsdb-serv+
 5847 root      10 -10   26456   9856   8912 S   0,0  0,1   0:00.00 ovs-vswitc+
 5900 root      20   0   20912   4960   4176 S   0,0  0,0   0:00.01 ovsdb-serv+
 5914 root      20   0  988744 141224   8912 S   0,0  0,9   0:04.05 ovs-vswitc+
 6018 root      20   0   20912   5020   4236 S   0,0  0,0   0:00.01 ovsdb-serv+
 6178 root      20   0   22564   6112   5364 S   0,0  0,0   0:00.00 tcpdump
 6179 root      20   0   22564   6080   5328 S   0,0  0,0   0:00.01 tcpdump
 6180 root      20   0   22564   5972   5224 S   0,0  0,0   0:00.01 tcpdump
 6181 root      20   0   22564   6076   5324 S   0,0  0,0   0:00.00 tcpdump
 6182 root      20   0   22564   5996   5248 S   0,0  0,0   0:00.01 tcpdump
 6183 root      20   0   22564   6152   5268 S   0,0  0,0   0:00.00 tcpdump
 6184 root      20   0   22564   6112   5228 S   0,0  0,0   0:00.00 tcpdump
 6039 root      20   0  985416 121976   8912 S   2,0  0,7   0:00.76 ovs-vswitc+
 5914 root      20   0  988744 141224   8912 S   1,0  0,9   0:04.06 ovs-vswitc+
 5808 root      10 -10   20924   4912   4156 S   0,0  0,0   0:00.00 ovsdb-serv+
 5847 root      10 -10   26456   9856   8912 S   0,0  0,1   0:00.00 ovs-vswitc+
 5900 root      20   0   20912   4960   4176 S   0,0  0,0   0:00.01 ovsdb-serv+
 6018 root      20   0   20912   5020   4236 S   0,0  0,0   0:00.01 ovsdb-serv+
 6178 root      20   0   22564   6112   5364 S   0,0  0,0   0:00.00 tcpdump
 6179 root      20   0   22564   6080   5328 S   0,0  0,0   0:00.01 tcpdump
 6180 root      20   0   22564   5972   5224 S   0,0  0,0   0:00.01 tcpdump
 6181 root      20   0   22564   6076   5324 S   0,0  0,0   0:00.00 tcpdump
 6182 root      20   0   22564   5996   5248 S   0,0  0,0   0:00.01 tcpdump
 6183 root      20   0   22564   6152   5268 S   0,0  0,0   0:00.00 tcpdump
 6184 root      20   0   22564   6112   5228 S   0,0  0,0   0:00.00 tcpdump
 6039 root      20   0  985416 121976   8912 S   5,0  0,7   0:00.81 ovs-vswitc+
 5808 root      10 -10   20924   4912   4156 S   0,0  0,0   0:00.00 ovsdb-serv+
 5847 root      10 -10   26456   9856   8912 S   0,0  0,1   0:00.00 ovs-vswitc+
 5900 root      20   0   20912   4960   4176 S   0,0  0,0   0:00.01 ovsdb-serv+
 5914 root      20   0  988744 141224   8912 S   0,0  0,9   0:04.06 ovs-vswitc+
 6018 root      20   0   20912   5020   4236 S   0,0  0,0   0:00.01 ovsdb-serv+
 6178 root      20   0   22564   6112   5364 S   0,0  0,0   0:00.00 tcpdump
 6179 root      20   0   22564   6080   5328 S   0,0  0,0   0:00.01 tcpdump
 6180 root      20   0   22564   5972   5224 S   0,0  0,0   0:00.01 tcpdump
 6181 root      20   0   22564   6076   5324 S   0,0  0,0   0:00.00 tcpdump
 6182 root      20   0   22564   5996   5248 S   0,0  0,0   0:00.01 tcpdump
 6183 root      20   0   22564   6152   5268 S   0,0  0,0   0:00.00 tcpdump
 6184 root      20   0   22564   6112   5228 S   0,0  0,0   0:00.00 tcpdump
 5914 root      20   0  988744 141224   8912 S   1,0  0,9   0:04.07 ovs-vswitc+
 5808 root      10 -10   20924   4912   4156 S   0,0  0,0   0:00.00 ovsdb-serv+
 5847 root      10 -10   26456   9856   8912 S   0,0  0,1   0:00.00 ovs-vswitc+
 5900 root      20   0   20912   4960   4176 S   0,0  0,0   0:00.01 ovsdb-serv+
 6018 root      20   0   20912   5020   4236 S   0,0  0,0   0:00.01 ovsdb-serv+
 6039 root      20   0  985416 121976   8912 S   0,0  0,7   0:00.81 ovs-vswitc+
 6178 root      20   0   22564   6112   5364 S   0,0  0,0   0:00.00 tcpdump
 6179 root      20   0   22564   6080   5328 S   0,0  0,0   0:00.01 tcpdump
 6180 root      20   0   22564   5972   5224 S   0,0  0,0   0:00.01 tcpdump
 6181 root      20   0   22564   6076   5324 S   0,0  0,0   0:00.00 tcpdump
 6182 root      20   0   22564   5996   5248 S   0,0  0,0   0:00.01 tcpdump
 6183 root      20   0   22564   6152   5268 S   0,0  0,0   0:00.00 tcpdump
 6184 root      20   0   22564   6112   5228 S   0,0  0,0   0:00.00 tcpdump
 6039 root      20   0  985416 121976   8912 S   2,0  0,7   0:00.83 ovs-vswitc+
 5914 root      20   0  988744 141224   8912 S   1,0  0,9   0:04.08 ovs-vswitc+
 5808 root      10 -10   20924   4912   4156 S   0,0  0,0   0:00.00 ovsdb-serv+
 5847 root      10 -10   26456   9856   8912 S   0,0  0,1   0:00.00 ovs-vswitc+
 5900 root      20   0   20912   4960   4176 S   0,0  0,0   0:00.01 ovsdb-serv+
 6018 root      20   0   20912   5020   4236 S   0,0  0,0   0:00.01 ovsdb-serv+
 6178 root      20   0   22564   6112   5364 S   0,0  0,0   0:00.00 tcpdump
 6179 root      20   0   22564   6080   5328 S   0,0  0,0   0:00.01 tcpdump
 6180 root      20   0   22564   5972   5224 S   0,0  0,0   0:00.01 tcpdump
 6181 root      20   0   22564   6076   5324 S   0,0  0,0   0:00.00 tcpdump
 6182 root      20   0   22564   5996   5248 S   0,0  0,0   0:00.01 tcpdump
 6183 root      20   0   22564   6152   5268 S   0,0  0,0   0:00.00 tcpdump
 6184 root      20   0   22564   6112   5228 S   0,0  0,0   0:00.00 tcpdump
 5914 root      20   0  988744 141224   8912 S   1,0  0,9   0:04.09 ovs-vswitc+
 6039 root      20   0  985416 121976   8912 S   1,0  0,7   0:00.84 ovs-vswitc+
 5808 root      10 -10   20924   4912   4156 S   0,0  0,0   0:00.00 ovsdb-serv+
 5847 root      10 -10   26456   9856   8912 S   0,0  0,1   0:00.00 ovs-vswitc+
 5900 root      20   0   20912   4960   4176 S   0,0  0,0   0:00.01 ovsdb-serv+
 6018 root      20   0   20912   5020   4236 S   0,0  0,0   0:00.01 ovsdb-serv+
 6178 root      20   0   22564   6112   5364 S   0,0  0,0   0:00.00 tcpdump
 6179 root      20   0   22564   6080   5328 S   0,0  0,0   0:00.01 tcpdump
 6180 root      20   0   22564   5972   5224 S   0,0  0,0   0:00.01 tcpdump
 6181 root      20   0   22564   6076   5324 S   0,0  0,0   0:00.00 tcpdump
 6182 root      20   0   22564   5996   5248 S   0,0  0,0   0:00.01 tcpdump
 6183 root      20   0   22564   6152   5268 S   0,0  0,0   0:00.00 tcpdump
 6184 root      20   0   22564   6112   5228 S   0,0  0,0   0:00.00 tcpdump
 5808 root      10 -10   20924   4912   4156 S   0,0  0,0   0:00.00 ovsdb-serv+
 5847 root      10 -10   26456   9856   8912 S   0,0  0,1   0:00.00 ovs-vswitc+
 5900 root      20   0   20912   4960   4176 S   0,0  0,0   0:00.01 ovsdb-serv+
 5914 root      20   0  988744 141224   8912 S   0,0  0,9   0:04.09 ovs-vswitc+
 6018 root      20   0   20912   5020   4236 S   0,0  0,0   0:00.01 ovsdb-serv+
 6039 root      20   0  985416 121976   8912 S   0,0  0,7   0:00.84 ovs-vswitc+
 6178 root      20   0   22564   6112   5364 S   0,0  0,0   0:00.00 tcpdump
 6179 root      20   0   22564   6080   5328 S   0,0  0,0   0:00.01 tcpdump
 6180 root      20   0   22564   5972   5224 S   0,0  0,0   0:00.01 tcpdump
 6181 root      20   0   22564   6076   5324 S   0,0  0,0   0:00.00 tcpdump
 6182 root      20   0   22564   5996   5248 S   0,0  0,0   0:00.01 tcpdump
 6183 root      20   0   22564   6152   5268 S   0,0  0,0   0:00.00 tcpdump
 6184 root      20   0   22564   6112   5228 S   0,0  0,0   0:00.00 tcpdump
 6039 root      20   0  985416 121976   8912 S   4,0  0,7   0:00.88 ovs-vswitc+
 5914 root      20   0  988744 141224   8912 S   2,0  0,9   0:04.11 ovs-vswitc+
 5808 root      10 -10   20924   4912   4156 S   0,0  0,0   0:00.00 ovsdb-serv+
 5847 root      10 -10   26456   9856   8912 S   0,0  0,1   0:00.00 ovs-vswitc+
 5900 root      20   0   20912   4960   4176 S   0,0  0,0   0:00.01 ovsdb-serv+
 6018 root      20   0   20912   5020   4236 S   0,0  0,0   0:00.01 ovsdb-serv+
 6178 root      20   0   22564   6112   5364 S   0,0  0,0   0:00.00 tcpdump
 6179 root      20   0   22564   6080   5328 S   0,0  0,0   0:00.01 tcpdump
 6180 root      20   0   22564   5972   5224 S   0,0  0,0   0:00.01 tcpdump
 6181 root      20   0   22564   6076   5324 S   0,0  0,0   0:00.00 tcpdump
 6182 root      20   0   22564   5996   5248 S   0,0  0,0   0:00.01 tcpdump
 6183 root      20   0   22564   6152   5268 S   0,0  0,0   0:00.00 tcpdump
 6184 root      20   0   22564   6112   5228 S   0,0  0,0   0:00.00 tcpdump
 5914 root      20   0  988744 141224   8912 S   1,0  0,9   0:04.12 ovs-vswitc+
 5808 root      10 -10   20924   4912   4156 S   0,0  0,0   0:00.00 ovsdb-serv+
 5847 root      10 -10   26456   9856   8912 S   0,0  0,1   0:00.00 ovs-vswitc+
 5900 root      20   0   20912   4960   4176 S   0,0  0,0   0:00.01 ovsdb-serv+
 6018 root      20   0   20912   5020   4236 S   0,0  0,0   0:00.01 ovsdb-serv+
 6039 root      20   0  985416 121976   8912 R   0,0  0,7   0:00.88 ovs-vswitc+
 6178 root      20   0   22564   6112   5364 S   0,0  0,0   0:00.00 tcpdump
 6179 root      20   0   22564   6080   5328 S   0,0  0,0   0:00.01 tcpdump
 6180 root      20   0   22564   5972   5224 S   0,0  0,0   0:00.01 tcpdump
 6181 root      20   0   22564   6076   5324 S   0,0  0,0   0:00.00 tcpdump
 6182 root      20   0   22564   5996   5248 S   0,0  0,0   0:00.01 tcpdump
 6183 root      20   0   22564   6152   5268 S   0,0  0,0   0:00.00 tcpdump
 6184 root      20   0   22564   6112   5228 S   0,0  0,0   0:00.00 tcpdump
 5914 root      20   0  988744 141224   8912 S   1,0  0,9   0:04.13 ovs-vswitc+
 6039 root      20   0  985416 121976   8912 S   1,0  0,7   0:00.89 ovs-vswitc+
 5808 root      10 -10   20924   4912   4156 S   0,0  0,0   0:00.00 ovsdb-serv+
 5847 root      10 -10   26456   9856   8912 S   0,0  0,1   0:00.00 ovs-vswitc+
 5900 root      20   0   20912   4960   4176 S   0,0  0,0   0:00.01 ovsdb-serv+
 6018 root      20   0   20912   5020   4236 S   0,0  0,0   0:00.01 ovsdb-serv+
 6178 root      20   0   22564   6112   5364 S   0,0  0,0   0:00.00 tcpdump
 6179 root      20   0   22564   6080   5328 S   0,0  0,0   0:00.01 tcpdump
 6180 root      20   0   22564   5972   5224 S   0,0  0,0   0:00.01 tcpdump
 6181 root      20   0   22564   6076   5324 S   0,0  0,0   0:00.00 tcpdump
 6182 root      20   0   22564   5996   5248 S   0,0  0,0   0:00.01 tcpdump
 6183 root      20   0   22564   6152   5268 S   0,0  0,0   0:00.00 tcpdump
 6184 root      20   0   22564   6112   5228 S   0,0  0,0   0:00.00 tcpdump
 5914 root      20   0  988744 141224   8912 S   2,0  0,9   0:04.15 ovs-vswitc+
 6039 root      20   0  985416 121976   8912 S   2,0  0,7   0:00.91 ovs-vswitc+
 5808 root      10 -10   20924   4912   4156 S   0,0  0,0   0:00.00 ovsdb-serv+
 5847 root      10 -10   26456   9856   8912 S   0,0  0,1   0:00.00 ovs-vswitc+
 5900 root      20   0   20912   4960   4176 S   0,0  0,0   0:00.01 ovsdb-serv+
 6018 root      20   0   20912   5020   4236 S   0,0  0,0   0:00.01 ovsdb-serv+
 6178 root      20   0   22564   6112   5364 S   0,0  0,0   0:00.00 tcpdump
 6179 root      20   0   22564   6080   5328 S   0,0  0,0   0:00.01 tcpdump
 6180 root      20   0   22564   5972   5224 S   0,0  0,0   0:00.01 tcpdump
 6181 root      20   0   22564   6076   5324 S   0,0  0,0   0:00.00 tcpdump
 6182 root      20   0   22564   5996   5248 S   0,0  0,0   0:00.01 tcpdump
 6183 root      20   0   22564   6152   5268 S   0,0  0,0   0:00.00 tcpdump
 6184 root      20   0   22564   6112   5228 S   0,0  0,0   0:00.00 tcpdump
 5914 root      20   0  988744 141224   8912 S   1,0  0,9   0:04.16 ovs-vswitc+
 5808 root      10 -10   20924   4912   4156 S   0,0  0,0   0:00.00 ovsdb-serv+
 5847 root      10 -10   26456   9856   8912 S   0,0  0,1   0:00.00 ovs-vswitc+
 5900 root      20   0   20912   4960   4176 S   0,0  0,0   0:00.01 ovsdb-serv+
 6018 root      20   0   20912   5020   4236 S   0,0  0,0   0:00.01 ovsdb-serv+
 6039 root      20   0  985416 121976   8912 S   0,0  0,7   0:00.91 ovs-vswitc+
 6178 root      20   0   22564   6112   5364 S   0,0  0,0   0:00.00 tcpdump
 6179 root      20   0   22564   6080   5328 S   0,0  0,0   0:00.01 tcpdump
 6180 root      20   0   22564   5972   5224 S   0,0  0,0   0:00.01 tcpdump
 6181 root      20   0   22564   6076   5324 S   0,0  0,0   0:00.00 tcpdump
 6182 root      20   0   22564   5996   5248 S   0,0  0,0   0:00.01 tcpdump
 6183 root      20   0   22564   6152   5268 S   0,0  0,0   0:00.00 tcpdump
 6184 root      20   0   22564   6112   5228 S   0,0  0,0   0:00.00 tcpdump
 6039 root      20   0  985416 121976   8912 S   2,0  0,7   0:00.93 ovs-vswitc+
 5808 root      10 -10   20924   4912   4156 S   1,0  0,0   0:00.01 ovsdb-serv+
 5847 root      10 -10   26456   9856   8912 S   0,0  0,1   0:00.00 ovs-vswitc+
 5900 root      20   0   20912   4960   4176 S   0,0  0,0   0:00.01 ovsdb-serv+
 5914 root      20   0  988744 141224   8912 S   0,0  0,9   0:04.16 ovs-vswitc+
 6018 root      20   0   20912   5020   4236 S   0,0  0,0   0:00.01 ovsdb-serv+
 6178 root      20   0   22564   6112   5364 S   0,0  0,0   0:00.00 tcpdump
 6179 root      20   0   22564   6080   5328 S   0,0  0,0   0:00.01 tcpdump
 6180 root      20   0   22564   5972   5224 S   0,0  0,0   0:00.01 tcpdump
 6181 root      20   0   22564   6076   5324 S   0,0  0,0   0:00.00 tcpdump
 6182 root      20   0   22564   5996   5248 S   0,0  0,0   0:00.01 tcpdump
 6183 root      20   0   22564   6152   5268 S   0,0  0,0   0:00.00 tcpdump
 6184 root      20   0   22564   6112   5228 S   0,0  0,0   0:00.00 tcpdump
 5914 root      20   0  988744 141224   8912 S   2,0  0,9   0:04.18 ovs-vswitc+
 6039 root      20   0  985416 121976   8912 S   1,0  0,7   0:00.94 ovs-vswitc+
 5808 root      10 -10   20924   4912   4156 S   0,0  0,0   0:00.01 ovsdb-serv+
 5847 root      10 -10   26456   9856   8912 S   0,0  0,1   0:00.00 ovs-vswitc+
 5900 root      20   0   20912   4960   4176 S   0,0  0,0   0:00.01 ovsdb-serv+
 6018 root      20   0   20912   5020   4236 S   0,0  0,0   0:00.01 ovsdb-serv+
 6178 root      20   0   22564   6112   5364 S   0,0  0,0   0:00.00 tcpdump
 6179 root      20   0   22564   6080   5328 S   0,0  0,0   0:00.01 tcpdump
 6180 root      20   0   22564   5972   5224 S   0,0  0,0   0:00.01 tcpdump
 6181 root      20   0   22564   6076   5324 S   0,0  0,0   0:00.00 tcpdump
 6182 root      20   0   22564   5996   5248 S   0,0  0,0   0:00.01 tcpdump
 6183 root      20   0   22564   6152   5268 S   0,0  0,0   0:00.00 tcpdump
 6184 root      20   0   22564   6112   5228 S   0,0  0,0   0:00.00 tcpdump
 5914 root      20   0  988744 141224   8912 S   1,0  0,9   0:04.19 ovs-vswitc+
 6039 root      20   0  985416 121976   8912 S   1,0  0,7   0:00.95 ovs-vswitc+
 5808 root      10 -10   20924   4912   4156 S   0,0  0,0   0:00.01 ovsdb-serv+
 5847 root      10 -10   26456   9856   8912 S   0,0  0,1   0:00.00 ovs-vswitc+
 5900 root      20   0   20912   4960   4176 S   0,0  0,0   0:00.01 ovsdb-serv+
 6018 root      20   0   20912   5020   4236 S   0,0  0,0   0:00.01 ovsdb-serv+
 6178 root      20   0   22564   6112   5364 S   0,0  0,0   0:00.00 tcpdump
 6179 root      20   0   22564   6080   5328 S   0,0  0,0   0:00.01 tcpdump
 6180 root      20   0   22564   5972   5224 S   0,0  0,0   0:00.01 tcpdump
 6181 root      20   0   22564   6076   5324 S   0,0  0,0   0:00.00 tcpdump
 6182 root      20   0   22564   5996   5248 S   0,0  0,0   0:00.01 tcpdump
 6183 root      20   0   22564   6152   5268 S   0,0  0,0   0:00.00 tcpdump
 6184 root      20   0   22564   6112   5228 S   0,0  0,0   0:00.00 tcpdump
 5914 root      20   0  988744 141224   8912 S   1,0  0,9   0:04.20 ovs-vswitc+
 6039 root      20   0  985416 121976   8912 S   1,0  0,7   0:00.96 ovs-vswitc+
 5808 root      10 -10   20924   4912   4156 S   0,0  0,0   0:00.01 ovsdb-serv+
 5847 root      10 -10   26456   9856   8912 S   0,0  0,1   0:00.00 ovs-vswitc+
 5900 root      20   0   20912   4960   4176 S   0,0  0,0   0:00.01 ovsdb-serv+
 6018 root      20   0   20912   5020   4236 S   0,0  0,0   0:00.01 ovsdb-serv+
 6178 root      20   0   22564   6112   5364 S   0,0  0,0   0:00.00 tcpdump
 6179 root      20   0   22564   6080   5328 S   0,0  0,0   0:00.01 tcpdump
 6180 root      20   0   22564   5972   5224 S   0,0  0,0   0:00.01 tcpdump
 6181 root      20   0   22564   6076   5324 S   0,0  0,0   0:00.00 tcpdump
 6182 root      20   0   22564   5996   5248 S   0,0  0,0   0:00.01 tcpdump
 6183 root      20   0   22564   6152   5268 S   0,0  0,0   0:00.00 tcpdump
 6184 root      20   0   22564   6112   5228 S   0,0  0,0   0:00.00 tcpdump
 5808 root      10 -10   20924   4912   4156 S   0,0  0,0   0:00.01 ovsdb-serv+
 5847 root      10 -10   26456   9856   8912 S   0,0  0,1   0:00.00 ovs-vswitc+
 5900 root      20   0   20912   4960   4176 S   0,0  0,0   0:00.01 ovsdb-serv+
 5914 root      20   0  988744 141224   8912 S   0,0  0,9   0:04.20 ovs-vswitc+
 6018 root      20   0   20912   5020   4236 S   0,0  0,0   0:00.01 ovsdb-serv+
 6039 root      20   0  985416 121976   8912 S   0,0  0,7   0:00.96 ovs-vswitc+
 6178 root      20   0   22564   6112   5364 S   0,0  0,0   0:00.00 tcpdump
 6179 root      20   0   22564   6080   5328 S   0,0  0,0   0:00.01 tcpdump
 6180 root      20   0   22564   5972   5224 S   0,0  0,0   0:00.01 tcpdump
 6181 root      20   0   22564   6076   5324 S   0,0  0,0   0:00.00 tcpdump
 6182 root      20   0   22564   5996   5248 S   0,0  0,0   0:00.01 tcpdump
 6183 root      20   0   22564   6152   5268 S   0,0  0,0   0:00.00 tcpdump
 6184 root      20   0   22564   6112   5228 S   0,0  0,0   0:00.00 tcpdump
 5914 root      20   0  988744 141224   8912 S   2,0  0,9   0:04.22 ovs-vswitc+
 6039 root      20   0  985416 121976   8912 S   1,0  0,7   0:00.97 ovs-vswitc+
 5808 root      10 -10   20924   4912   4156 S   0,0  0,0   0:00.01 ovsdb-serv+
 5847 root      10 -10   26456   9856   8912 S   0,0  0,1   0:00.00 ovs-vswitc+
 5900 root      20   0   20912   4960   4176 S   0,0  0,0   0:00.01 ovsdb-serv+
 6018 root      20   0   20912   5020   4236 S   0,0  0,0   0:00.01 ovsdb-serv+
 6178 root      20   0   22564   6112   5364 S   0,0  0,0   0:00.00 tcpdump
 6179 root      20   0   22564   6080   5328 S   0,0  0,0   0:00.01 tcpdump
 6180 root      20   0   22564   5972   5224 S   0,0  0,0   0:00.01 tcpdump
 6181 root      20   0   22564   6076   5324 S   0,0  0,0   0:00.00 tcpdump
 6182 root      20   0   22564   5996   5248 S   0,0  0,0   0:00.01 tcpdump
 6183 root      20   0   22564   6152   5268 S   0,0  0,0   0:00.00 tcpdump
 6184 root      20   0   22564   6112   5228 S   0,0  0,0   0:00.00 tcpdump
 5914 root      20   0  988744 141224   8912 S   1,0  0,9   0:04.23 ovs-vswitc+
 6039 root      20   0  985416 121976   8912 S   1,0  0,7   0:00.98 ovs-vswitc+
 5808 root      10 -10   20924   4912   4156 S   0,0  0,0   0:00.01 ovsdb-serv+
 5847 root      10 -10   26456   9856   8912 S   0,0  0,1   0:00.00 ovs-vswitc+
 5900 root      20   0   20912   4960   4176 S   0,0  0,0   0:00.01 ovsdb-serv+
 6018 root      20   0   20912   5020   4236 S   0,0  0,0   0:00.01 ovsdb-serv+
 6178 root      20   0   22564   6112   5364 S   0,0  0,0   0:00.00 tcpdump
 6179 root      20   0   22564   6080   5328 S   0,0  0,0   0:00.01 tcpdump
 6180 root      20   0   22564   5972   5224 S   0,0  0,0   0:00.01 tcpdump
 6181 root      20   0   22564   6076   5324 S   0,0  0,0   0:00.00 tcpdump
 6182 root      20   0   22564   5996   5248 S   0,0  0,0   0:00.01 tcpdump
 6183 root      20   0   22564   6152   5268 S   0,0  0,0   0:00.00 tcpdump
 6184 root      20   0   22564   6112   5228 S   0,0  0,0   0:00.00 tcpdump
 5914 root      20   0  988744 141224   8912 S   1,0  0,9   0:04.24 ovs-vswitc+
 5808 root      10 -10   20924   4912   4156 S   0,0  0,0   0:00.01 ovsdb-serv+
 5847 root      10 -10   26456   9856   8912 S   0,0  0,1   0:00.00 ovs-vswitc+
 5900 root      20   0   20912   4960   4176 S   0,0  0,0   0:00.01 ovsdb-serv+
 6018 root      20   0   20912   5020   4236 S   0,0  0,0   0:00.01 ovsdb-serv+
 6039 root      20   0  985416 121976   8912 S   0,0  0,7   0:00.98 ovs-vswitc+
 6178 root      20   0   22564   6112   5364 S   0,0  0,0   0:00.00 tcpdump
 6179 root      20   0   22564   6080   5328 S   0,0  0,0   0:00.01 tcpdump
 6180 root      20   0   22564   5972   5224 S   0,0  0,0   0:00.01 tcpdump
 6181 root      20   0   22564   6076   5324 S   0,0  0,0   0:00.00 tcpdump
 6182 root      20   0   22564   5996   5248 S   0,0  0,0   0:00.01 tcpdump
 6183 root      20   0   22564   6152   5268 S   0,0  0,0   0:00.00 tcpdump
 6184 root      20   0   22564   6112   5228 S   0,0  0,0   0:00.00 tcpdump
 6039 root      20   0  985416 121976   8912 S   2,0  0,7   0:01.00 ovs-vswitc+
 5914 root      20   0  988744 141224   8912 S   1,0  0,9   0:04.25 ovs-vswitc+
 5808 root      10 -10   20924   4912   4156 S   0,0  0,0   0:00.01 ovsdb-serv+
 5847 root      10 -10   26456   9856   8912 S   0,0  0,1   0:00.00 ovs-vswitc+
 5900 root      20   0   20912   4960   4176 S   0,0  0,0   0:00.01 ovsdb-serv+
 6018 root      20   0   20912   5020   4236 S   0,0  0,0   0:00.01 ovsdb-serv+
 6178 root      20   0   22564   6112   5364 S   0,0  0,0   0:00.00 tcpdump
 6179 root      20   0   22564   6080   5328 S   0,0  0,0   0:00.01 